10 1.000000 0.500000 0.764799 -0.006214 0.068336 0.058280 -1.776587 
20 1.000000 0.500000 0.761707 -0.006060 0.073310 0.057181 -1.556059 
30 1.000000 0.500000 0.757314 -0.005885 0.081718 0.078654 -1.321473 
40 1.000000 0.500000 0.752269 -0.006050 0.095355 0.114103 -1.090238 
50 1.000000 0.500000 0.749328 -0.006678 0.115321 0.144139 -0.851900 
60 1.000000 0.500000 0.751183 -0.007407 0.136988 0.030617 -0.881109 
70 1.000000 0.500000 0.753778 -0.008232 0.151075 -0.156591 -1.024133 
80 1.000000 0.500000 0.755870 -0.008903 0.162345 -0.379457 -1.073451 
90 1.000000 0.500000 0.757402 -0.008944 0.173168 -0.619695 -1.068434 
100 1.000000 0.500000 0.757537 -0.007678 0.183500 -0.847721 -1.051461 
110 1.000000 0.500000 0.755440 -0.004584 0.193986 -1.031531 -0.903170 
120 1.000000 0.500000 0.749585 0.001326 0.204596 -1.181326 -0.724626 
130 1.000000 0.500000 0.738754 0.011267 0.215090 -1.192763 -0.499945 
140 1.000000 0.500000 0.725168 0.025665 0.224938 -1.167100 -0.276190 
150 1.000000 0.500000 0.711709 0.043965 0.232227 -1.105892 -0.053994 
160 1.000000 0.500000 0.700914 0.062860 0.236528 -1.070516 0.184409 
170 1.000000 0.500000 0.692648 0.080885 0.239271 -1.046785 0.429255 
180 1.000000 0.500000 0.686843 0.097665 0.240474 -1.075148 0.670279 
190 1.000000 0.500000 0.682309 0.111605 0.239229 -1.094355 0.911253 
200 1.000000 0.500000 0.678069 0.121948 0.236395 -1.115042 1.118167 
210 1.000000 0.500000 0.672575 0.130955 0.231836 -0.971856 1.306277 
220 1.000000 0.500000 0.664631 0.139664 0.224651 -0.757259 1.404482 
230 1.000000 0.500000 0.654075 0.148419 0.213454 -0.533734 1.346385 
240 1.000000 0.500000 0.642277 0.157991 0.195914 -0.334161 1.223226 
250 1.000000 0.500000 0.632984 0.167556 0.170831 -0.153032 1.096950 
260 1.000000 0.500000 0.628897 0.172958 0.146869 0.069614 1.178046 
270 1.000000 0.500000 0.627364 0.174947 0.128829 0.261080 1.269546 
280 1.000000 0.500000 0.626627 0.175025 0.114944 0.490581 1.328141 
290 1.000000 0.500000 0.625591 0.173846 0.103438 0.724052 1.330419 
300 1.000000 0.500000 0.623401 0.171183 0.093001 0.934055 1.260137 
310 1.000000 0.500000 0.619453 0.166546 0.082507 1.094257 1.116188 
320 1.000000 0.500000 0.612739 0.158928 0.071850 1.187730 0.901485 
330 1.000000 0.500000 0.603460 0.147119 0.061116 1.195782 0.665164 
340 1.000000 0.500000 0.593419 0.131208 0.051939 1.175720 0.422361 
350 1.000000 0.500000 0.586467 0.111768 0.044858 1.118257 0.197695 
360 1.000000 0.500000 0.582488 0.094776 0.040122 1.230506 -0.017286 
370 1.000000 0.500000 0.577262 0.080975 0.037165 1.297120 -0.222536 
380 1.000000 0.500000 0.569620 0.066787 0.035711 1.234104 -0.450052 
390 1.000000 0.500000 0.559641 0.051462 0.037274 1.127740 -0.666285 
400 1.000000 0.500000 0.548059 0.036301 0.043452 0.999357 -0.861920 
410 1.000000 0.500000 0.533585 0.023502 0.054096 0.791894 -0.980434 
420 1.000000 0.500000 0.516476 0.013437 0.069114 0.547461 -1.000139 
430 1.000000 0.500000 0.500935 0.007112 0.087613 0.317830 -0.963630 
440 1.000000 0.500000 0.490980 0.004448 0.108660 0.119312 -0.853222 
450 1.000000 0.500000 0.489335 0.004290 0.132325 -0.043019 -0.825769 
460 1.000000 0.500000 0.491255 0.004121 0.149463 0.166818 -0.920657 
470 1.000000 0.500000 0.492888 0.002502 0.163969 0.359927 -0.904746 
480 1.000000 0.500000 0.493545 -0.001319 0.179158 0.549883 -0.780560 
490 1.000000 0.500000 0.492003 -0.008639 0.195414 0.701937 -0.611066 
500 1.000000 0.500000 0.486403 -0.021614 0.212935 0.811148 -0.389609 
510 1.000000 0.500000 0.475531 -0.043077 0.231290 0.792700 -0.143821 
520 1.000000 0.500000 0.461870 -0.074087 0.247345 0.729967 0.083874 
530 1.000000 0.500000 0.454054 -0.111691 0.257580 0.708962 0.288938 
540 1.000000 0.500000 0.449831 -0.141133 0.259971 0.771523 0.520439 
550 1.000000 0.500000 0.444538 -0.164882 0.257116 0.744500 0.747781 
560 1.000000 0.500000 0.436667 -0.186191 0.248999 0.614109 0.924934 
570 1.000000 0.500000 0.423170 -0.204787 0.235037 0.453117 1.088722 
580 1.000000 0.500000 0.403632 -0.221399 0.213741 0.230586 1.061567 
590 1.000000 0.500000 0.382595 -0.236563 0.182308 0.024900 0.983095 
600 1.000000 0.500000 0.367239 -0.245261 0.142524 -0.188229 0.924031 
610 1.000000 0.500000 0.361289 -0.244940 0.109295 -0.387850 1.017246 
620 1.000000 0.500000 0.359296 -0.240598 0.088983 -0.619615 1.049693 
630 1.000000 0.500000 0.357337 -0.233487 0.073399 -0.846600 0.977811 
640 1.000000 0.500000 0.354322 -0.222935 0.059332 -0.995170 0.812724 
650 1.000000 0.500000 0.350301 -0.208383 0.046316 -1.056050 0.594539 
660 1.000000 0.500000 0.345837 -0.189705 0.036071 -1.096031 0.370339 
670 1.000000 0.500000 0.342044 -0.169913 0.029783 -1.161074 0.156229 
680 1.000000 0.500000 0.337763 -0.150476 0.027782 -1.177813 -0.085607 
690 1.000000 0.500000 0.331689 -0.130272 0.029996 -1.089938 -0.311524 
700 1.000000 0.500000 0.322853 -0.108694 0.037589 -0.944272 -0.501466 
710 1.000000 0.500000 0.309632 -0.086021 0.052864 -0.728700 -0.598850 
720 1.000000 0.500000 0.291813 -0.063475 0.078937 -0.492025 -0.618351 
730 1.000000 0.500000 0.275028 -0.044270 0.119505 -0.266099 -0.533051 
740 1.000000 0.500000 0.270935 -0.035055 0.169984 -0.043640 -0.510334 
750 1.000000 0.500000 0.273910 -0.038385 0.208692 0.189201 -0.552165 
760 1.000000 0.500000 0.274830 -0.048601 0.237235 0.379351 -0.481896 
770 1.000000 0.500000 0.271826 -0.067668 0.265947 0.486753 -0.273657 
780 1.000000 0.500000 0.262477 -0.099329 0.294114 0.542066 -0.060581 
790 1.000000 0.500000 0.248291 -0.146300 0.317586 0.484126 0.176388 
800 1.000000 0.500000 0.239497 -0.210489 0.329636 0.388091 0.387871 
810 1.000000 0.500000 0.237812 -0.261405 0.321185 0.412310 0.627377 
820 1.000000 0.500000 0.232058 -0.296347 0.301683 0.299697 0.829017 
830 1.000000 0.500000 0.218867 -0.322598 0.273653 0.104385 0.929357 
840 1.000000 0.500000 0.199951 -0.346090 0.230487 -0.117890 0.855014 
850 1.000000 0.500000 0.185793 -0.361758 0.170077 -0.282795 0.833842 
860 1.000000 0.500000 0.184237 -0.369234 0.135952 -0.102392 0.990624 
870 1.000000 0.500000 0.184572 -0.378776 0.115480 0.118988 0.929373 
880 1.000000 0.500000 0.184533 -0.391945 0.098898 0.279243 0.763282 
890 1.000000 0.500000 0.183407 -0.409423 0.084786 0.347396 0.568937 
900 1.000000 0.500000 0.180764 -0.436665 0.070397 0.307851 0.340962 
910 1.000000 0.500000 0.176380 -0.473846 0.060538 0.252341 0.134101 
920 1.000000 0.500000 0.173674 -0.522994 0.060531 0.123565 -0.066045 
930 1.000000 0.500000 0.171967 -0.572497 0.076306 0.036648 -0.255623 
940 1.000000 0.500000 0.167895 -0.619299 0.109088 -0.187022 -0.312956 
950 1.000000 0.500000 0.158568 -0.659321 0.162296 -0.417208 -0.367322 
960 1.000000 0.500000 0.147178 -0.683633 0.234767 -0.623759 -0.302382 
970 1.000000 0.500000 0.142366 -0.679604 0.307119 -0.848321 -0.260374 
980 1.000000 0.500000 0.139469 -0.653477 0.360014 -1.048637 -0.139764 
990 1.000000 0.500000 0.132088 -0.606123 0.403223 -1.088330 0.096915 
1000 1.000000 0.500000 0.124321 -0.545213 0.427538 -1.193997 0.306651 
1010 1.000000 0.500000 0.121916 -0.505607 0.430646 -1.366594 0.462387 
1020 1.000000 0.500000 0.121625 -0.482875 0.427540 -1.411320 0.674816 
1030 1.000000 0.500000 0.120960 -0.462557 0.419551 -1.298450 0.871771 
1040 1.000000 0.500000 0.119449 -0.444180 0.406308 -1.135143 1.041449 
1050 1.000000 0.500000 0.116879 -0.427571 0.386601 -0.920370 1.122306 
1060 1.000000 0.500000 0.113795 -0.414546 0.359777 -0.680882 1.144942 
1070 1.000000 0.500000 0.111818 -0.409124 0.328921 -0.439622 1.164604 
1080 1.000000 0.500000 0.111915 -0.411895 0.302293 -0.203545 1.179891 
1090 1.000000 0.500000 0.112890 -0.420536 0.280136 0.017755 1.098334 
1100 1.000000 0.500000 0.113787 -0.434698 0.260212 0.146828 0.924130 
1110 1.000000 0.500000 0.114054 -0.457459 0.240161 0.199782 0.698818 
1120 1.000000 0.500000 0.113705 -0.490655 0.223331 0.200916 0.472408 
1130 1.000000 0.500000 0.113798 -0.535516 0.213536 0.134702 0.253301 
1140 1.000000 0.500000 0.116667 -0.589948 0.219654 0.000083 0.055017 
1150 1.000000 0.500000 0.119607 -0.650276 0.248367 -0.190374 -0.078375 
1160 1.000000 0.500000 0.117595 -0.700135 0.299956 -0.397446 -0.142869 
1170 1.000000 0.500000 0.114433 -0.738073 0.378012 -0.590915 -0.085861 
1180 1.000000 0.500000 0.118311 -0.747273 0.461947 -0.822295 -0.115983 
1190 1.000000 0.500000 0.120716 -0.728573 0.521407 -1.035833 -0.017420 
1200 1.000000 0.500000 0.117202 -0.691100 0.567768 -1.128590 0.171011 
1210 1.000000 0.500000 0.108586 -0.630814 0.606794 -1.171681 0.387850 
1220 1.000000 0.500000 0.101061 -0.561283 0.621643 -1.165705 0.604115 
1230 1.000000 0.500000 0.101835 -0.519116 0.624051 -1.382465 0.576423 
1240 1.000000 0.500000 0.104864 -0.499332 0.626584 -1.523259 0.402002 
1250 1.000000 0.500000 0.108077 -0.483848 0.632081 -1.422942 0.183839 
1260 1.000000 0.500000 0.110976 -0.469566 0.641127 -1.280668 0.002484 
1270 1.000000 0.500000 0.113266 -0.455974 0.654554 -1.060765 -0.073242 
1280 1.000000 0.500000 0.114593 -0.441697 0.676538 -0.819615 -0.071463 
1290 1.000000 0.500000 0.115030 -0.430076 0.709187 -0.599723 -0.023664 
1300 1.000000 0.500000 0.116091 -0.424929 0.756780 -0.391403 0.094467 
1310 1.000000 0.500000 0.117687 -0.436089 0.808104 -0.194246 0.203359 
1320 1.000000 0.500000 0.117545 -0.467440 0.860699 -0.072325 0.408806 
1330 1.000000 0.500000 0.114395 -0.525125 0.912337 -0.108913 0.631502 
1340 1.000000 0.500000 0.110439 -0.604145 0.945880 -0.097758 0.858230 
1350 1.000000 0.500000 0.113393 -0.687125 0.947113 -0.150769 1.068779 
1360 1.000000 0.500000 0.115360 -0.751575 0.918031 -0.283644 1.269849 
1370 1.000000 0.500000 0.110733 -0.799561 0.866434 -0.500165 1.352324 
1380 1.000000 0.500000 0.102785 -0.825937 0.796668 -0.740078 1.362758 
1390 1.000000 0.500000 0.100876 -0.827202 0.746197 -0.875916 1.543644 
1400 1.000000 0.500000 0.102970 -0.825846 0.723065 -0.845102 1.739373 
1410 1.000000 0.500000 0.105953 -0.827590 0.706772 -0.603899 1.741329 
1420 1.000000 0.500000 0.109036 -0.832766 0.691747 -0.421741 1.622258 
1430 1.000000 0.500000 0.111847 -0.841719 0.676775 -0.227995 1.487937 
1440 1.000000 0.500000 0.113990 -0.855200 0.662839 -0.132327 1.274329 
1450 1.000000 0.500000 0.115180 -0.876622 0.648618 -0.128378 1.041751 
1460 1.000000 0.500000 0.115617 -0.909198 0.635668 -0.172216 0.843598 
1470 1.000000 0.500000 0.115915 -0.948678 0.628900 -0.220320 0.642322 
1480 1.000000 0.500000 0.118561 -0.999293 0.634305 -0.390704 0.478667 
1490 1.000000 0.500000 0.120041 -1.054769 0.659737 -0.569391 0.329698 
1500 1.000000 0.500000 0.119089 -1.111417 0.710238 -0.777081 0.270811 
1510 1.000000 0.500000 0.113371 -1.150072 0.784675 -1.006869 0.307516 
1520 1.000000 0.500000 0.112958 -1.159098 0.873475 -1.236250 0.360611 
1530 1.000000 0.500000 0.114951 -1.134131 0.943595 -1.452095 0.425397 
1540 1.000000 0.500000 0.111599 -1.091950 0.990717 -1.561443 0.629278 
1550 1.000000 0.500000 0.103875 -1.025871 1.025478 -1.542147 0.862693 
1560 1.000000 0.500000 0.101346 -0.966706 1.036685 -1.717765 0.949640 
1570 1.000000 0.500000 0.103822 -0.940926 1.040705 -1.898612 0.822964 
1580 1.000000 0.500000 0.107089 -0.923639 1.047120 -1.831536 0.590205 
1590 1.000000 0.500000 0.110239 -0.908031 1.057423 -1.666226 0.430644 
1600 1.000000 0.500000 0.112900 -0.892655 1.073563 -1.444892 0.354581 
1610 1.000000 0.500000 0.114753 -0.879193 1.096882 -1.209261 0.300520 
1620 1.000000 0.500000 0.115910 -0.870493 1.127077 -0.996925 0.344974 
1630 1.000000 0.500000 0.117093 -0.869157 1.169065 -0.788964 0.473369 
1640 1.000000 0.500000 0.118601 -0.882191 1.219349 -0.615806 0.624769 
1650 1.000000 0.500000 0.117696 -0.913688 1.267878 -0.530924 0.815272 
1660 1.000000 0.500000 0.113869 -0.972014 1.317961 -0.541512 1.045071 
1670 1.000000 0.500000 0.109577 -1.053051 1.349131 -0.565297 1.272886 
1680 1.000000 0.500000 0.112664 -1.135944 1.345108 -0.607014 1.504967 
1690 1.000000 0.500000 0.113907 -1.196031 1.314660 -0.725031 1.667491 
1700 1.000000 0.500000 0.110029 -1.242347 1.264912 -0.937664 1.747140 
1710 1.000000 0.500000 0.103228 -1.267696 1.199628 -1.169546 1.772924 
1720 1.000000 0.500000 0.101699 -1.270371 1.151739 -1.291904 1.972093 
1730 1.000000 0.500000 0.103908 -1.270743 1.129241 -1.187702 2.126907 
1740 1.000000 0.500000 0.106935 -1.274487 1.111834 -0.950914 2.103293 
1750 1.000000 0.500000 0.110014 -1.281664 1.096584 -0.747201 1.975970 
1760 1.000000 0.500000 0.112712 -1.293023 1.082196 -0.623971 1.779585 
1770 1.000000 0.500000 0.114725 -1.312081 1.066537 -0.600781 1.536435 
1780 1.000000 0.500000 0.115940 -1.341467 1.051749 -0.598592 1.322488 
1790 1.000000 0.500000 0.116739 -1.379361 1.041883 -0.628893 1.118138 
1800 1.000000 0.500000 0.118664 -1.423682 1.043068 -0.754360 0.918925 
1810 1.000000 0.500000 0.121011 -1.477589 1.060459 -0.942858 0.802915 
1820 1.000000 0.500000 0.121089 -1.535589 1.102248 -1.159682 0.686693 
1830 1.000000 0.500000 0.115432 -1.582160 1.171948 -1.392673 0.710579 
1840 1.000000 0.500000 0.111067 -1.600077 1.263004 -1.621081 0.770519 
1850 1.000000 0.500000 0.114180 -1.585021 1.338241 -1.823406 0.802469 
1860 1.000000 0.500000 0.113384 -1.550460 1.389968 -1.974772 0.950285 
1870 1.000000 0.500000 0.107414 -1.497958 1.427505 -2.029040 1.179442 
1880 1.000000 0.500000 0.100944 -1.432152 1.444602 -2.072091 1.393441 
1890 1.000000 0.500000 0.101514 -1.395737 1.447417 -2.289757 1.357981 
1900 1.000000 0.500000 0.104393 -1.374641 1.452364 -2.315884 1.121683 
1910 1.000000 0.500000 0.107564 -1.357398 1.461202 -2.158580 0.938458 
1920 1.000000 0.500000 0.110413 -1.340944 1.475465 -1.970243 0.784685 
1930 1.000000 0.500000 0.112581 -1.325392 1.497321 -1.730821 0.755138 
1940 1.000000 0.500000 0.114124 -1.312812 1.529089 -1.505835 0.799084 
1950 1.000000 0.500000 0.115985 -1.307567 1.573979 -1.291200 0.899374 
1960 1.000000 0.500000 0.119224 -1.316600 1.628485 -1.101614 1.002923 
1970 1.000000 0.500000 0.120511 -1.342319 1.678456 -0.979388 1.178690 
1980 1.000000 0.500000 0.117630 -1.391590 1.728107 -0.954156 1.410636 
1990 1.000000 0.500000 0.110374 -1.463580 1.762294 -0.974678 1.625029 
2000 1.000000 0.500000 0.109110 -1.552014 1.769430 -1.035881 1.847273 
2010 1.000000 0.500000 0.112123 -1.621679 1.744368 -1.121316 2.063848 
2020 1.000000 0.500000 0.110216 -1.667436 1.704288 -1.283079 2.185981 
2030 1.000000 0.500000 0.104249 -1.699065 1.646298 -1.514031 2.187925 
2040 1.000000 0.500000 0.100944 -1.708585 1.591357 -1.705168 2.320057 
2050 1.000000 0.500000 0.101959 -1.707317 1.561616 -1.791034 2.523738 
2060 1.000000 0.500000 0.104603 -1.707937 1.543792 -1.565237 2.578197 
2070 1.000000 0.500000 0.107625 -1.712147 1.528111 -1.334496 2.515668 
2080 1.000000 0.500000 0.110545 -1.720021 1.513168 -1.160137 2.356701 
2090 1.000000 0.500000 0.113066 -1.732424 1.497940 -1.075355 2.168226 
2100 1.000000 0.500000 0.114845 -1.751252 1.483007 -1.013219 1.951804 
2110 1.000000 0.500000 0.115643 -1.779533 1.469820 -1.024155 1.712142 
2120 1.000000 0.500000 0.115692 -1.820310 1.461838 -1.128367 1.487187 
2130 1.000000 0.500000 0.118252 -1.874915 1.467112 -1.262562 1.292742 
2140 1.000000 0.500000 0.119558 -1.930955 1.493484 -1.443646 1.147972 
2150 1.000000 0.500000 0.116281 -1.979761 1.541762 -1.649231 1.067750 
2160 1.000000 0.500000 0.109701 -2.015776 1.615338 -1.876444 1.149024 
2170 1.000000 0.500000 0.110594 -2.024260 1.705720 -2.105356 1.180051 
2180 1.000000 0.500000 0.113745 -2.003554 1.768947 -2.302642 1.236045 
2190 1.000000 0.500000 0.112340 -1.962706 1.819375 -2.423354 1.438673 
2200 1.000000 0.500000 0.106394 -1.899051 1.857634 -2.397629 1.665465 
2210 1.000000 0.500000 0.102927 -1.836201 1.870420 -2.519431 1.862948 
2220 1.000000 0.500000 0.104046 -1.803741 1.869468 -2.739664 1.953396 
2230 1.000000 0.500000 0.106051 -1.785309 1.866101 -2.751635 2.164899 
2240 1.000000 0.500000 0.107237 -1.767907 1.858277 -2.606816 2.356777 
2250 1.000000 0.500000 0.107510 -1.751438 1.845771 -2.452125 2.482956 
2260 1.000000 0.500000 0.106723 -1.735576 1.827225 -2.230933 2.570615 
2270 1.000000 0.500000 0.105260 -1.723409 1.801877 -1.992519 2.618542 
2280 1.000000 0.500000 0.104689 -1.718570 1.774633 -1.761632 2.675787 
2290 1.000000 0.500000 0.105531 -1.720454 1.750381 -1.538843 2.669396 
2300 1.000000 0.500000 0.106935 -1.728372 1.727504 -1.333537 2.536057 
2310 1.000000 0.500000 0.108291 -1.743638 1.703815 -1.200991 2.358283 
2320 1.000000 0.500000 0.109040 -1.767482 1.682385 -1.118254 2.131534 
2330 1.000000 0.500000 0.109296 -1.801202 1.664944 -1.116330 1.916488 
2340 1.000000 0.500000 0.110290 -1.849697 1.653643 -1.210480 1.706372 
2350 1.000000 0.500000 0.114215 -1.903108 1.658136 -1.289571 1.494802 
2360 1.000000 0.500000 0.116903 -1.955433 1.681629 -1.433436 1.332856 
2370 1.000000 0.500000 0.115544 -2.004149 1.727573 -1.671340 1.291184 
2380 1.000000 0.500000 0.110540 -2.041146 1.799633 -1.896887 1.323744 
2390 1.000000 0.500000 0.110734 -2.048383 1.888470 -2.139430 1.372979 
2400 1.000000 0.500000 0.112466 -2.020844 1.956889 -2.357685 1.481476 
2410 1.000000 0.500000 0.108119 -1.968568 2.007657 -2.426761 1.705610 
2420 1.000000 0.500000 0.101340 -1.895708 2.037815 -2.441211 1.936976 
2430 1.000000 0.500000 0.100868 -1.844682 2.041973 -2.651826 2.029206 
2440 1.000000 0.500000 0.103708 -1.822137 2.043154 -2.828070 1.934785 
2450 1.000000 0.500000 0.106997 -1.806726 2.046589 -2.814432 1.706885 
2460 1.000000 0.500000 0.110190 -1.791579 2.053717 -2.667989 1.532509 
2470 1.000000 0.500000 0.112914 -1.778060 2.064099 -2.510844 1.370411 
2480 1.000000 0.500000 0.114979 -1.763555 2.080344 -2.300012 1.355788 
2490 1.000000 0.500000 0.116112 -1.749124 2.105329 -2.070592 1.365765 
2500 1.000000 0.500000 0.116397 -1.738921 2.141439 -1.833538 1.402975 
2510 1.000000 0.500000 0.116851 -1.739576 2.188612 -1.624003 1.530875 
2520 1.000000 0.500000 0.118327 -1.757213 2.244967 -1.477285 1.706751 
2530 1.000000 0.500000 0.117644 -1.799606 2.302616 -1.412337 1.925692 
2540 1.000000 0.500000 0.112289 -1.869426 2.348160 -1.400699 2.167947 
2550 1.000000 0.500000 0.110919 -1.960561 2.367714 -1.456038 2.390469 
2560 1.000000 0.500000 0.114820 -2.034821 2.349544 -1.536837 2.593042 
2570 1.000000 0.500000 0.113545 -2.087771 2.310315 -1.693784 2.755656 
2580 1.000000 0.500000 0.106596 -2.127364 2.247638 -1.922912 2.762926 
2590 1.000000 0.500000 0.101589 -2.139965 2.182672 -2.113929 2.860812 
2600 1.000000 0.500000 0.102779 -2.140213 2.150167 -2.154672 3.099970 
2610 1.000000 0.500000 0.105546 -2.141172 2.131919 -1.988717 3.149831 
2620 1.000000 0.500000 0.108694 -2.145303 2.116870 -1.754209 3.116532 
2630 1.000000 0.500000 0.111688 -2.152663 2.103155 -1.574249 2.967601 
2640 1.000000 0.500000 0.114194 -2.164685 2.088885 -1.471154 2.757210 
2650 1.000000 0.500000 0.115901 -2.183755 2.074206 -1.429584 2.529988 
2660 1.000000 0.500000 0.116826 -2.211623 2.060479 -1.456735 2.323869 
2670 1.000000 0.500000 0.117064 -2.252044 2.050856 -1.558978 2.114377 
2680 1.000000 0.500000 0.119067 -2.302105 2.053558 -1.661065 1.898841 
2690 1.000000 0.500000 0.120138 -2.353417 2.073933 -1.811699 1.741568 
2700 1.000000 0.500000 0.118353 -2.405326 2.115878 -2.028627 1.666771 
2710 1.000000 0.500000 0.111932 -2.447281 2.184336 -2.248914 1.743328 
2720 1.000000 0.500000 0.110795 -2.466953 2.276483 -2.484698 1.773623 
2730 1.000000 0.500000 0.114095 -2.449881 2.349123 -2.715334 1.816310 
2740 1.000000 0.500000 0.112551 -2.410305 2.402170 -2.849332 2.002999 
2750 1.000000 0.500000 0.106685 -2.354195 2.439378 -2.865040 2.202350 
2760 1.000000 0.500000 0.102233 -2.294213 2.455955 -2.977785 2.375929 
2770 1.000000 0.500000 0.102859 -2.261206 2.458138 -3.187171 2.459384 
2780 1.000000 0.500000 0.104682 -2.240947 2.456366 -3.232345 2.625739 
2790 1.000000 0.500000 0.106209 -2.222971 2.451032 -3.155236 2.852194 
2800 1.000000 0.500000 0.106971 -2.205903 2.441146 -2.980684 3.013502 
2810 1.000000 0.500000 0.106760 -2.189864 2.425626 -2.782469 3.152688 
2820 1.000000 0.500000 0.105812 -2.176712 2.404278 -2.548802 3.209896 
2830 1.000000 0.500000 0.104829 -2.168434 2.376577 -2.306995 3.218514 
2840 1.000000 0.500000 0.105293 -2.167531 2.350027 -2.088348 3.227074 
2850 1.000000 0.500000 0.106679 -2.173566 2.324161 -1.858124 3.168765 
2860 1.000000 0.500000 0.108260 -2.185210 2.302545 -1.669110 3.030995 
2870 1.000000 0.500000 0.109234 -2.204117 2.282157 -1.562518 2.834597 
2880 1.000000 0.500000 0.109377 -2.234906 2.261627 -1.581083 2.591825 
2890 1.000000 0.500000 0.109643 -2.281058 2.245739 -1.625742 2.372221 
2900 1.000000 0.500000 0.112817 -2.336944 2.243215 -1.724037 2.160379 
2910 1.000000 0.500000 0.116842 -2.393007 2.260850 -1.835894 1.967989 
2920 1.000000 0.500000 0.117001 -2.444160 2.299667 -2.053464 1.885098 
2930 1.000000 0.500000 0.112621 -2.487247 2.363567 -2.277413 1.889001 
2940 1.000000 0.500000 0.110541 -2.508878 2.450374 -2.498220 1.964204 
2950 1.000000 0.500000 0.114319 -2.494800 2.527854 -2.724476 1.991940 
2960 1.000000 0.500000 0.114521 -2.456499 2.587132 -2.850798 2.175793 
2970 1.000000 0.500000 0.108071 -2.400803 2.626345 -2.937057 2.383020 
2980 1.000000 0.500000 0.101167 -2.334527 2.643817 -2.967276 2.597904 
2990 1.000000 0.500000 0.101117 -2.296161 2.644350 -3.183399 2.695929 
3000 1.000000 0.500000 0.103541 -2.276615 2.644148 -3.301038 2.581451 
3010 1.000000 0.500000 0.106537 -2.261133 2.646793 -3.285032 2.384613 
3020 1.000000 0.500000 0.109543 -2.246426 2.652580 -3.180647 2.164426 
3030 1.000000 0.500000 0.112221 -2.232450 2.662180 -3.003096 1.998368 
3040 1.000000 0.500000 0.114211 -2.218848 2.676794 -2.785168 1.926396 
3050 1.000000 0.500000 0.115261 -2.205503 2.699443 -2.552288 1.921933 
3060 1.000000 0.500000 0.115464 -2.195565 2.732145 -2.315276 1.967994 
3070 1.000000 0.500000 0.116179 -2.193305 2.778473 -2.125642 2.111789 
3080 1.000000 0.500000 0.117976 -2.205799 2.829748 -1.981487 2.254083 
3090 1.000000 0.500000 0.118729 -2.239889 2.886053 -1.849897 2.454640 
3100 1.000000 0.500000 0.114505 -2.300720 2.934400 -1.853040 2.692095 
3110 1.000000 0.500000 0.109608 -2.384646 2.960769 -1.902684 2.916839 
3120 1.000000 0.500000 0.113335 -2.465653 2.952284 -1.939877 3.133069 
3130 1.000000 0.500000 0.114380 -2.523833 2.919749 -2.063427 3.313400 
3140 1.000000 0.500000 0.109441 -2.568517 2.865319 -2.304331 3.353179 
3150 1.000000 0.500000 0.102555 -2.589529 2.797139 -2.526306 3.385598 
3160 1.000000 0.500000 0.101957 -2.590308 2.752615 -2.646393 3.594458 
3170 1.000000 0.500000 0.104336 -2.589689 2.731752 -2.538002 3.749432 
3180 1.000000 0.500000 0.107387 -2.592430 2.715890 -2.300924 3.740674 
3190 1.000000 0.500000 0.110477 -2.598667 2.700771 -2.116469 3.601159 
3200 1.000000 0.500000 0.113192 -2.608765 2.686379 -1.958635 3.436365 
3210 1.000000 0.500000 0.115148 -2.624276 2.672415 -1.888053 3.211872 
3220 1.000000 0.500000 0.116083 -2.649519 2.658169 -1.890203 2.968591 
3230 1.000000 0.500000 0.116133 -2.685778 2.647360 -1.949301 2.752394 
3240 1.000000 0.500000 0.116795 -2.729411 2.646792 -2.049614 2.544756 
3250 1.000000 0.500000 0.118048 -2.780520 2.662111 -2.208700 2.404261 
3260 1.000000 0.500000 0.117695 -2.834645 2.698181 -2.416831 2.283479 
3270 1.000000 0.500000 0.112415 -2.880732 2.761997 -2.664336 2.302974 
3280 1.000000 0.500000 0.108315 -2.901972 2.848960 -2.893464 2.346448 
3290 1.000000 0.500000 0.111633 -2.886294 2.929508 -3.103454 2.432698 
3300 1.000000 0.500000 0.111710 -2.845607 2.987700 -3.271699 2.590096 
3310 1.000000 0.500000 0.106932 -2.794766 3.021710 -3.352861 2.775045 
3320 1.000000 0.500000 0.102071 -2.735514 3.036732 -3.425475 2.979666 
3330 1.000000 0.500000 0.102149 -2.700710 3.036157 -3.580984 3.144945 
3340 1.000000 0.500000 0.103515 -2.679203 3.030976 -3.608598 3.380554 
3350 1.000000 0.500000 0.104479 -2.660920 3.021351 -3.457382 3.571500 
3360 1.000000 0.500000 0.104646 -2.644482 3.006463 -3.254752 3.707727 
3370 1.000000 0.500000 0.104219 -2.631119 2.986175 -3.038175 3.769139 
3380 1.000000 0.500000 0.104008 -2.622474 2.962282 -2.823615 3.849793 
3390 1.000000 0.500000 0.104772 -2.620389 2.938448 -2.591655 3.883701 
3400 1.000000 0.500000 0.106216 -2.624213 2.915264 -2.376471 3.791103 
3410 1.000000 0.500000 0.107831 -2.634140 2.892616 -2.192423 3.650610 
3420 1.000000 0.500000 0.109117 -2.649856 2.872069 -2.048457 3.502120 
3430 1.000000 0.500000 0.109556 -2.675973 2.850594 -2.027541 3.260553 
3440 1.000000 0.500000 0.109834 -2.716983 2.830351 -2.091616 3.045966 
3450 1.000000 0.500000 0.111873 -2.772501 2.820329 -2.139433 2.817120 
3460 1.000000 0.500000 0.115864 -2.826942 2.830185 -2.238268 2.618769 
3470 1.000000 0.500000 0.117865 -2.881490 2.860517 -2.418336 2.477560 
3480 1.000000 0.500000 0.114399 -2.926527 2.912216 -2.642935 2.435331 
3490 1.000000 0.500000 0.108696 -2.957226 2.990865 -2.868290 2.503665 
3500 1.000000 0.500000 0.111185 -2.956354 3.077081 -3.101204 2.538664 
3510 1.000000 0.500000 0.112790 -2.928975 3.135739 -3.265705 2.639472 
3520 1.000000 0.500000 0.109734 -2.885726 3.179415 -3.401786 2.827046 
3530 1.000000 0.500000 0.103000 -2.827181 3.206592 -3.391369 3.059218 
3540 1.000000 0.500000 0.100040 -2.775066 3.212718 -3.558291 3.197152 
3550 1.000000 0.500000 0.102019 -2.750829 3.214276 -3.753995 3.085096 
3560 1.000000 0.500000 0.105009 -2.733960 3.218622 -3.686518 2.869344 
3570 1.000000 0.500000 0.108039 -2.718334 3.226767 -3.566646 2.655561 
3580 1.000000 0.500000 0.110674 -2.703832 3.239388 -3.351646 2.550428 
3590 1.000000 0.500000 0.112620 -2.690047 3.258206 -3.135142 2.476548 
3600 1.000000 0.500000 0.113822 -2.679295 3.283232 -2.919688 2.469107 
3610 1.000000 0.500000 0.114575 -2.673608 3.317312 -2.700769 2.556581 
3620 1.000000 0.500000 0.115599 -2.678396 3.361868 -2.503996 2.702005 
3630 1.000000 0.500000 0.116344 -2.700096 3.412207 -2.362510 2.883879 
3640 1.000000 0.500000 0.115841 -2.743608 3.466264 -2.313384 3.099204 
3650 1.000000 0.500000 0.110967 -2.813141 3.507002 -2.340877 3.338160 
3660 1.000000 0.500000 0.111720 -2.904507 3.522566 -2.407303 3.559190 
3670 1.000000 0.500000 0.116981 -2.980053 3.501258 -2.482518 3.771364 
3680 1.000000 0.500000 0.116028 -3.033903 3.459469 -2.640957 3.912878 
3690 1.000000 0.500000 0.108801 -3.069503 3.399787 -2.875304 3.930176 
3700 1.000000 0.500000 0.102096 -3.080426 3.331646 -3.107337 3.972370 
3710 1.000000 0.500000 0.102064 -3.076337 3.293865 -3.230472 4.168171 
3720 1.000000 0.500000 0.103826 -3.070871 3.273879 -3.436687 4.195027 
3730 1.000000 0.500000 0.105046 -3.061558 3.256942 -3.627993 4.055938 
3740 1.000000 0.500000 0.105330 -3.047182 3.241077 -3.751447 3.864383 
3750 1.000000 0.500000 0.104792 -3.027247 3.227830 -3.832070 3.633630 
3760 1.000000 0.500000 0.104040 -3.001661 3.218706 -3.851619 3.408864 
3770 1.000000 0.500000 0.104321 -2.975375 3.216590 -3.876326 3.173204 
3780 1.000000 0.500000 0.105644 -2.952403 3.220860 -3.825441 2.949027 
3790 1.000000 0.500000 0.107105 -2.928647 3.231822 -3.676998 2.770544 
3800 1.000000 0.500000 0.108173 -2.905129 3.251000 -3.467047 2.673227 
3810 1.000000 0.500000 0.108545 -2.882592 3.281749 -3.234877 2.629551 
3820 1.000000 0.500000 0.108908 -2.867281 3.325010 -2.994257 2.651119 
3830 1.000000 0.500000 0.111138 -2.866235 3.378712 -2.769827 2.748446 
3840 1.000000 0.500000 0.114444 -2.884563 3.434848 -2.571732 2.874770 
3850 1.000000 0.500000 0.113934 -2.920572 3.480142 -2.468111 3.070710 
3860 1.000000 0.500000 0.111453 -2.983561 3.526127 -2.538587 3.297894 
3870 1.000000 0.500000 0.111230 -3.070944 3.550590 -2.576249 3.540117 
3880 1.000000 0.500000 0.115451 -3.147305 3.535826 -2.638248 3.770025 
3890 1.000000 0.500000 0.113583 -3.204067 3.494450 -2.821717 3.916060 
3900 1.000000 0.500000 0.105510 -3.244932 3.429096 -3.046473 3.933220 
3910 1.000000 0.500000 0.100723 -3.260348 3.364978 -3.178349 4.056680 
3920 1.000000 0.500000 0.102306 -3.263785 3.334422 -3.133002 4.280290 
3930 1.000000 0.500000 0.105398 -3.268796 3.316106 -2.901911 4.247719 
3940 1.000000 0.500000 0.108639 -3.277605 3.299969 -2.705440 4.124545 
3950 1.000000 0.500000 0.111552 -3.291355 3.284109 -2.602325 3.920404 
3960 1.000000 0.500000 0.113769 -3.311166 3.269846 -2.565649 3.699847 
3970 1.000000 0.500000 0.115250 -3.342130 3.256871 -2.607027 3.460309 
3980 1.000000 0.500000 0.116195 -3.383435 3.250967 -2.675960 3.231581 
3990 1.000000 0.500000 0.118285 -3.434221 3.260405 -2.839293 3.053382 
4000 1.000000 0.500000 0.118670 -3.488478 3.290069 -3.031791 2.932616 
4010 1.000000 0.500000 0.115448 -3.539617 3.343601 -3.244278 2.912750 
4020 1.000000 0.500000 0.109789 -3.574561 3.423035 -3.471028 2.947726 
4030 1.000000 0.500000 0.111834 -3.575877 3.513027 -3.703923 2.980585 
4040 1.000000 0.500000 0.113650 -3.548661 3.574293 -3.903587 3.088501 
4050 1.000000 0.500000 0.109495 -3.498701 3.621822 -3.988456 3.314616 
4060 1.000000 0.500000 0.102303 -3.430922 3.648555 -4.000367 3.548337 
4070 1.000000 0.500000 0.101814 -3.387034 3.655251 -4.229036 3.569994 
4080 1.000000 0.500000 0.104427 -3.365351 3.659203 -4.311851 3.396261 
4090 1.000000 0.500000 0.107591 -3.348966 3.665924 -4.271841 3.174705 
4100 1.000000 0.500000 0.110629 -3.333796 3.676590 -4.065126 3.038013 
4110 1.000000 0.500000 0.113212 -3.319105 3.692858 -3.875935 2.941063 
4120 1.000000 0.500000 0.115094 -3.307390 3.713784 -3.645915 2.903839 
4130 1.000000 0.500000 0.116373 -3.298605 3.743692 -3.436738 2.977653 
4140 1.000000 0.500000 0.117752 -3.296854 3.784158 -3.232896 3.061628 
4150 1.000000 0.500000 0.119492 -3.308158 3.832700 -3.053952 3.216173 
4160 1.000000 0.500000 0.119232 -3.338532 3.883046 -2.933914 3.419776 
4170 1.000000 0.500000 0.114060 -3.391123 3.926339 -2.913989 3.645872 
4180 1.000000 0.500000 0.109054 -3.470884 3.959772 -3.001113 3.842668 
4190 1.000000 0.500000 0.113525 -3.558516 3.963704 -3.039496 4.069075 
4200 1.000000 0.500000 0.117149 -3.621108 3.938987 -3.118930 4.261195 
4210 1.000000 0.500000 0.114599 -3.671061 3.892845 -3.326036 4.376043 
4220 1.000000 0.500000 0.107411 -3.703190 3.829485 -3.539146 4.373475 
4230 1.000000 0.500000 0.102841 -3.710107 3.766991 -3.748448 4.462097 
4240 1.000000 0.500000 0.103027 -3.704200 3.731644 -3.949092 4.570598 
4250 1.000000 0.500000 0.104094 -3.695133 3.710431 -4.188828 4.550530 
4260 1.000000 0.500000 0.104500 -3.681615 3.692898 -4.340770 4.360521 
4270 1.000000 0.500000 0.103920 -3.661940 3.677776 -4.433859 4.132705 
4280 1.000000 0.500000 0.103177 -3.637520 3.667745 -4.502013 3.903366 
4290 1.000000 0.500000 0.103409 -3.612472 3.664212 -4.514137 3.688308 
4300 1.000000 0.500000 0.104644 -3.588759 3.666832 -4.492405 3.454947 
4310 1.000000 0.500000 0.106340 -3.567662 3.675037 -4.391265 3.231530 
4320 1.000000 0.500000 0.107749 -3.546956 3.690094 -4.181831 3.102529 
4330 1.000000 0.500000 0.108518 -3.525977 3.714824 -3.958064 3.071665 
4340 1.000000 0.500000 0.108941 -3.508344 3.751264 -3.733470 3.083645 
4350 1.000000 0.500000 0.110656 -3.499935 3.801116 -3.504628 3.143966 
4360 1.000000 0.500000 0.114107 -3.509123 3.855915 -3.309306 3.262632 
4370 1.000000 0.500000 0.117222 -3.539467 3.914117 -3.173324 3.453710 
4380 1.000000 0.500000 0.114237 -3.593176 3.960527 -3.118723 3.689079 
4390 1.000000 0.500000 0.109076 -3.672639 3.990496 -3.191898 3.902934 
4400 1.000000 0.500000 0.112278 -3.759319 3.987265 -3.259078 4.139971 
4410 1.000000 0.500000 0.113748 -3.823927 3.953033 -3.381905 4.335698 
4420 1.000000 0.500000 0.108235 -3.869070 3.897136 -3.612104 4.394206 
4430 1.000000 0.500000 0.100957 -3.889252 3.829569 -3.817695 4.453182 
4440 1.000000 0.500000 0.100514 -3.890332 3.789732 -3.936098 4.666457 
4450 1.000000 0.500000 0.102867 -3.890394 3.769567 -3.791376 4.786883 
4460 1.000000 0.500000 0.105901 -3.894226 3.752786 -3.566604 4.730145 
4470 1.000000 0.500000 0.108951 -3.901291 3.737534 -3.371858 4.627610 
4480 1.000000 0.500000 0.111611 -3.912359 3.723275 -3.237096 4.430822 
4490 1.000000 0.500000 0.113571 -3.930295 3.708360 -3.201677 4.201418 
4500 1.000000 0.500000 0.114724 -3.959452 3.693297 -3.240369 3.958932 
4510 1.000000 0.500000 0.115299 -3.999884 3.683367 -3.312135 3.756846 
4520 1.000000 0.500000 0.117657 -4.049015 3.685850 -3.419178 3.550055 
4530 1.000000 0.500000 0.119258 -4.102713 3.706874 -3.566158 3.385772 
4540 1.000000 0.500000 0.117506 -4.154864 3.749955 -3.792851 3.323042 
4550 1.000000 0.500000 0.110966 -4.195958 3.819847 -4.031742 3.322303 
4560 1.000000 0.500000 0.108770 -4.209698 3.909380 -4.248285 3.410194 
4570 1.000000 0.500000 0.112617 -4.186080 3.987828 -4.467700 3.509116 
4580 1.000000 0.500000 0.110452 -4.139659 4.039879 -4.622487 3.691936 
4590 1.000000 0.500000 0.103448 -4.074828 4.070392 -4.620580 3.935698 
4600 1.000000 0.500000 0.101232 -4.023308 4.077167 -4.817219 4.035638 
4610 1.000000 0.500000 0.103302 -3.999803 4.078522 -5.000520 3.960166 
4620 1.000000 0.500000 0.106304 -3.982684 4.082930 -4.945886 3.719898 
4630 1.000000 0.500000 0.109382 -3.967394 4.091048 -4.809381 3.517220 
4640 1.000000 0.500000 0.112066 -3.953294 4.103379 -4.623687 3.365865 
4650 1.000000 0.500000 0.114113 -3.940557 4.120499 -4.404350 3.352396 
4660 1.000000 0.500000 0.115308 -3.928763 4.147175 -4.163868 3.366708 
4670 1.000000 0.500000 0.116304 -3.921827 4.184084 -3.975814 3.463676 
4680 1.000000 0.500000 0.117924 -3.925299 4.230088 -3.776952 3.570537 
4690 1.000000 0.500000 0.119554 -3.945742 4.283091 -3.649596 3.761740 
4700 1.000000 0.500000 0.117609 -3.985271 4.330821 -3.545905 3.941229 
4710 1.000000 0.500000 0.111694 -4.050111 4.371951 -3.575047 4.177707 
4720 1.000000 0.500000 0.110991 -4.142888 4.395073 -3.659655 4.394506 
