4920 0 -4.337532 4.131481 -2.864310 -3.812003 4.249547
4920 1 -4.430759 4.228720 -3.137915 -3.812003 4.249547
4920 2 -4.357926 4.244632 3.115003 -3.812003 4.249547
4920 3 -4.144139 4.367508 2.803063 -3.812003 4.249547
4920 4 -4.319868 4.087150 -2.764046 -3.812003 4.249547
4920 5 -4.247546 4.355022 2.851192 -3.812003 4.249547
4920 6 -4.333643 4.320598 2.958671 -3.812003 4.249547
4920 7 -4.222884 4.258142 3.125758 -3.812003 4.249547
4920 8 -4.231876 4.289168 3.047858 -3.812003 4.249547
4920 9 -4.201849 4.275063 3.102227 -3.812003 4.249547
4920 10 -4.213084 4.213674 -3.020589 -3.812003 4.249547
4920 11 -4.284039 4.190658 -2.921058 -3.812003 4.249547
4920 12 -4.320267 4.182790 -2.967592 -3.812003 4.249547
4920 13 -4.213607 4.385000 2.771767 -3.812003 4.249547
4920 14 -4.282138 4.225703 -3.073414 -3.812003 4.249547
4920 15 -4.415239 4.266777 3.021528 -3.812003 4.249547
4920 16 -4.397620 4.167836 -2.957317 -3.812003 4.249547
4920 17 -4.312195 4.209736 -3.049464 -3.812003 4.249547
4920 18 -4.244780 4.330768 2.949962 -3.812003 4.249547
4920 19 -4.353089 4.298015 3.002498 -3.812003 4.249547
4920 20 -4.316415 4.311757 2.961222 -3.812003 4.249547
4920 21 -4.253967 4.184331 -2.919577 -3.812003 4.249547
4920 22 -4.330101 4.200235 -3.022579 -3.812003 4.249547
4920 23 -4.289267 4.316324 2.995770 -3.812003 4.249547
4920 24 -4.200895 4.367102 2.854479 -3.812003 4.249547
4920 25 -4.291109 4.158236 -2.879507 -3.812003 4.249547
4920 26 -4.291293 4.288749 3.010247 -3.812003 4.249547
4920 27 -4.296168 4.239262 -3.138952 -3.812003 4.249547
4920 28 -4.343496 4.229856 -3.103932 -3.812003 4.249547
4920 29 -4.315453 4.228830 -3.102878 -3.812003 4.249547
4920 30 -4.362295 4.322794 2.953409 -3.812003 4.249547
4920 31 -4.243285 4.268170 3.091502 -3.812003 4.249547
4920 32 -4.377000 4.251744 3.078013 -3.812003 4.249547
4920 33 -4.442727 4.153776 -2.973857 -3.812003 4.249547
4920 34 -4.269195 4.380787 2.814477 -3.812003 4.249547
4920 35 -4.388817 4.081851 -2.804245 -3.812003 4.249547
4920 36 -4.341103 4.166261 -2.927099 -3.812003 4.249547
4920 37 -4.316395 4.269334 3.048579 -3.812003 4.249547
4920 38 -4.355969 4.078297 -2.771580 -3.812003 4.249547
4920 39 -4.273619 4.253054 3.131270 -3.812003 4.249547
4920 40 -4.369300 4.149759 -2.921300 -3.812003 4.249547
4920 41 -4.169083 4.324450 2.926169 -3.812003 4.249547
4920 42 -4.283698 4.117601 -2.822298 -3.812003 4.249547
4920 43 -4.268146 4.201436 -3.037021 -3.812003 4.249547
4920 44 -4.407306 4.215191 -3.093633 -3.812003 4.249547
4920 45 -4.414089 4.185641 -3.016547 -3.812003 4.249547
4920 46 -4.354929 4.270925 3.039483 -3.812003 4.249547
4920 47 -4.260333 4.273966 3.056091 -3.812003 4.249547
4920 48 -4.377677 4.278146 3.029549 -3.812003 4.249547
4920 49 -4.364933 4.217333 -3.079934 -3.812003 4.249547
4920 50 -4.269528 4.351532 2.907766 -3.812003 4.249547
4920 51 -4.223610 4.343945 2.887476 -3.812003 4.249547
4920 52 -4.300905 4.259269 3.094135 -3.812003 4.249547
4920 53 -4.353491 4.178785 -2.981313 -3.812003 4.249547
4920 54 -4.312306 4.141535 -2.860343 -3.812003 4.249547
4920 55 -4.212325 4.296032 2.991433 -3.812003 4.249547
4920 56 -4.367468 4.192454 -3.028449 -3.812003 4.249547
4920 57 -4.247962 4.242731 3.128619 -3.812003 4.249547
4920 58 -4.333194 4.285608 3.006750 -3.812003 4.249547
4920 59 -4.303580 4.174330 -2.942986 -3.812003 4.249547
4920 60 -4.336246 4.106752 -2.839515 -3.812003 4.249547
4920 61 -4.365184 4.106208 -2.836256 -3.812003 4.249547
4920 62 -4.250594 4.303131 2.994548 -3.812003 4.249547
4920 63 -4.190421 4.322098 2.982651 -3.812003 4.249547
4920 64 -4.228633 4.228972 -3.111662 -3.812003 4.249547
4920 65 -4.388452 4.196704 -3.027323 -3.812003 4.249547
4920 66 -4.382259 4.121491 -2.873360 -3.812003 4.249547
4920 67 -4.335941 4.259927 3.072337 -3.812003 4.249547
4920 68 -4.308271 4.293756 3.028568 -3.812003 4.249547
4920 69 -4.391168 4.299185 2.995229 -3.812003 4.249547
4920 70 -4.326181 4.155778 -2.907981 -3.812003 4.249547
4920 71 -4.356051 4.135925 -2.878875 -3.812003 4.249547
4920 72 -4.269818 4.297073 3.013147 -3.812003 4.249547
4920 73 -4.384236 4.224569 -3.119076 -3.812003 4.249547
4920 74 -4.179574 4.387307 2.748427 -3.812003 4.249547
4920 75 -4.244960 4.211537 -3.019360 -3.812003 4.249547
4920 76 -4.201519 4.339535 2.892923 -3.812003 4.249547
4920 77 -4.438612 4.192003 -3.036813 -3.812003 4.249547
4920 78 -4.346207 4.206602 -3.044696 -3.812003 4.249547
4920 79 -4.305923 4.119127 -2.828122 -3.812003 4.249547
4920 80 -4.248587 4.156469 -2.861304 -3.812003 4.249547
4920 81 -4.409839 4.100796 -2.869441 -3.812003 4.249547
4920 82 -4.180008 4.281665 3.046172 -3.812003 4.249547
4920 83 -4.326733 4.242238 3.101059 -3.812003 4.249547
4920 84 -4.235560 4.387665 2.805135 -3.812003 4.249547
4920 85 -4.417202 4.150989 -2.945462 -3.812003 4.249547
4920 86 -4.264265 4.230887 -3.091180 -3.812003 4.249547
4920 87 -4.399428 4.246406 3.106104 -3.812003 4.249547
4920 88 -4.227446 4.315793 2.967579 -3.812003 4.249547
4920 89 -4.432020 4.117341 -2.918703 -3.812003 4.249547
4920 90 -4.272268 4.154986 -2.862025 -3.812003 4.249547
4920 91 -4.399053 4.135479 -2.917228 -3.812003 4.249547
4920 92 -4.296483 4.337496 2.927336 -3.812003 4.249547
4920 93 -4.281550 4.272216 3.073316 -3.812003 4.249547
4920 94 -4.302672 4.361229 2.852433 -3.812003 4.249547
4920 95 -4.331347 4.349705 2.914840 -3.812003 4.249547
4920 96 -4.377920 4.168275 -2.971047 -3.812003 4.249547
4920 97 -4.296005 4.205993 -3.039386 -3.812003 4.249547
4920 98 -4.269204 4.322996 2.935338 -3.812003 4.249547
4920 99 -4.162197 4.377094 2.789063 -3.812003 4.249547
