10 1.000000 0.400000 0.784008 -0.061913 0.058044 0.069496 -1.818734 
20 1.000000 0.400000 0.780550 -0.065055 0.095388 0.175694 -1.664301 
30 1.000000 0.400000 0.781182 -0.070701 0.132811 0.348904 -1.622400 
40 1.000000 0.400000 0.784301 -0.078601 0.167444 0.518179 -1.574594 
50 1.000000 0.400000 0.787984 -0.088052 0.197955 0.703893 -1.561284 
60 1.000000 0.400000 0.791595 -0.099211 0.225984 0.869940 -1.479383 
70 1.000000 0.400000 0.794648 -0.112263 0.252439 1.029777 -1.369217 
80 1.000000 0.400000 0.796536 -0.127031 0.277044 1.163022 -1.256416 
90 1.000000 0.400000 0.797112 -0.143072 0.299734 1.276790 -1.136956 
100 1.000000 0.400000 0.796410 -0.161386 0.321808 1.368781 -0.966090 
110 1.000000 0.400000 0.794335 -0.182521 0.343601 1.407331 -0.781234 
120 1.000000 0.400000 0.791047 -0.206614 0.364959 1.438790 -0.600143 
130 1.000000 0.400000 0.786681 -0.233555 0.385422 1.465530 -0.429071 
140 1.000000 0.400000 0.781464 -0.263388 0.404723 1.461756 -0.239586 
150 1.000000 0.400000 0.775800 -0.296317 0.422218 1.450254 -0.045766 
160 1.000000 0.400000 0.770338 -0.332762 0.437822 1.394107 0.138507 
170 1.000000 0.400000 0.765916 -0.372327 0.450962 1.361510 0.326410 
180 1.000000 0.400000 0.762698 -0.413051 0.460396 1.351972 0.512277 
190 1.000000 0.400000 0.760501 -0.453337 0.465536 1.321830 0.706069 
200 1.000000 0.400000 0.759646 -0.492962 0.466678 1.301556 0.896413 
210 1.000000 0.400000 0.759119 -0.529294 0.463822 1.292183 1.086475 
220 1.000000 0.400000 0.758667 -0.562284 0.457956 1.276993 1.261409 
230 1.000000 0.400000 0.757433 -0.592098 0.449532 1.238530 1.446150 
240 1.000000 0.400000 0.754925 -0.619996 0.438602 1.153584 1.609098 
250 1.000000 0.400000 0.750644 -0.646178 0.425239 1.036347 1.762569 
260 1.000000 0.400000 0.743952 -0.670685 0.409343 0.877739 1.879086 
270 1.000000 0.400000 0.734401 -0.693977 0.390688 0.719450 1.982766 
280 1.000000 0.400000 0.721856 -0.715470 0.369656 0.574493 2.086093 
290 1.000000 0.400000 0.706432 -0.735035 0.346394 0.391309 2.089565 
300 1.000000 0.400000 0.688563 -0.754544 0.319146 0.203626 2.083812 
310 1.000000 0.400000 0.668378 -0.773059 0.288058 0.024875 2.046019 
320 1.000000 0.400000 0.645831 -0.789559 0.253171 -0.168383 2.030074 
330 1.000000 0.400000 0.621418 -0.803143 0.214739 -0.354186 1.975419 
340 1.000000 0.400000 0.596378 -0.813364 0.172844 -0.530896 1.910033 
350 1.000000 0.400000 0.572591 -0.820844 0.126558 -0.660173 1.781825 
360 1.000000 0.400000 0.551450 -0.824485 0.076147 -0.823657 1.683219 
370 1.000000 0.400000 0.534897 -0.823319 0.022950 -0.968231 1.571927 
380 1.000000 0.400000 0.523873 -0.816484 -0.028333 -1.147947 1.528729 
390 1.000000 0.400000 0.517549 -0.805145 -0.074085 -1.323425 1.516889 
400 1.000000 0.400000 0.513947 -0.791223 -0.112753 -1.514515 1.499193 
410 1.000000 0.400000 0.511475 -0.774853 -0.146722 -1.680642 1.421386 
420 1.000000 0.400000 0.509272 -0.755917 -0.177491 -1.841241 1.304490 
430 1.000000 0.400000 0.506895 -0.734488 -0.205444 -1.967394 1.163918 
440 1.000000 0.400000 0.504269 -0.710665 -0.231040 -2.075629 1.011251 
450 1.000000 0.400000 0.501357 -0.684849 -0.253863 -2.183765 0.850540 
460 1.000000 0.400000 0.498334 -0.656660 -0.274407 -2.233200 0.686172 
470 1.000000 0.400000 0.495529 -0.625975 -0.292949 -2.265337 0.497986 
480 1.000000 0.400000 0.493213 -0.593324 -0.308934 -2.294901 0.327057 
490 1.000000 0.400000 0.491464 -0.561032 -0.321247 -2.374202 0.171760 
500 1.000000 0.400000 0.490229 -0.529561 -0.330012 -2.419442 -0.007370 
510 1.000000 0.400000 0.489376 -0.499034 -0.335621 -2.467205 -0.183826 
520 1.000000 0.400000 0.488791 -0.468913 -0.338351 -2.455775 -0.369607 
530 1.000000 0.400000 0.488337 -0.439231 -0.338375 -2.409006 -0.546733 
540 1.000000 0.400000 0.487987 -0.408811 -0.335653 -2.354146 -0.735350 
550 1.000000 0.400000 0.487503 -0.378503 -0.330188 -2.279117 -0.898985 
560 1.000000 0.400000 0.486529 -0.348659 -0.321934 -2.190640 -1.060215 
570 1.000000 0.400000 0.484598 -0.319794 -0.310876 -2.078980 -1.218031 
580 1.000000 0.400000 0.481342 -0.291518 -0.296788 -1.958086 -1.360185 
590 1.000000 0.400000 0.476473 -0.264058 -0.279733 -1.806989 -1.478256 
600 1.000000 0.400000 0.469505 -0.237303 -0.259237 -1.637912 -1.571538 
610 1.000000 0.400000 0.460175 -0.211099 -0.234844 -1.451129 -1.625444 
620 1.000000 0.400000 0.448324 -0.185600 -0.206152 -1.264429 -1.657355 
630 1.000000 0.400000 0.434036 -0.160879 -0.172590 -1.072620 -1.653472 
640 1.000000 0.400000 0.417864 -0.138290 -0.134948 -0.905452 -1.665917 
650 1.000000 0.400000 0.400313 -0.117843 -0.092478 -0.721922 -1.609531 
660 1.000000 0.400000 0.382094 -0.099089 -0.043356 -0.553193 -1.512292 
670 1.000000 0.400000 0.364680 -0.083977 0.011889 -0.381050 -1.436846 
680 1.000000 0.400000 0.350271 -0.074037 0.071733 -0.229613 -1.338534 
690 1.000000 0.400000 0.340895 -0.068952 0.138506 -0.081517 -1.211138 
700 1.000000 0.400000 0.337743 -0.071808 0.207815 0.082811 -1.118433 
710 1.000000 0.400000 0.339441 -0.083262 0.274481 0.250638 -1.045256 
720 1.000000 0.400000 0.343577 -0.102259 0.337264 0.375985 -0.922003 
730 1.000000 0.400000 0.348457 -0.127802 0.396679 0.529655 -0.841611 
740 1.000000 0.400000 0.351804 -0.158512 0.449038 0.681488 -0.716917 
750 1.000000 0.400000 0.353153 -0.194882 0.496539 0.784212 -0.555312 
760 1.000000 0.400000 0.352244 -0.235984 0.538868 0.858883 -0.389163 
770 1.000000 0.400000 0.349364 -0.283460 0.577835 0.882902 -0.193934 
780 1.000000 0.400000 0.344777 -0.336946 0.612544 0.894821 -0.009861 
790 1.000000 0.400000 0.339017 -0.395601 0.641705 0.876801 0.178667 
800 1.000000 0.400000 0.333229 -0.459890 0.664978 0.835085 0.369863 
810 1.000000 0.400000 0.329057 -0.528577 0.681404 0.762883 0.538064 
820 1.000000 0.400000 0.328034 -0.599129 0.689256 0.721706 0.721858 
830 1.000000 0.400000 0.329297 -0.665891 0.687931 0.710551 0.904013 
840 1.000000 0.400000 0.331031 -0.727705 0.678063 0.679410 1.086135 
850 1.000000 0.400000 0.331527 -0.782939 0.661514 0.601519 1.260653 
860 1.000000 0.400000 0.329845 -0.832960 0.639214 0.487920 1.414126 
870 1.000000 0.400000 0.325933 -0.880867 0.610460 0.325934 1.516928 
880 1.000000 0.400000 0.319381 -0.925277 0.575959 0.167614 1.613364 
890 1.000000 0.400000 0.310470 -0.968223 0.534764 -0.008828 1.645373 
900 1.000000 0.400000 0.298978 -1.007648 0.487485 -0.184214 1.650035 
910 1.000000 0.400000 0.284996 -1.044234 0.432654 -0.379641 1.639367 
920 1.000000 0.400000 0.268733 -1.076350 0.370338 -0.544564 1.574103 
930 1.000000 0.400000 0.251544 -1.103984 0.300992 -0.723744 1.524101 
940 1.000000 0.400000 0.233771 -1.124303 0.224193 -0.905780 1.449978 
950 1.000000 0.400000 0.217789 -1.137227 0.140201 -1.037026 1.323525 
960 1.000000 0.400000 0.206117 -1.139301 0.056005 -1.210691 1.296642 
970 1.000000 0.400000 0.199706 -1.131793 -0.013696 -1.380337 1.384760 
980 1.000000 0.400000 0.196334 -1.119823 -0.067610 -1.554466 1.452081 
990 1.000000 0.400000 0.194094 -1.104736 -0.111520 -1.750223 1.448771 
1000 1.000000 0.400000 0.192105 -1.086056 -0.150622 -1.897373 1.326332 
1010 1.000000 0.400000 0.190061 -1.064219 -0.186018 -2.046487 1.226709 
1020 1.000000 0.400000 0.187765 -1.039116 -0.218342 -2.175742 1.085976 
1030 1.000000 0.400000 0.185069 -1.010200 -0.248561 -2.256577 0.925305 
1040 1.000000 0.400000 0.182002 -0.978264 -0.275919 -2.315914 0.763816 
1050 1.000000 0.400000 0.178543 -0.942923 -0.300405 -2.393345 0.587479 
1060 1.000000 0.400000 0.174757 -0.904649 -0.321168 -2.404631 0.394611 
1070 1.000000 0.400000 0.170765 -0.862578 -0.338572 -2.404072 0.203967 
1080 1.000000 0.400000 0.166843 -0.816492 -0.352147 -2.379312 0.011992 
1090 1.000000 0.400000 0.163445 -0.769001 -0.360373 -2.382040 -0.178058 
1100 1.000000 0.400000 0.160881 -0.722604 -0.362967 -2.357397 -0.366436 
1110 1.000000 0.400000 0.159099 -0.675695 -0.360293 -2.301154 -0.550869 
1120 1.000000 0.400000 0.158036 -0.629999 -0.352501 -2.244721 -0.726551 
1130 1.000000 0.400000 0.157448 -0.586635 -0.339920 -2.142633 -0.874319 
1140 1.000000 0.400000 0.157122 -0.546435 -0.323843 -2.078079 -1.032524 
1150 1.000000 0.400000 0.156794 -0.507154 -0.303130 -1.925014 -1.146556 
1160 1.000000 0.400000 0.156334 -0.467167 -0.276723 -1.746122 -1.219018 
1170 1.000000 0.400000 0.155519 -0.428666 -0.244879 -1.576942 -1.304504 
1180 1.000000 0.400000 0.154257 -0.392300 -0.207301 -1.396952 -1.378986 
1190 1.000000 0.400000 0.152468 -0.359860 -0.164769 -1.220619 -1.434536 
1200 1.000000 0.400000 0.150445 -0.330781 -0.116973 -1.025206 -1.419226 
1210 1.000000 0.400000 0.148299 -0.306402 -0.063801 -0.830920 -1.411660 
1220 1.000000 0.400000 0.146563 -0.287101 -0.005468 -0.658887 -1.354745 
1230 1.000000 0.400000 0.145915 -0.272750 0.059055 -0.486729 -1.301371 
1240 1.000000 0.400000 0.146557 -0.266079 0.126645 -0.316945 -1.205287 
1250 1.000000 0.400000 0.148679 -0.267501 0.197631 -0.156068 -1.112946 
1260 1.000000 0.400000 0.151823 -0.278053 0.269342 0.005870 -1.010406 
1270 1.000000 0.400000 0.155129 -0.298342 0.340033 0.145081 -0.870873 
1280 1.000000 0.400000 0.157982 -0.328463 0.409069 0.250312 -0.715005 
1290 1.000000 0.400000 0.160264 -0.368222 0.477082 0.334429 -0.546488 
1300 1.000000 0.400000 0.161261 -0.416097 0.539779 0.402930 -0.393663 
1310 1.000000 0.400000 0.160909 -0.472272 0.597233 0.439630 -0.215716 
1320 1.000000 0.400000 0.159656 -0.538126 0.650857 0.429565 -0.032055 
1330 1.000000 0.400000 0.158233 -0.613294 0.699609 0.388221 0.140414 
1340 1.000000 0.400000 0.157810 -0.696492 0.742499 0.321415 0.298588 
1350 1.000000 0.400000 0.159723 -0.788040 0.777940 0.228570 0.456807 
1360 1.000000 0.400000 0.164018 -0.883672 0.800799 0.197551 0.650721 
1370 1.000000 0.400000 0.170281 -0.977010 0.807316 0.165053 0.841644 
1380 1.000000 0.400000 0.176818 -1.061963 0.799030 0.130490 1.023556 
1390 1.000000 0.400000 0.181691 -1.137442 0.780442 0.083511 1.196733 
1400 1.000000 0.400000 0.184466 -1.205101 0.752964 -0.039213 1.338970 
1410 1.000000 0.400000 0.185440 -1.268289 0.717352 -0.170728 1.444298 
1420 1.000000 0.400000 0.184578 -1.327156 0.674337 -0.335418 1.518524 
1430 1.000000 0.400000 0.181325 -1.379516 0.624089 -0.505084 1.600034 
1440 1.000000 0.400000 0.175899 -1.426350 0.566000 -0.694213 1.626763 
1450 1.000000 0.400000 0.168640 -1.466179 0.501305 -0.875828 1.627947 
1460 1.000000 0.400000 0.160370 -1.500914 0.428388 -1.046675 1.550325 
1470 1.000000 0.400000 0.151639 -1.527028 0.349155 -1.241450 1.529544 
1480 1.000000 0.400000 0.143524 -1.540468 0.269194 -1.436299 1.524129 
1490 1.000000 0.400000 0.137516 -1.541906 0.196378 -1.610844 1.546594 
1500 1.000000 0.400000 0.133680 -1.534745 0.133969 -1.801063 1.577300 
1510 1.000000 0.400000 0.131246 -1.521806 0.081103 -1.986533 1.583292 
1520 1.000000 0.400000 0.129588 -1.505002 0.036003 -2.160796 1.522564 
1530 1.000000 0.400000 0.128141 -1.484052 -0.004988 -2.324751 1.432642 
1540 1.000000 0.400000 0.126725 -1.459317 -0.042180 -2.460957 1.296208 
1550 1.000000 0.400000 0.125239 -1.430845 -0.075791 -2.579293 1.138212 
1560 1.000000 0.400000 0.123697 -1.398984 -0.105910 -2.676182 0.986633 
1570 1.000000 0.400000 0.122144 -1.363991 -0.132677 -2.749166 0.817834 
1580 1.000000 0.400000 0.120708 -1.326031 -0.155580 -2.792638 0.628208 
1590 1.000000 0.400000 0.119552 -1.285645 -0.174159 -2.840868 0.443892 
1600 1.000000 0.400000 0.118839 -1.243241 -0.188320 -2.845623 0.254553 
1610 1.000000 0.400000 0.118708 -1.198436 -0.197959 -2.809932 0.065413 
1620 1.000000 0.400000 0.119313 -1.153203 -0.202895 -2.803082 -0.107998 
1630 1.000000 0.400000 0.120542 -1.109096 -0.202712 -2.772571 -0.292898 
1640 1.000000 0.400000 0.122203 -1.065513 -0.197734 -2.730829 -0.477674 
1650 1.000000 0.400000 0.124025 -1.024680 -0.188345 -2.675418 -0.659708 
1660 1.000000 0.400000 0.125871 -0.984723 -0.174512 -2.558323 -0.812032 
1670 1.000000 0.400000 0.127577 -0.945575 -0.156099 -2.440219 -0.948035 
1680 1.000000 0.400000 0.129012 -0.908483 -0.133660 -2.303098 -1.085457 
1690 1.000000 0.400000 0.130045 -0.873090 -0.106607 -2.122973 -1.154716 
1700 1.000000 0.400000 0.130707 -0.838091 -0.073878 -1.942941 -1.187999 
1710 1.000000 0.400000 0.131059 -0.803797 -0.035313 -1.763665 -1.233005 
1720 1.000000 0.400000 0.131096 -0.771695 0.009314 -1.582557 -1.232356 
1730 1.000000 0.400000 0.130956 -0.744050 0.058014 -1.404313 -1.263877 
1740 1.000000 0.400000 0.130927 -0.720340 0.112468 -1.221428 -1.223389 
1750 1.000000 0.400000 0.131497 -0.700820 0.173881 -1.051767 -1.138607 
1760 1.000000 0.400000 0.133109 -0.687275 0.240753 -0.874076 -1.078599 
1770 1.000000 0.400000 0.135837 -0.681943 0.311119 -0.691366 -1.022971 
1780 1.000000 0.400000 0.139572 -0.685260 0.383254 -0.537673 -0.910350 
1790 1.000000 0.400000 0.143603 -0.698351 0.455129 -0.381525 -0.795568 
1800 1.000000 0.400000 0.147709 -0.721283 0.528036 -0.263033 -0.646501 
1810 1.000000 0.400000 0.151141 -0.754372 0.599275 -0.147078 -0.488802 
1820 1.000000 0.400000 0.153599 -0.798087 0.668842 -0.090307 -0.302839 
1830 1.000000 0.400000 0.154812 -0.852694 0.735608 -0.059897 -0.118871 
1840 1.000000 0.400000 0.154470 -0.915842 0.795253 -0.015998 0.057889 
1850 1.000000 0.400000 0.153324 -0.989746 0.850275 -0.058272 0.237886 
1860 1.000000 0.400000 0.152333 -1.073701 0.899363 -0.112861 0.417216 
1870 1.000000 0.400000 0.152804 -1.165284 0.939962 -0.157569 0.584839 
1880 1.000000 0.400000 0.155636 -1.263346 0.968188 -0.220997 0.766528 
1890 1.000000 0.400000 0.160917 -1.361565 0.980914 -0.261601 0.953317 
1900 1.000000 0.400000 0.167528 -1.452227 0.976465 -0.295472 1.146189 
1910 1.000000 0.400000 0.173017 -1.533510 0.959228 -0.330336 1.327000 
1920 1.000000 0.400000 0.176163 -1.603945 0.932824 -0.429381 1.491479 
1930 1.000000 0.400000 0.177195 -1.668336 0.897574 -0.576572 1.614325 
1940 1.000000 0.400000 0.175909 -1.725739 0.854970 -0.727608 1.716803 
1950 1.000000 0.400000 0.172478 -1.777797 0.804645 -0.907765 1.782773 
1960 1.000000 0.400000 0.167082 -1.824849 0.746017 -1.098152 1.782042 
1970 1.000000 0.400000 0.160110 -1.866429 0.679174 -1.286376 1.779694 
1980 1.000000 0.400000 0.152045 -1.900075 0.605727 -1.472444 1.752538 
1990 1.000000 0.400000 0.143679 -1.923917 0.526750 -1.658857 1.709096 
2000 1.000000 0.400000 0.136702 -1.936378 0.448877 -1.819845 1.751794 
2010 1.000000 0.400000 0.132142 -1.938178 0.380733 -1.999335 1.798532 
2020 1.000000 0.400000 0.129664 -1.933158 0.325400 -2.164182 1.867669 
2030 1.000000 0.400000 0.128169 -1.922852 0.276378 -2.346899 1.822307 
2040 1.000000 0.400000 0.127129 -1.907725 0.231557 -2.521458 1.757149 
2050 1.000000 0.400000 0.126305 -1.888725 0.191330 -2.695670 1.681763 
2060 1.000000 0.400000 0.125488 -1.866311 0.154708 -2.828525 1.557689 
2070 1.000000 0.400000 0.124529 -1.839960 0.120482 -2.925682 1.396727 
2080 1.000000 0.400000 0.123439 -1.809775 0.088712 -3.036453 1.251862 
2090 1.000000 0.400000 0.122260 -1.776338 0.059988 -3.080262 1.081602 
2100 1.000000 0.400000 0.121082 -1.739728 0.034539 -3.142751 0.908337 
2110 1.000000 0.400000 0.119996 -1.699927 0.013061 -3.186536 0.722080 
2120 1.000000 0.400000 0.119238 -1.658084 -0.003924 -3.214483 0.543721 
2130 1.000000 0.400000 0.118955 -1.614799 -0.016472 -3.218620 0.367825 
2140 1.000000 0.400000 0.119256 -1.570155 -0.024320 -3.211065 0.174825 
2150 1.000000 0.400000 0.120135 -1.525724 -0.026968 -3.197559 -0.018172 
2160 1.000000 0.400000 0.121482 -1.481622 -0.024530 -3.142208 -0.206086 
2170 1.000000 0.400000 0.123162 -1.437371 -0.017154 -3.046257 -0.367513 
2180 1.000000 0.400000 0.124979 -1.394338 -0.005111 -2.962152 -0.534253 
2190 1.000000 0.400000 0.126739 -1.352881 0.011582 -2.866000 -0.698051 
2200 1.000000 0.400000 0.128219 -1.313687 0.032596 -2.731633 -0.823798 
2210 1.000000 0.400000 0.129336 -1.276007 0.058374 -2.584278 -0.946535 
2220 1.000000 0.400000 0.130003 -1.240749 0.088678 -2.403922 -1.006803 
2230 1.000000 0.400000 0.130222 -1.206867 0.124440 -2.227684 -1.072936 
2240 1.000000 0.400000 0.129976 -1.175912 0.165394 -2.037475 -1.102789 
2250 1.000000 0.400000 0.129497 -1.146949 0.213056 -1.844240 -1.093215 
2260 1.000000 0.400000 0.129043 -1.121663 0.266853 -1.660381 -1.061946 
2270 1.000000 0.400000 0.129033 -1.101241 0.326299 -1.485779 -1.006618 
2280 1.000000 0.400000 0.130125 -1.085331 0.391688 -1.333005 -0.921279 
2290 1.000000 0.400000 0.132713 -1.075729 0.463684 -1.172559 -0.818767 
2300 1.000000 0.400000 0.136826 -1.074510 0.539655 -1.019818 -0.731906 
2310 1.000000 0.400000 0.142001 -1.081861 0.616166 -0.874187 -0.642879 
2320 1.000000 0.400000 0.147166 -1.098704 0.690548 -0.732413 -0.522560 
2330 1.000000 0.400000 0.151848 -1.125430 0.763560 -0.623587 -0.374044 
2340 1.000000 0.400000 0.155565 -1.161224 0.833575 -0.491034 -0.255290 
2350 1.000000 0.400000 0.157642 -1.205594 0.898104 -0.441982 -0.072551 
2360 1.000000 0.400000 0.158539 -1.259549 0.960051 -0.418131 0.108265 
2370 1.000000 0.400000 0.157970 -1.322898 1.016690 -0.373938 0.293955 
2380 1.000000 0.400000 0.155942 -1.394826 1.065572 -0.390639 0.479718 
2390 1.000000 0.400000 0.154254 -1.475800 1.109346 -0.457245 0.645262 
2400 1.000000 0.400000 0.153700 -1.563086 1.144331 -0.506813 0.794827 
2410 1.000000 0.400000 0.156043 -1.656468 1.170529 -0.590630 0.957212 
2420 1.000000 0.400000 0.160923 -1.751602 1.183759 -0.638676 1.141491 
2430 1.000000 0.400000 0.167346 -1.840956 1.180742 -0.683864 1.328199 
2440 1.000000 0.400000 0.172662 -1.919814 1.165510 -0.716829 1.505611 
2450 1.000000 0.400000 0.176078 -1.990956 1.140502 -0.799057 1.676874 
2460 1.000000 0.400000 0.177293 -2.054836 1.107032 -0.938230 1.812236 
2470 1.000000 0.400000 0.176120 -2.111788 1.066021 -1.090361 1.927782 
2480 1.000000 0.400000 0.172962 -2.164346 1.016983 -1.265729 1.953995 
2490 1.000000 0.400000 0.168229 -2.211994 0.961213 -1.436033 1.993063 
2500 1.000000 0.400000 0.162001 -2.255220 0.897227 -1.626441 1.972494 
2510 1.000000 0.400000 0.154498 -2.290785 0.826874 -1.807776 1.976556 
2520 1.000000 0.400000 0.146364 -2.317016 0.751271 -1.997867 1.949060 
2530 1.000000 0.400000 0.138657 -2.332238 0.672860 -2.182689 1.903071 
2540 1.000000 0.400000 0.132883 -2.335954 0.599439 -2.369273 1.955579 
2550 1.000000 0.400000 0.129553 -2.331425 0.539396 -2.525507 2.051689 
2560 1.000000 0.400000 0.127721 -2.322185 0.489597 -2.706014 2.035768 
2570 1.000000 0.400000 0.126527 -2.308376 0.444892 -2.884065 1.991642 
2580 1.000000 0.400000 0.125619 -2.290638 0.404627 -3.059024 1.924730 
2590 1.000000 0.400000 0.124821 -2.269396 0.367681 -3.200063 1.807970 
2600 1.000000 0.400000 0.124013 -2.244723 0.333548 -3.303292 1.663021 
2610 1.000000 0.400000 0.123054 -2.215985 0.301430 -3.408499 1.500406 
2620 1.000000 0.400000 0.121973 -2.183696 0.272586 -3.492121 1.323226 
2630 1.000000 0.400000 0.120846 -2.148073 0.247279 -3.571071 1.151621 
2640 1.000000 0.400000 0.119870 -2.110393 0.226230 -3.621928 0.972656 
2650 1.000000 0.400000 0.119098 -2.070051 0.209128 -3.659813 0.790940 
2660 1.000000 0.400000 0.118749 -2.027750 0.196229 -3.639319 0.599973 
2670 1.000000 0.400000 0.118927 -1.982608 0.187455 -3.599031 0.419191 
2680 1.000000 0.400000 0.119712 -1.936468 0.183704 -3.594227 0.229933 
2690 1.000000 0.400000 0.121026 -1.892470 0.185092 -3.558356 0.047480 
2700 1.000000 0.400000 0.122676 -1.848712 0.191312 -3.481531 -0.127654 
2710 1.000000 0.400000 0.124496 -1.805535 0.202387 -3.406415 -0.298192 
2720 1.000000 0.400000 0.126304 -1.763718 0.217982 -3.280837 -0.435830 
2730 1.000000 0.400000 0.127925 -1.723474 0.238054 -3.165669 -0.575462 
2740 1.000000 0.400000 0.129168 -1.685542 0.262296 -3.023307 -0.692813 
2750 1.000000 0.400000 0.130016 -1.648778 0.291663 -2.857059 -0.782992 
2760 1.000000 0.400000 0.130403 -1.613823 0.326218 -2.674395 -0.825848 
2770 1.000000 0.400000 0.130412 -1.579735 0.367216 -2.484233 -0.831616 
2780 1.000000 0.400000 0.130283 -1.547094 0.414684 -2.317649 -0.812738 
2790 1.000000 0.400000 0.130188 -1.517321 0.468790 -2.123316 -0.788355 
2800 1.000000 0.400000 0.130327 -1.492980 0.528866 -1.929329 -0.774336 
2810 1.000000 0.400000 0.131130 -1.475433 0.594066 -1.740703 -0.731781 
2820 1.000000 0.400000 0.133082 -1.465457 0.663324 -1.563869 -0.667733 
2830 1.000000 0.400000 0.136288 -1.463905 0.736033 -1.413441 -0.546441 
2840 1.000000 0.400000 0.140800 -1.470489 0.811715 -1.277856 -0.439628 
2850 1.000000 0.400000 0.145758 -1.486912 0.887940 -1.138269 -0.314482 
2860 1.000000 0.400000 0.150636 -1.513338 0.964005 -1.025316 -0.167831 
2870 1.000000 0.400000 0.154613 -1.550126 1.037512 -0.938082 0.001879 
2880 1.000000 0.400000 0.157438 -1.597930 1.108687 -0.868205 0.181698 
2890 1.000000 0.400000 0.158748 -1.656237 1.175294 -0.826970 0.362283 
2900 1.000000 0.400000 0.158276 -1.724599 1.234807 -0.817700 0.557363 
2910 1.000000 0.400000 0.156802 -1.803513 1.287693 -0.844865 0.741462 
2920 1.000000 0.400000 0.155481 -1.890912 1.331900 -0.895217 0.912823 
2930 1.000000 0.400000 0.156456 -1.987594 1.367630 -0.991151 1.085197 
2940 1.000000 0.400000 0.160294 -2.089497 1.389408 -1.039594 1.268890 
2950 1.000000 0.400000 0.166746 -2.186287 1.394254 -1.049120 1.447796 
2960 1.000000 0.400000 0.173006 -2.269298 1.385274 -1.044020 1.619535 
2970 1.000000 0.400000 0.177073 -2.340555 1.366781 -1.086058 1.810831 
2980 1.000000 0.400000 0.179125 -2.404045 1.340112 -1.200114 1.958640 
2990 1.000000 0.400000 0.179329 -2.462014 1.306494 -1.326239 2.083625 
3000 1.000000 0.400000 0.177564 -2.513698 1.266957 -1.476114 2.186325 
3010 1.000000 0.400000 0.174386 -2.563615 1.219902 -1.646331 2.195181 
3020 1.000000 0.400000 0.169807 -2.610793 1.165273 -1.826482 2.222645 
3030 1.000000 0.400000 0.163555 -2.651982 1.103788 -2.010538 2.204364 
3040 1.000000 0.400000 0.155992 -2.686327 1.035472 -2.200417 2.219144 
3050 1.000000 0.400000 0.147696 -2.711319 0.962194 -2.389262 2.169817 
3060 1.000000 0.400000 0.139848 -2.726068 0.886142 -2.579406 2.148726 
3070 1.000000 0.400000 0.133696 -2.729543 0.813724 -2.751206 2.164909 
3080 1.000000 0.400000 0.129881 -2.724756 0.751547 -2.926099 2.229225 
3090 1.000000 0.400000 0.127667 -2.714460 0.699900 -3.117187 2.242764 
3100 1.000000 0.400000 0.126242 -2.699886 0.654821 -3.289461 2.176475 
3110 1.000000 0.400000 0.125111 -2.680958 0.613054 -3.456692 2.097684 
3120 1.000000 0.400000 0.124166 -2.658901 0.575998 -3.592259 1.976143 
3130 1.000000 0.400000 0.123157 -2.632791 0.541479 -3.734887 1.845614 
3140 1.000000 0.400000 0.122130 -2.603648 0.510431 -3.828072 1.710352 
3150 1.000000 0.400000 0.121096 -2.571445 0.482238 -3.889148 1.523307 
3160 1.000000 0.400000 0.120041 -2.535454 0.457081 -3.949998 1.345956 
3170 1.000000 0.400000 0.119133 -2.496469 0.435798 -3.992147 1.154398 
3180 1.000000 0.400000 0.118572 -2.455552 0.418995 -4.044940 0.978045 
3190 1.000000 0.400000 0.118490 -2.412855 0.406543 -4.029837 0.791141 
3200 1.000000 0.400000 0.118969 -2.369005 0.398895 -4.015282 0.600169 
3210 1.000000 0.400000 0.120062 -2.323871 0.396023 -3.973431 0.414561 
3220 1.000000 0.400000 0.121643 -2.279865 0.398118 -3.956134 0.227989 
3230 1.000000 0.400000 0.123463 -2.236764 0.404982 -3.869824 0.067323 
3240 1.000000 0.400000 0.125496 -2.193285 0.416560 -3.756868 -0.079291 
3250 1.000000 0.400000 0.127474 -2.150995 0.432793 -3.661255 -0.240108 
3260 1.000000 0.400000 0.129200 -2.109864 0.453904 -3.510953 -0.357720 
3270 1.000000 0.400000 0.130559 -2.069874 0.480243 -3.357815 -0.466492 
3280 1.000000 0.400000 0.131450 -2.031220 0.512097 -3.182628 -0.543202 
3290 1.000000 0.400000 0.131878 -1.993786 0.550128 -2.993477 -0.583818 
3300 1.000000 0.400000 0.131843 -1.958733 0.594156 -2.816646 -0.600180 
3310 1.000000 0.400000 0.131502 -1.927159 0.643942 -2.627698 -0.618954 
3320 1.000000 0.400000 0.131084 -1.900368 0.698990 -2.445679 -0.610123 
3330 1.000000 0.400000 0.131077 -1.878243 0.760491 -2.264421 -0.548019 
3340 1.000000 0.400000 0.132058 -1.861958 0.828052 -2.101226 -0.476020 
3350 1.000000 0.400000 0.134251 -1.853492 0.898143 -1.926359 -0.416663 
3360 1.000000 0.400000 0.137508 -1.854130 0.970552 -1.756495 -0.319938 
3370 1.000000 0.400000 0.141780 -1.864200 1.046206 -1.615801 -0.184965 
3380 1.000000 0.400000 0.146132 -1.884691 1.121233 -1.468971 -0.058945 
3390 1.000000 0.400000 0.149890 -1.915817 1.194626 -1.365866 0.104625 
3400 1.000000 0.400000 0.152615 -1.957421 1.265450 -1.278820 0.270976 
3410 1.000000 0.400000 0.154428 -2.009950 1.334841 -1.253841 0.460169 
3420 1.000000 0.400000 0.154791 -2.073460 1.399271 -1.212051 0.651075 
3430 1.000000 0.400000 0.153735 -2.147289 1.456465 -1.223754 0.835190 
3440 1.000000 0.400000 0.152077 -2.229642 1.504839 -1.258382 1.013874 
3450 1.000000 0.400000 0.151104 -2.318880 1.543134 -1.277255 1.191686 
3460 1.000000 0.400000 0.152607 -2.414435 1.570791 -1.383464 1.337206 
3470 1.000000 0.400000 0.157259 -2.512853 1.586095 -1.420988 1.526165 
3480 1.000000 0.400000 0.163530 -2.603935 1.584424 -1.448764 1.716867 
3490 1.000000 0.400000 0.168925 -2.684190 1.570082 -1.476826 1.896886 
3500 1.000000 0.400000 0.172229 -2.755033 1.545830 -1.563914 2.069933 
3510 1.000000 0.400000 0.173205 -2.816432 1.514136 -1.666406 2.227808 
3520 1.000000 0.400000 0.172292 -2.873060 1.474672 -1.830525 2.321563 
3530 1.000000 0.400000 0.169356 -2.924858 1.427452 -2.006621 2.401697 
3540 1.000000 0.400000 0.164678 -2.971329 1.373222 -2.178401 2.426035 
3550 1.000000 0.400000 0.158690 -3.012261 1.312714 -2.349001 2.452259 
3560 1.000000 0.400000 0.151788 -3.045891 1.247660 -2.523199 2.436882 
3570 1.000000 0.400000 0.144416 -3.072389 1.177054 -2.703046 2.395547 
3580 1.000000 0.400000 0.137315 -3.089316 1.103297 -2.889278 2.382215 
3590 1.000000 0.400000 0.131912 -3.095404 1.034945 -3.051895 2.427643 
3600 1.000000 0.400000 0.128702 -3.094446 0.976735 -3.212093 2.491930 
3610 1.000000 0.400000 0.126780 -3.087465 0.926206 -3.400609 2.493962 
3620 1.000000 0.400000 0.125558 -3.075491 0.880329 -3.581552 2.442346 
3630 1.000000 0.400000 0.124682 -3.058780 0.837257 -3.735598 2.336069 
3640 1.000000 0.400000 0.124002 -3.038416 0.798336 -3.910326 2.259110 
3650 1.000000 0.400000 0.123357 -3.014565 0.762929 -4.045622 2.133759 
3660 1.000000 0.400000 0.122606 -2.987062 0.730412 -4.152453 1.967221 
3670 1.000000 0.400000 0.121686 -2.955192 0.699926 -4.211582 1.791658 
3680 1.000000 0.400000 0.120729 -2.919582 0.672476 -4.284796 1.611300 
3690 1.000000 0.400000 0.119870 -2.881249 0.649241 -4.346827 1.434656 
3700 1.000000 0.400000 0.119247 -2.840440 0.630297 -4.383859 1.249608 
3710 1.000000 0.400000 0.118997 -2.797388 0.615908 -4.384368 1.054192 
3720 1.000000 0.400000 0.119297 -2.753630 0.606473 -4.390748 0.872840 
3730 1.000000 0.400000 0.120157 -2.708880 0.601856 -4.373631 0.691073 
3740 1.000000 0.400000 0.121556 -2.663929 0.602133 -4.309801 0.503929 
3750 1.000000 0.400000 0.123314 -2.618735 0.607590 -4.254013 0.323419 
3760 1.000000 0.400000 0.125272 -2.574363 0.617915 -4.164446 0.159280 
3770 1.000000 0.400000 0.127172 -2.530862 0.633208 -4.037638 0.011540 
3780 1.000000 0.400000 0.128886 -2.488319 0.653733 -3.902458 -0.118206 
3790 1.000000 0.400000 0.130315 -2.446028 0.679728 -3.742976 -0.213548 
3800 1.000000 0.400000 0.131287 -2.405099 0.711461 -3.564715 -0.286383 
3810 1.000000 0.400000 0.131772 -2.365345 0.749893 -3.373258 -0.337844 
3820 1.000000 0.400000 0.131782 -2.327481 0.795594 -3.179309 -0.362055 
3830 1.000000 0.400000 0.131344 -2.294726 0.846487 -2.996881 -0.391879 
3840 1.000000 0.400000 0.130839 -2.267346 0.902408 -2.811105 -0.384644 
3850 1.000000 0.400000 0.130764 -2.244681 0.965449 -2.622174 -0.330474 
3860 1.000000 0.400000 0.131842 -2.227642 1.035559 -2.471849 -0.222986 
3870 1.000000 0.400000 0.134918 -2.216631 1.112707 -2.314034 -0.128710 
3880 1.000000 0.400000 0.139582 -2.215340 1.192442 -2.150044 -0.039574 
3890 1.000000 0.400000 0.145169 -2.224842 1.272678 -1.987455 0.049291 
3900 1.000000 0.400000 0.150703 -2.244318 1.350087 -1.876676 0.183882 
3910 1.000000 0.400000 0.155790 -2.274030 1.426252 -1.740703 0.325314 
3920 1.000000 0.400000 0.159237 -2.313471 1.496760 -1.631944 0.467226 
3930 1.000000 0.400000 0.160482 -2.361522 1.559715 -1.543865 0.630879 
3940 1.000000 0.400000 0.160490 -2.418959 1.619529 -1.546234 0.813658 
3950 1.000000 0.400000 0.159481 -2.486303 1.675715 -1.554503 0.993932 
3960 1.000000 0.400000 0.157029 -2.560767 1.722530 -1.531851 1.183333 
3970 1.000000 0.400000 0.154366 -2.643763 1.761254 -1.599486 1.359304 
3980 1.000000 0.400000 0.153384 -2.735873 1.791657 -1.690485 1.527100 
3990 1.000000 0.400000 0.155515 -2.834888 1.811147 -1.773259 1.703309 
4000 1.000000 0.400000 0.160346 -2.929790 1.814009 -1.791547 1.893677 
4010 1.000000 0.400000 0.165526 -3.014256 1.802348 -1.824809 2.074435 
4020 1.000000 0.400000 0.168979 -3.085987 1.782202 -1.827152 2.246006 
4030 1.000000 0.400000 0.170551 -3.147854 1.755019 -1.941884 2.400182 
4040 1.000000 0.400000 0.170417 -3.205292 1.720213 -2.092172 2.497679 
4050 1.000000 0.400000 0.168593 -3.259151 1.677860 -2.266037 2.572729 
4060 1.000000 0.400000 0.165183 -3.309293 1.627977 -2.431402 2.625138 
4070 1.000000 0.400000 0.160140 -3.352407 1.572674 -2.604056 2.683645 
4080 1.000000 0.400000 0.153731 -3.388400 1.511956 -2.785184 2.667803 
4090 1.000000 0.400000 0.146673 -3.420613 1.442925 -2.960533 2.629877 
4100 1.000000 0.400000 0.139432 -3.443273 1.370192 -3.154003 2.622536 
4110 1.000000 0.400000 0.133276 -3.454761 1.299562 -3.335151 2.650554 
4120 1.000000 0.400000 0.129207 -3.457041 1.237942 -3.492935 2.726059 
4130 1.000000 0.400000 0.126744 -3.452565 1.184732 -3.677907 2.741219 
4140 1.000000 0.400000 0.125197 -3.442677 1.136513 -3.859361 2.699002 
4150 1.000000 0.400000 0.124288 -3.428503 1.093198 -4.028535 2.638261 
4160 1.000000 0.400000 0.123614 -3.410263 1.053256 -4.197090 2.551800 
4170 1.000000 0.400000 0.123044 -3.388301 1.016703 -4.334046 2.416666 
4180 1.000000 0.400000 0.122365 -3.362023 0.982220 -4.464838 2.274611 
4190 1.000000 0.400000 0.121590 -3.331982 0.950824 -4.547256 2.098488 
4200 1.000000 0.400000 0.120737 -3.298163 0.922494 -4.630115 1.926951 
4210 1.000000 0.400000 0.119942 -3.261001 0.897559 -4.689913 1.749438 
4220 1.000000 0.400000 0.119306 -3.220849 0.876405 -4.716985 1.571741 
4230 1.000000 0.400000 0.119008 -3.177631 0.859221 -4.716332 1.379698 
4240 1.000000 0.400000 0.119248 -3.134459 0.847390 -4.771911 1.202167 
4250 1.000000 0.400000 0.120007 -3.090514 0.840518 -4.741869 1.009632 
4260 1.000000 0.400000 0.121313 -3.045140 0.838036 -4.703574 0.836781 
4270 1.000000 0.400000 0.123041 -2.999175 0.840580 -4.627166 0.663766 
4280 1.000000 0.400000 0.125043 -2.954130 0.848252 -4.563728 0.480958 
4290 1.000000 0.400000 0.127015 -2.911323 0.860737 -4.474917 0.313290 
4300 1.000000 0.400000 0.128802 -2.870129 0.877800 -4.362079 0.174654 
4310 1.000000 0.400000 0.130333 -2.828882 0.899983 -4.206669 0.059276 
4320 1.000000 0.400000 0.131415 -2.789519 0.927129 -4.060277 -0.059459 
4330 1.000000 0.400000 0.131967 -2.752174 0.959508 -3.884299 -0.120467 
4340 1.000000 0.400000 0.131983 -2.716903 0.997314 -3.705083 -0.191637 
4350 1.000000 0.400000 0.131542 -2.683617 1.041399 -3.513541 -0.170936 
4360 1.000000 0.400000 0.130973 -2.650958 1.093911 -3.325622 -0.124785 
4370 1.000000 0.400000 0.130587 -2.621686 1.153913 -3.139019 -0.096258 
4380 1.000000 0.400000 0.130709 -2.598955 1.219968 -2.949706 -0.053198 
4390 1.000000 0.400000 0.132327 -2.581709 1.292589 -2.805422 0.040508 
4400 1.000000 0.400000 0.135604 -2.573021 1.369628 -2.634256 0.133321 
4410 1.000000 0.400000 0.140558 -2.573739 1.450403 -2.468998 0.218891 
4420 1.000000 0.400000 0.145981 -2.585981 1.529836 -2.310204 0.327897 
4430 1.000000 0.400000 0.151020 -2.609019 1.606814 -2.172589 0.462218 
4440 1.000000 0.400000 0.155145 -2.643083 1.681646 -2.082600 0.628435 
4450 1.000000 0.400000 0.158368 -2.687801 1.754993 -2.023565 0.799820 
4460 1.000000 0.400000 0.160312 -2.743350 1.825131 -1.967038 0.981302 
4470 1.000000 0.400000 0.160189 -2.809350 1.888026 -1.923847 1.172525 
4480 1.000000 0.400000 0.158421 -2.885514 1.942870 -1.936341 1.360296 
4490 1.000000 0.400000 0.156638 -2.972264 1.991051 -2.020739 1.539173 
4500 1.000000 0.400000 0.156785 -3.069933 2.031314 -2.094224 1.720936 
4510 1.000000 0.400000 0.159557 -3.172379 2.056719 -2.145676 1.899087 
4520 1.000000 0.400000 0.164847 -3.268215 2.065412 -2.114652 2.077551 
4530 1.000000 0.400000 0.170256 -3.350432 2.058810 -2.117173 2.273044 
4540 1.000000 0.400000 0.173942 -3.422480 2.041618 -2.181234 2.449315 
4550 1.000000 0.400000 0.175740 -3.484973 2.016953 -2.229134 2.634690 
4560 1.000000 0.400000 0.175763 -3.541504 1.985509 -2.375961 2.748421 
4570 1.000000 0.400000 0.174038 -3.594240 1.946768 -2.539308 2.844634 
4580 1.000000 0.400000 0.170393 -3.642526 1.900826 -2.719940 2.902873 
4590 1.000000 0.400000 0.165176 -3.684265 1.850073 -2.879313 2.981657 
4600 1.000000 0.400000 0.158784 -3.720570 1.794277 -3.050277 2.972607 
4610 1.000000 0.400000 0.151236 -3.752211 1.731126 -3.239717 2.950595 
4620 1.000000 0.400000 0.143151 -3.776954 1.662189 -3.419694 2.914166 
4630 1.000000 0.400000 0.135473 -3.793396 1.589335 -3.588012 2.879078 
4640 1.000000 0.400000 0.129601 -3.799659 1.520623 -3.769882 2.909443 
4650 1.000000 0.400000 0.125932 -3.797287 1.461656 -3.953636 2.959730 
4660 1.000000 0.400000 0.123787 -3.788759 1.410775 -4.140923 2.951452 
4670 1.000000 0.400000 0.122527 -3.775287 1.365170 -4.332853 2.911575 
4680 1.000000 0.400000 0.121806 -3.757888 1.324632 -4.512462 2.842704 
4690 1.000000 0.400000 0.121347 -3.737065 1.288189 -4.664186 2.727377 
4700 1.000000 0.400000 0.120894 -3.711896 1.253294 -4.776474 2.579332 
4710 1.000000 0.400000 0.120532 -3.684453 1.222798 -4.889389 2.448067 
4720 1.000000 0.400000 0.120160 -3.653520 1.194524 -4.959268 2.276162 
4730 1.000000 0.400000 0.119794 -3.618910 1.169196 -5.039491 2.096223 
4740 1.000000 0.400000 0.119515 -3.580550 1.147043 -5.059983 1.902314 
4750 1.000000 0.400000 0.119520 -3.540285 1.129254 -5.098338 1.730599 
4760 1.000000 0.400000 0.119898 -3.498248 1.115854 -5.100703 1.539302 
4770 1.000000 0.400000 0.120712 -3.455147 1.107102 -5.096966 1.357830 
4780 1.000000 0.400000 0.121967 -3.410554 1.102989 -5.069718 1.166797 
4790 1.000000 0.400000 0.123634 -3.365446 1.103771 -5.014102 0.996448 
4800 1.000000 0.400000 0.125582 -3.319979 1.109248 -4.947641 0.824790 
4810 1.000000 0.400000 0.127572 -3.276170 1.119654 -4.863709 0.648491 
4820 1.000000 0.400000 0.129483 -3.232631 1.135094 -4.751290 0.512792 
4830 1.000000 0.400000 0.131159 -3.190248 1.155256 -4.619489 0.374920 
4840 1.000000 0.400000 0.132372 -3.151076 1.179488 -4.487143 0.267700 
4850 1.000000 0.400000 0.133150 -3.112197 1.209277 -4.309914 0.189273 
4860 1.000000 0.400000 0.133357 -3.074533 1.245135 -4.121805 0.140261 
4870 1.000000 0.400000 0.133080 -3.037688 1.288130 -3.930153 0.131958 
4880 1.000000 0.400000 0.132582 -3.001992 1.338558 -3.754646 0.139514 
4890 1.000000 0.400000 0.131976 -2.970842 1.394130 -3.596276 0.132579 
4900 1.000000 0.400000 0.131842 -2.943613 1.455032 -3.422111 0.192304 
4910 1.000000 0.400000 0.132265 -2.923535 1.520162 -3.234570 0.214078 
4920 1.000000 0.400000 0.133646 -2.911357 1.588761 -3.062000 0.280609 
4930 1.000000 0.400000 0.136661 -2.906432 1.663726 -2.918267 0.407932 
4940 1.000000 0.400000 0.140977 -2.910873 1.740987 -2.746037 0.477069 
4950 1.000000 0.400000 0.145670 -2.925008 1.816454 -2.624811 0.604777 
4960 1.000000 0.400000 0.150930 -2.948532 1.894443 -2.520836 0.759104 
4970 1.000000 0.400000 0.155335 -2.982321 1.969532 -2.406886 0.907079 
4980 1.000000 0.400000 0.158540 -3.027004 2.041939 -2.336435 1.081306 
4990 1.000000 0.400000 0.159784 -3.081391 2.107888 -2.262536 1.253066 
5000 1.000000 0.400000 0.160006 -3.146415 2.170823 -2.291757 1.438475 
5010 1.000000 0.400000 0.159098 -3.220686 2.227081 -2.288411 1.621616 
5020 1.000000 0.400000 0.157623 -3.304175 2.275029 -2.311700 1.805402 
5030 1.000000 0.400000 0.156702 -3.393838 2.311828 -2.357781 1.968484 
5040 1.000000 0.400000 0.158013 -3.488736 2.336917 -2.408863 2.155981 
5050 1.000000 0.400000 0.161430 -3.581244 2.347431 -2.441601 2.324228 
5060 1.000000 0.400000 0.166479 -3.666740 2.343387 -2.448553 2.514715 
5070 1.000000 0.400000 0.170177 -3.738537 2.329261 -2.445084 2.692535 
5080 1.000000 0.400000 0.172282 -3.800998 2.308001 -2.514953 2.859261 
5090 1.000000 0.400000 0.172960 -3.859760 2.279133 -2.669096 2.967790 
5100 1.000000 0.400000 0.171994 -3.914571 2.243082 -2.816584 3.087941 
5110 1.000000 0.400000 0.169261 -3.964215 2.200669 -2.972077 3.148502 
5120 1.000000 0.400000 0.164994 -4.009163 2.152289 -3.143279 3.214282 
5130 1.000000 0.400000 0.159212 -4.049349 2.097062 -3.320068 3.249933 
5140 1.000000 0.400000 0.152270 -4.083486 2.036070 -3.512793 3.230806 
5150 1.000000 0.400000 0.144540 -4.110982 1.968631 -3.697432 3.225268 
5160 1.000000 0.400000 0.137029 -4.129822 1.898188 -3.869989 3.168229 
5170 1.000000 0.400000 0.130710 -4.139193 1.827243 -4.056528 3.196373 
5180 1.000000 0.400000 0.126737 -4.139902 1.765906 -4.204244 3.264776 
5190 1.000000 0.400000 0.124448 -4.134283 1.713431 -4.395176 3.262148 
5200 1.000000 0.400000 0.123165 -4.123787 1.666388 -4.569212 3.246352 
5210 1.000000 0.400000 0.122467 -4.109077 1.624091 -4.746025 3.171735 
5220 1.000000 0.400000 0.121996 -4.090151 1.584766 -4.892386 3.050969 
5230 1.000000 0.400000 0.121631 -4.067362 1.548195 -5.034233 2.938889 
5240 1.000000 0.400000 0.121268 -4.040957 1.514617 -5.166763 2.796234 
5250 1.000000 0.400000 0.120808 -4.011106 1.484400 -5.260534 2.630946 
5260 1.000000 0.400000 0.120338 -3.978765 1.457912 -5.360661 2.475761 
5270 1.000000 0.400000 0.119920 -3.943680 1.435014 -5.404151 2.295087 
5280 1.000000 0.400000 0.119619 -3.905587 1.415467 -5.445629 2.108096 
5290 1.000000 0.400000 0.119603 -3.865613 1.400196 -5.467921 1.921226 
5300 1.000000 0.400000 0.119949 -3.822435 1.388708 -5.445070 1.730153 
5310 1.000000 0.400000 0.120789 -3.777734 1.381966 -5.417601 1.545733 
5320 1.000000 0.400000 0.122145 -3.732118 1.380117 -5.379235 1.357468 
5330 1.000000 0.400000 0.123864 -3.686947 1.383480 -5.324720 1.170850 
5340 1.000000 0.400000 0.125843 -3.640758 1.391822 -5.226861 1.018684 
5350 1.000000 0.400000 0.127831 -3.596188 1.405213 -5.130947 0.847834 
5360 1.000000 0.400000 0.129726 -3.551276 1.423914 -4.983758 0.734908 
5370 1.000000 0.400000 0.131377 -3.506242 1.448542 -4.815262 0.644977 
5380 1.000000 0.400000 0.132563 -3.462555 1.479160 -4.653783 0.540293 
5390 1.000000 0.400000 0.133196 -3.420682 1.516126 -4.475863 0.483258 
5400 1.000000 0.400000 0.133304 -3.380451 1.560059 -4.284888 0.445757 
5410 1.000000 0.400000 0.132881 -3.343755 1.610960 -4.098049 0.448441 
5420 1.000000 0.400000 0.132371 -3.310246 1.669340 -3.917243 0.477568 
5430 1.000000 0.400000 0.132244 -3.281724 1.734284 -3.736618 0.514771 
5440 1.000000 0.400000 0.133256 -3.258626 1.807331 -3.559633 0.595500 
5450 1.000000 0.400000 0.135598 -3.245159 1.883650 -3.376788 0.640723 
5460 1.000000 0.400000 0.139651 -3.241223 1.963881 -3.222087 0.742189 
5470 1.000000 0.400000 0.144987 -3.247457 2.045384 -3.076482 0.846789 
5480 1.000000 0.400000 0.150921 -3.264450 2.127490 -2.923511 0.965648 
5490 1.000000 0.400000 0.155767 -3.292945 2.204997 -2.789199 1.097466 
5500 1.000000 0.400000 0.159230 -3.331730 2.278050 -2.684466 1.253350 
5510 1.000000 0.400000 0.161253 -3.380998 2.347711 -2.636665 1.438551 
5520 1.000000 0.400000 0.161232 -3.439878 2.410746 -2.563832 1.606955 
5530 1.000000 0.400000 0.160565 -3.508316 2.470802 -2.624911 1.786691 
5540 1.000000 0.400000 0.159846 -3.588161 2.527874 -2.690634 1.963160 
5550 1.000000 0.400000 0.159210 -3.677641 2.576316 -2.709038 2.150066 
5560 1.000000 0.400000 0.160002 -3.774352 2.612837 -2.773087 2.326680 
5570 1.000000 0.400000 0.163234 -3.874141 2.634861 -2.821694 2.495750 
5580 1.000000 0.400000 0.168748 -3.966279 2.640762 -2.788193 2.681666 
5590 1.000000 0.400000 0.173959 -4.043589 2.633652 -2.741144 2.861692 
5600 1.000000 0.400000 0.177020 -4.107734 2.618479 -2.766774 3.050988 
5610 1.000000 0.400000 0.178421 -4.164550 2.596542 -2.858749 3.213816 
5620 1.000000 0.400000 0.178199 -4.216536 2.568392 -2.983736 3.350943 
5630 1.000000 0.400000 0.176339 -4.265208 2.533745 -3.153326 3.443924 
5640 1.000000 0.400000 0.172795 -4.310482 2.492513 -3.315279 3.523561 
5650 1.000000 0.400000 0.167850 -4.352710 2.444784 -3.490935 3.565942 
5660 1.000000 0.400000 0.161540 -4.390310 2.391055 -3.670637 3.533891 
5670 1.000000 0.400000 0.154230 -4.423686 2.330757 -3.854798 3.542645 
5680 1.000000 0.400000 0.146185 -4.449199 2.265967 -4.042865 3.542840 
5690 1.000000 0.400000 0.138191 -4.465961 2.198276 -4.230550 3.526960 
5700 1.000000 0.400000 0.131259 -4.473173 2.130686 -4.423535 3.499277 
5710 1.000000 0.400000 0.126138 -4.470964 2.067017 -4.615813 3.517855 
5720 1.000000 0.400000 0.123069 -4.461900 2.011886 -4.794451 3.486491 
5730 1.000000 0.400000 0.121323 -4.447545 1.962851 -4.988722 3.486346 
5740 1.000000 0.400000 0.120465 -4.429473 1.920153 -5.154090 3.401754 
5750 1.000000 0.400000 0.119975 -4.407201 1.880685 -5.302233 3.280899 
5760 1.000000 0.400000 0.119676 -4.380936 1.844372 -5.422377 3.137906 
5770 1.000000 0.400000 0.119481 -4.351203 1.811804 -5.548182 2.988256 
5780 1.000000 0.400000 0.119337 -4.318041 1.782691 -5.626977 2.816245 
5790 1.000000 0.400000 0.119323 -4.282525 1.757869 -5.720831 2.655462 
5800 1.000000 0.400000 0.119557 -4.245933 1.737744 -5.778748 2.485044 
5810 1.000000 0.400000 0.120035 -4.206236 1.721086 -5.793375 2.295046 
5820 1.000000 0.400000 0.120902 -4.164343 1.708510 -5.802287 2.110094 
5830 1.000000 0.400000 0.122189 -4.121286 1.700550 -5.773059 1.922155 
5840 1.000000 0.400000 0.123905 -4.076382 1.697166 -5.723179 1.733420 
5850 1.000000 0.400000 0.126045 -4.029499 1.698427 -5.657720 1.581195 
5860 1.000000 0.400000 0.128325 -3.984528 1.704427 -5.607091 1.396287 
5870 1.000000 0.400000 0.130543 -3.940430 1.715477 -5.518281 1.229128 
5880 1.000000 0.400000 0.132515 -3.899324 1.730207 -5.441614 1.091744 
5890 1.000000 0.400000 0.134165 -3.859773 1.749032 -5.322550 0.984031 
5900 1.000000 0.400000 0.135503 -3.819682 1.772771 -5.174386 0.866867 
5910 1.000000 0.400000 0.136212 -3.781257 1.801594 -5.002168 0.786826 
5920 1.000000 0.400000 0.136412 -3.743238 1.836384 -4.821249 0.752760 
5930 1.000000 0.400000 0.136120 -3.705580 1.877906 -4.638672 0.743316 
5940 1.000000 0.400000 0.135330 -3.669474 1.926881 -4.440710 0.736738 
5950 1.000000 0.400000 0.134212 -3.637418 1.982093 -4.262809 0.766853 
5960 1.000000 0.400000 0.133500 -3.607201 2.046529 -4.092991 0.851269 
5970 1.000000 0.400000 0.133503 -3.583881 2.117162 -3.902679 0.884395 
5980 1.000000 0.400000 0.135074 -3.568162 2.194772 -3.745368 0.996569 
5990 1.000000 0.400000 0.138659 -3.561840 2.276896 -3.575330 1.076298 
6000 1.000000 0.400000 0.144034 -3.566218 2.361695 -3.416782 1.172493 
6010 1.000000 0.400000 0.149586 -3.582308 2.442950 -3.248144 1.267018 
6020 1.000000 0.400000 0.154328 -3.610009 2.520511 -3.118396 1.415411 
6030 1.000000 0.400000 0.157392 -3.647026 2.590997 -2.994952 1.528897 
6040 1.000000 0.400000 0.159288 -3.693361 2.658509 -2.948439 1.713860 
6050 1.000000 0.400000 0.160461 -3.750558 2.725576 -2.929080 1.896160 
6060 1.000000 0.400000 0.159647 -3.816408 2.784374 -2.900689 2.077635 
6070 1.000000 0.400000 0.157736 -3.892274 2.836983 -2.936398 2.267891 
6080 1.000000 0.400000 0.155865 -3.979261 2.883259 -2.996668 2.454021 
6090 1.000000 0.400000 0.155433 -4.075777 2.919587 -3.086092 2.623004 
6100 1.000000 0.400000 0.157656 -4.176207 2.942080 -3.119805 2.809510 
6110 1.000000 0.400000 0.161879 -4.268492 2.947105 -3.090787 2.997945 
6120 1.000000 0.400000 0.166235 -4.344548 2.939741 -3.024608 3.168987 
6130 1.000000 0.400000 0.168793 -4.407495 2.925016 -3.054452 3.352222 
6140 1.000000 0.400000 0.170093 -4.464490 2.903475 -3.148078 3.518372 
6150 1.000000 0.400000 0.169854 -4.516465 2.875558 -3.276540 3.658322 
6160 1.000000 0.400000 0.168098 -4.564038 2.841724 -3.434758 3.762122 
6170 1.000000 0.400000 0.164867 -4.609503 2.800705 -3.617548 3.800261 
6180 1.000000 0.400000 0.160290 -4.651146 2.753661 -3.775718 3.885576 
6190 1.000000 0.400000 0.154585 -4.687522 2.701662 -3.956711 3.897683 
6200 1.000000 0.400000 0.147837 -4.717660 2.644575 -4.151000 3.918161 
6210 1.000000 0.400000 0.140427 -4.741431 2.581738 -4.340689 3.874424 
6220 1.000000 0.400000 0.133201 -4.757385 2.515186 -4.531449 3.854265 
6230 1.000000 0.400000 0.127242 -4.763970 2.449683 -4.719120 3.861160 
6240 1.000000 0.400000 0.123374 -4.762377 2.391988 -4.896883 3.901305 
6250 1.000000 0.400000 0.121028 -4.754547 2.339675 -5.073570 3.862930 
6260 1.000000 0.400000 0.119774 -4.741503 2.292264 -5.259523 3.833524 
6270 1.000000 0.400000 0.119234 -4.724463 2.250124 -5.439137 3.780032 
6280 1.000000 0.400000 0.119112 -4.704460 2.213109 -5.605744 3.684093 
6290 1.000000 0.400000 0.119147 -4.681038 2.179472 -5.742812 3.546482 
6300 1.000000 0.400000 0.119191 -4.653862 2.148020 -5.791853 3.385177 
6310 1.000000 0.400000 0.119331 -4.623599 2.118225 -5.883249 3.246715 
6320 1.000000 0.400000 0.119524 -4.590432 2.091645 -5.983255 3.098211 
6330 1.000000 0.400000 0.119814 -4.555177 2.069142 -6.052024 2.915850 
6340 1.000000 0.400000 0.120276 -4.517692 2.050390 -6.064034 2.741165 
6350 1.000000 0.400000 0.120985 -4.477530 2.034899 -6.068491 2.563200 
6360 1.000000 0.400000 0.122058 -4.434908 2.023446 -6.064902 2.372238 
6370 1.000000 0.400000 0.123502 -4.390952 2.016717 -6.048637 2.180200 
6380 1.000000 0.400000 0.125330 -4.345869 2.014673 -6.000955 2.006603 
6390 1.000000 0.400000 0.127422 -4.300625 2.017426 -5.939635 1.829826 
6400 1.000000 0.400000 0.129566 -4.256081 2.025188 -5.851603 1.659115 
6410 1.000000 0.400000 0.131672 -4.210581 2.038329 -5.722222 1.516119 
6420 1.000000 0.400000 0.133569 -4.164810 2.057180 -5.580285 1.384821 
6430 1.000000 0.400000 0.135151 -4.118211 2.082185 -5.417853 1.287135 
6440 1.000000 0.400000 0.136165 -4.072727 2.113532 -5.253270 1.194955 
6450 1.000000 0.400000 0.136507 -4.028647 2.151794 -5.066042 1.144916 
6460 1.000000 0.400000 0.136165 -3.986247 2.197589 -4.876307 1.125310 
6470 1.000000 0.400000 0.135171 -3.947882 2.250188 -4.684856 1.099421 
6480 1.000000 0.400000 0.133844 -3.913607 2.310604 -4.506357 1.105250 
6490 1.000000 0.400000 0.132826 -3.885448 2.376423 -4.330441 1.169449 
6500 1.000000 0.400000 0.132881 -3.862978 2.449781 -4.160293 1.233359 
6510 1.000000 0.400000 0.134763 -3.848308 2.528252 -3.997836 1.315524 
6520 1.000000 0.400000 0.138939 -3.842703 2.612206 -3.837057 1.417294 
6530 1.000000 0.400000 0.144689 -3.848239 2.697224 -3.700701 1.526031 
6540 1.000000 0.400000 0.150968 -3.864995 2.780942 -3.534960 1.629749 
6550 1.000000 0.400000 0.157273 -3.891869 2.863094 -3.461486 1.779857 
6560 1.000000 0.400000 0.162898 -3.928133 2.942100 -3.347090 1.895342 
6570 1.000000 0.400000 0.166126 -3.973141 3.012242 -3.236155 2.043577 
6580 1.000000 0.400000 0.167700 -4.027344 3.077477 -3.232590 2.221576 
6590 1.000000 0.400000 0.168653 -4.091904 3.141254 -3.225780 2.403437 
6600 1.000000 0.400000 0.167500 -4.164463 3.195465 -3.198889 2.588848 
6610 1.000000 0.400000 0.165841 -4.246856 3.243069 -3.270259 2.760854 
6620 1.000000 0.400000 0.165609 -4.339072 3.284014 -3.343428 2.935652 
6630 1.000000 0.400000 0.166798 -4.435888 3.310738 -3.363041 3.128055 
6640 1.000000 0.400000 0.169089 -4.526497 3.320083 -3.346011 3.319545 
6650 1.000000 0.400000 0.171977 -4.603801 3.315158 -3.324724 3.512239 
6660 1.000000 0.400000 0.173837 -4.669284 3.301312 -3.300806 3.699245 
6670 1.000000 0.400000 0.174424 -4.724676 3.282034 -3.366844 3.860652 
6680 1.000000 0.400000 0.173787 -4.776049 3.256667 -3.500086 4.004284 
6690 1.000000 0.400000 0.171691 -4.823409 3.225409 -3.632958 4.134956 
6700 1.000000 0.400000 0.168105 -4.866349 3.188753 -3.800952 4.222516 
6710 1.000000 0.400000 0.163145 -4.906762 3.145479 -3.981664 4.246839 
6720 1.000000 0.400000 0.156996 -4.943750 3.096023 -4.167978 4.279300 
6730 1.000000 0.400000 0.149768 -4.976421 3.039988 -4.348034 4.258906 
6740 1.000000 0.400000 0.141960 -5.003288 2.978359 -4.541244 4.269085 
6750 1.000000 0.400000 0.134363 -5.022435 2.913708 -4.706786 4.252342 
6760 1.000000 0.400000 0.127998 -5.033313 2.849550 -4.884944 4.242491 
6770 1.000000 0.400000 0.123332 -5.035733 2.788133 -5.067091 4.255675 
6780 1.000000 0.400000 0.120511 -5.030974 2.731935 -5.246713 4.235424 
6790 1.000000 0.400000 0.119247 -5.021620 2.683349 -5.421059 4.261796 
6800 1.000000 0.400000 0.118873 -5.008149 2.639933 -5.582675 4.201803 
6810 1.000000 0.400000 0.119009 -4.991333 2.601034 -5.761787 4.156577 
6820 1.000000 0.400000 0.119376 -4.971239 2.565659 -5.904083 4.028913 
6830 1.000000 0.400000 0.119809 -4.947704 2.532999 -6.040487 3.893357 
6840 1.000000 0.400000 0.120241 -4.920791 2.502977 -6.139861 3.732195 
6850 1.000000 0.400000 0.120608 -4.889936 2.475088 -6.222384 3.561142 
6860 1.000000 0.400000 0.120965 -4.855577 2.449989 -6.269567 3.374170 
6870 1.000000 0.400000 0.121372 -4.818486 2.428672 -6.326953 3.193213 
6880 1.000000 0.400000 0.121938 -4.779553 2.411614 -6.351804 3.014563 
6890 1.000000 0.400000 0.122769 -4.737410 2.398004 -6.337640 2.830797 
6900 1.000000 0.400000 0.123969 -4.693427 2.388720 -6.337612 2.651553 
6910 1.000000 0.400000 0.125537 -4.648728 2.384091 -6.287290 2.472856 
6920 1.000000 0.400000 0.127407 -4.603090 2.384358 -6.242559 2.283816 
6930 1.000000 0.400000 0.129530 -4.556551 2.389544 -6.159227 2.121217 
6940 1.000000 0.400000 0.131698 -4.509465 2.400109 -6.056609 1.963465 
6950 1.000000 0.400000 0.133643 -4.463160 2.416112 -5.921929 1.834674 
6960 1.000000 0.400000 0.135270 -4.417852 2.437494 -5.807713 1.674481 
6970 1.000000 0.400000 0.136384 -4.374215 2.464063 -5.663783 1.570102 
6980 1.000000 0.400000 0.136790 -4.333088 2.495959 -5.490874 1.504440 
6990 1.000000 0.400000 0.136551 -4.293030 2.534349 -5.309037 1.441801 
7000 1.000000 0.400000 0.135698 -4.254765 2.579538 -5.133105 1.467293 
7010 1.000000 0.400000 0.134729 -4.216495 2.632449 -4.953541 1.493187 
7020 1.000000 0.400000 0.133558 -4.181952 2.693234 -4.763104 1.511567 
7030 1.000000 0.400000 0.132900 -4.152026 2.760899 -4.604795 1.567355 
7040 1.000000 0.400000 0.133560 -4.127842 2.835794 -4.433871 1.639895 
7050 1.000000 0.400000 0.136422 -4.110695 2.917101 -4.284797 1.734237 
7060 1.000000 0.400000 0.141330 -4.104094 3.001333 -4.104871 1.801769 
7070 1.000000 0.400000 0.147447 -4.109626 3.085759 -3.940564 1.900446 
7080 1.000000 0.400000 0.153688 -4.126933 3.168061 -3.793565 2.020100 
7090 1.000000 0.400000 0.158947 -4.155102 3.245917 -3.674935 2.146788 
7100 1.000000 0.400000 0.163136 -4.193930 3.321496 -3.565512 2.306960 
7110 1.000000 0.400000 0.165317 -4.243811 3.391990 -3.494979 2.490977 
7120 1.000000 0.400000 0.165626 -4.303508 3.456768 -3.471336 2.659064 
7130 1.000000 0.400000 0.164615 -4.372514 3.516082 -3.471082 2.838320 
7140 1.000000 0.400000 0.162466 -4.450668 3.568261 -3.478631 3.022670 
7150 1.000000 0.400000 0.160053 -4.537498 3.611722 -3.519766 3.204439 
7160 1.000000 0.400000 0.158720 -4.632048 3.643883 -3.605683 3.382379 
7170 1.000000 0.400000 0.159586 -4.729667 3.661967 -3.632615 3.574225 
7180 1.000000 0.400000 0.162345 -4.815067 3.664094 -3.555122 3.721562 
7190 1.000000 0.400000 0.165432 -4.881839 3.657773 -3.450220 3.872105 
7200 1.000000 0.400000 0.167371 -4.936584 3.646820 -3.474406 4.039766 
7210 1.000000 0.400000 0.168445 -4.986654 3.630594 -3.557655 4.199969 
7220 1.000000 0.400000 0.168424 -5.033504 3.608856 -3.663872 4.355268 
7230 1.000000 0.400000 0.167179 -5.077588 3.581686 -3.813484 4.471188 
7240 1.000000 0.400000 0.164745 -5.118392 3.549648 -3.953727 4.583072 
7250 1.000000 0.400000 0.161104 -5.156111 3.512467 -4.131042 4.649718 
7260 1.000000 0.400000 0.156244 -5.190599 3.469755 -4.317207 4.694252 
7270 1.000000 0.400000 0.150526 -5.223518 3.420625 -4.487556 4.660654 
7280 1.000000 0.400000 0.144094 -5.251277 3.366779 -4.668255 4.694129 
7290 1.000000 0.400000 0.137401 -5.272620 3.309142 -4.858756 4.668185 
7300 1.000000 0.400000 0.131001 -5.287046 3.248198 -5.047034 4.663098 
7310 1.000000 0.400000 0.125774 -5.293276 3.187680 -5.233775 4.641908 
7320 1.000000 0.400000 0.122251 -5.291854 3.131456 -5.417726 4.629234 
7330 1.000000 0.400000 0.120211 -5.284280 3.079715 -5.598838 4.643600 
7340 1.000000 0.400000 0.119302 -5.272000 3.033789 -5.779712 4.578758 
7350 1.000000 0.400000 0.119024 -5.254899 2.990848 -5.950460 4.494656 
7360 1.000000 0.400000 0.119149 -5.234279 2.952580 -6.115367 4.397808 
7370 1.000000 0.400000 0.119431 -5.210173 2.917567 -6.242211 4.275330 
7380 1.000000 0.400000 0.119801 -5.182539 2.885270 -6.346070 4.113491 
7390 1.000000 0.400000 0.120181 -5.150608 2.855116 -6.420091 3.936211 
7400 1.000000 0.400000 0.120620 -5.115264 2.828082 -6.480265 3.770643 
7410 1.000000 0.400000 0.121195 -5.076387 2.804001 -6.504612 3.590976 
7420 1.000000 0.400000 0.121998 -5.033848 2.783505 -6.518364 3.409255 
7430 1.000000 0.400000 0.123177 -4.987826 2.767107 -6.516636 3.218685 
7440 1.000000 0.400000 0.124784 -4.940101 2.756050 -6.501990 3.032135 
7450 1.000000 0.400000 0.126861 -4.890320 2.750258 -6.463104 2.843707 
7460 1.000000 0.400000 0.129213 -4.841460 2.750351 -6.438794 2.654361 
7470 1.000000 0.400000 0.131624 -4.793495 2.756123 -6.369301 2.474148 
7480 1.000000 0.400000 0.134006 -4.744938 2.767599 -6.248757 2.323796 
7490 1.000000 0.400000 0.136101 -4.696579 2.785020 -6.116030 2.191879 
7500 1.000000 0.400000 0.137830 -4.648346 2.808485 -5.980328 2.055432 
7510 1.000000 0.400000 0.138921 -4.601369 2.838167 -5.809444 1.989978 
7520 1.000000 0.400000 0.139291 -4.556088 2.874159 -5.647506 1.909175 
7530 1.000000 0.400000 0.139019 -4.511516 2.917628 -5.454022 1.904456 
7540 1.000000 0.400000 0.138069 -4.469744 2.968176 -5.275289 1.858255 
7550 1.000000 0.400000 0.136457 -4.432877 3.025575 -5.084836 1.869104 
7560 1.000000 0.400000 0.134978 -4.399401 3.090867 -4.918441 1.916197 
7570 1.000000 0.400000 0.134078 -4.372730 3.162237 -4.739352 1.958869 
7580 1.000000 0.400000 0.134665 -4.353301 3.240622 -4.565773 2.045149 
7590 1.000000 0.400000 0.137126 -4.344184 3.322869 -4.400035 2.130799 
7600 1.000000 0.400000 0.141707 -4.345642 3.408705 -4.250194 2.243221 
7610 1.000000 0.400000 0.147437 -4.358688 3.494108 -4.095600 2.353091 
7620 1.000000 0.400000 0.153279 -4.383519 3.578019 -3.966816 2.481378 
7630 1.000000 0.400000 0.157756 -4.418853 3.655432 -3.831639 2.600320 
7640 1.000000 0.400000 0.160653 -4.463822 3.727385 -3.765308 2.768048 
7650 1.000000 0.400000 0.162784 -4.518832 3.797763 -3.760217 2.950591 
7660 1.000000 0.400000 0.163499 -4.585037 3.863715 -3.753901 3.138232 
7670 1.000000 0.400000 0.162833 -4.661688 3.922678 -3.737618 3.324729 
7680 1.000000 0.400000 0.160848 -4.746178 3.970139 -3.768765 3.510680 
7690 1.000000 0.400000 0.159763 -4.840013 4.007964 -3.835020 3.689003 
