7690 0 -4.788027 3.970227 2.886928 -3.835020 3.689003
7690 1 -4.950184 3.882315 2.976265 -3.835020 3.689003
7690 2 -4.889326 3.930325 2.921054 -3.835020 3.689003
7690 3 -4.864982 3.937846 2.892912 -3.835020 3.689003
7690 4 -4.917361 3.841574 3.023857 -3.835020 3.689003
7690 5 -4.671175 4.048990 2.734962 -3.835020 3.689003
7690 6 -5.056310 3.875889 2.999212 -3.835020 3.689003
7690 7 -4.688178 4.176177 2.616259 -3.835020 3.689003
7690 8 -4.821962 4.070939 2.777955 -3.835020 3.689003
7690 9 -4.622214 4.143533 2.617735 -3.835020 3.689003
7690 10 -4.929924 3.972011 2.882962 -3.835020 3.689003
7690 11 -4.710898 4.068262 2.730129 -3.835020 3.689003
7690 12 -4.807875 3.976394 2.882530 -3.835020 3.689003
7690 13 -4.998892 3.902972 2.958587 -3.835020 3.689003
7690 14 -4.741774 3.985296 2.821190 -3.835020 3.689003
7690 15 -4.772791 4.019227 2.809538 -3.835020 3.689003
7690 16 -4.810235 4.030864 2.794614 -3.835020 3.689003
7690 17 -5.027388 3.889930 2.970665 -3.835020 3.689003
7690 18 -4.863879 4.108190 2.739780 -3.835020 3.689003
7690 19 -4.858125 4.070624 2.752924 -3.835020 3.689003
7690 20 -5.017661 3.970007 2.894527 -3.835020 3.689003
7690 21 -4.908896 3.997283 2.869870 -3.835020 3.689003
7690 22 -4.946771 3.951813 2.901280 -3.835020 3.689003
7690 23 -4.839253 4.100855 2.745518 -3.835020 3.689003
7690 24 -4.907323 4.075066 2.782969 -3.835020 3.689003
7690 25 -4.799065 4.065806 2.756031 -3.835020 3.689003
7690 26 -4.875966 3.972099 2.863623 -3.835020 3.689003
7690 27 -4.746731 4.091988 2.724923 -3.835020 3.689003
7690 28 -4.910333 3.918469 2.957234 -3.835020 3.689003
7690 29 -4.850405 4.011883 2.794780 -3.835020 3.689003
7690 30 -4.992634 3.942797 2.920145 -3.835020 3.689003
7690 31 -4.900997 4.035337 2.805721 -3.835020 3.689003
7690 32 -4.925272 3.937218 2.908065 -3.835020 3.689003
7690 33 -4.972716 3.912616 2.951725 -3.835020 3.689003
7690 34 -4.761847 4.056790 2.764400 -3.835020 3.689003
7690 35 -5.048476 3.832934 3.026610 -3.835020 3.689003
7690 36 -4.846269 3.921026 2.939873 -3.835020 3.689003
7690 37 -4.737807 4.059581 2.754415 -3.835020 3.689003
7690 38 -4.656002 4.177921 2.588001 -3.835020 3.689003
7690 39 -4.939843 3.856488 3.007044 -3.835020 3.689003
7690 40 -4.790039 4.098798 2.719831 -3.835020 3.689003
7690 41 -4.766787 3.975694 2.846618 -3.835020 3.689003
7690 42 -4.750423 4.020834 2.794663 -3.835020 3.689003
7690 43 -4.719361 4.134079 2.661646 -3.835020 3.689003
7690 44 -4.561502 4.186607 2.530713 -3.835020 3.689003
7690 45 -4.969286 3.945799 2.918699 -3.835020 3.689003
7690 46 -4.699752 4.039039 2.768382 -3.835020 3.689003
7690 47 -4.875349 3.903061 2.952906 -3.835020 3.689003
7690 48 -4.794299 4.013958 2.840452 -3.835020 3.689003
7690 49 -4.926605 4.015150 2.840099 -3.835020 3.689003
7690 50 -4.723364 4.097822 2.701267 -3.835020 3.689003
7690 51 -4.692232 4.139940 2.637358 -3.835020 3.689003
7690 52 -4.964881 4.031443 2.850043 -3.835020 3.689003
7690 53 -5.017255 3.931667 2.943172 -3.835020 3.689003
7690 54 -4.888604 4.008971 2.830408 -3.835020 3.689003
7690 55 -4.699203 4.102125 2.693658 -3.835020 3.689003
7690 56 -4.618261 4.103175 2.646093 -3.835020 3.689003
7690 57 -4.836095 3.962785 2.883195 -3.835020 3.689003
7690 58 -4.935762 4.041024 2.791465 -3.835020 3.689003
7690 59 -4.963352 3.827196 3.036429 -3.835020 3.689003
7690 60 -4.945443 3.991833 2.847231 -3.835020 3.689003
7690 61 -4.992705 3.865833 3.001335 -3.835020 3.689003
7690 62 -4.927819 3.894291 2.962962 -3.835020 3.689003
7690 63 -5.048215 3.921414 2.952089 -3.835020 3.689003
7690 64 -4.769820 4.087545 2.746280 -3.835020 3.689003
7690 65 -4.819991 3.910522 2.943754 -3.835020 3.689003
7690 66 -4.855551 3.970023 2.869793 -3.835020 3.689003
7690 67 -4.968227 3.979037 2.897631 -3.835020 3.689003
7690 68 -4.883658 4.062931 2.789430 -3.835020 3.689003
7690 69 -4.673875 4.117360 2.653069 -3.835020 3.689003
7690 70 -4.770706 4.131202 2.689771 -3.835020 3.689003
7690 71 -4.902526 3.885867 2.987852 -3.835020 3.689003
7690 72 -4.815354 4.101922 2.713328 -3.835020 3.689003
7690 73 -4.972877 3.880318 2.981128 -3.835020 3.689003
7690 74 -5.020197 3.814277 3.060514 -3.835020 3.689003
7690 75 -4.989043 3.994860 2.859465 -3.835020 3.689003
7690 76 -4.815412 3.997896 2.820203 -3.835020 3.689003
7690 77 -4.909708 3.967821 2.884349 -3.835020 3.689003
7690 78 -4.673056 4.086967 2.722180 -3.835020 3.689003
7690 79 -4.846872 4.047836 2.791114 -3.835020 3.689003
7690 80 -4.621924 4.187462 2.573287 -3.835020 3.689003
7690 81 -4.946911 3.918600 2.945986 -3.835020 3.689003
7690 82 -4.875553 3.868981 2.993282 -3.835020 3.689003
7690 83 -4.725708 4.027940 2.790268 -3.835020 3.689003
7690 84 -4.784491 4.048185 2.794536 -3.835020 3.689003
7690 85 -4.818781 3.944468 2.911478 -3.835020 3.689003
7690 86 -4.835751 3.997499 2.869022 -3.835020 3.689003
7690 87 -4.591640 4.190080 2.547832 -3.835020 3.689003
7690 88 -4.583124 4.144522 2.593546 -3.835020 3.689003
7690 89 -4.733845 4.164735 2.634928 -3.835020 3.689003
7690 90 -4.869521 3.999497 2.872128 -3.835020 3.689003
7690 91 -5.018508 3.859648 3.018539 -3.835020 3.689003
7690 92 -4.654220 4.144840 2.630334 -3.835020 3.689003
7690 93 -4.797259 4.137561 2.697876 -3.835020 3.689003
7690 94 -4.829374 4.036947 2.813524 -3.835020 3.689003
7690 95 -4.892428 3.958159 2.925257 -3.835020 3.689003
7690 96 -4.990458 3.833182 3.032169 -3.835020 3.689003
7690 97 -4.646691 4.095244 2.678684 -3.835020 3.689003
7690 98 -4.746072 4.125996 2.684149 -3.835020 3.689003
7690 99 -4.869782 4.034375 2.817802 -3.835020 3.689003
