10 1.000000 0.400000 0.797013 -0.031943 -0.027287 0.042317 -1.816477 
20 1.000000 0.400000 0.794541 -0.032373 -0.008016 0.154123 -1.662286 
30 1.000000 0.400000 0.793815 -0.033708 0.014061 0.287960 -1.543821 
40 1.000000 0.400000 0.794472 -0.036496 0.036518 0.463553 -1.476466 
50 1.000000 0.400000 0.795961 -0.040971 0.058739 0.630485 -1.396350 
60 1.000000 0.400000 0.797533 -0.047342 0.080277 0.804894 -1.313907 
70 1.000000 0.400000 0.798331 -0.055452 0.100266 0.953530 -1.228211 
80 1.000000 0.400000 0.797802 -0.065456 0.119196 1.098234 -1.105439 
90 1.000000 0.400000 0.795289 -0.077452 0.136889 1.231535 -0.977788 
100 1.000000 0.400000 0.790401 -0.091780 0.153629 1.309128 -0.801309 
110 1.000000 0.400000 0.783173 -0.109263 0.170168 1.332995 -0.609199 
120 1.000000 0.400000 0.773777 -0.130260 0.186236 1.346212 -0.419678 
130 1.000000 0.400000 0.762828 -0.154635 0.201227 1.322790 -0.242547 
140 1.000000 0.400000 0.751188 -0.182513 0.214710 1.258022 -0.082538 
150 1.000000 0.400000 0.740634 -0.214369 0.227212 1.172514 0.070132 
160 1.000000 0.400000 0.731908 -0.249341 0.237367 1.110562 0.250052 
170 1.000000 0.400000 0.725946 -0.286448 0.243842 1.050921 0.433853 
180 1.000000 0.400000 0.723743 -0.323061 0.245773 1.028293 0.625325 
190 1.000000 0.400000 0.724147 -0.354787 0.243257 1.054394 0.817771 
200 1.000000 0.400000 0.725921 -0.379161 0.238641 1.160242 0.969859 
210 1.000000 0.400000 0.727702 -0.396490 0.234411 1.318417 1.063418 
220 1.000000 0.400000 0.728896 -0.410296 0.230036 1.328245 1.246369 
230 1.000000 0.400000 0.729366 -0.421886 0.225243 1.312331 1.437644 
240 1.000000 0.400000 0.728847 -0.432070 0.219882 1.253807 1.613679 
250 1.000000 0.400000 0.727156 -0.441483 0.213721 1.123905 1.755073 
260 1.000000 0.400000 0.723431 -0.450064 0.206812 1.003912 1.900632 
270 1.000000 0.400000 0.717328 -0.458019 0.198989 0.849725 2.000941 
280 1.000000 0.400000 0.708522 -0.465272 0.190206 0.676210 2.063088 
290 1.000000 0.400000 0.697188 -0.472127 0.179999 0.501279 2.076825 
300 1.000000 0.400000 0.683706 -0.479031 0.167597 0.321850 2.014172 
310 1.000000 0.400000 0.668046 -0.485832 0.152406 0.134129 1.955553 
320 1.000000 0.400000 0.650499 -0.491993 0.134105 -0.039152 1.865398 
330 1.000000 0.400000 0.632058 -0.497422 0.111847 -0.186943 1.746897 
340 1.000000 0.400000 0.614096 -0.501672 0.085582 -0.308835 1.631923 
350 1.000000 0.400000 0.598072 -0.504335 0.055348 -0.426661 1.485703 
360 1.000000 0.400000 0.585429 -0.504831 0.020822 -0.567100 1.370048 
370 1.000000 0.400000 0.577721 -0.501607 -0.013625 -0.757545 1.336183 
380 1.000000 0.400000 0.574103 -0.495507 -0.043087 -0.943851 1.356252 
390 1.000000 0.400000 0.572249 -0.488129 -0.066657 -1.122311 1.370181 
400 1.000000 0.400000 0.570727 -0.479151 -0.087512 -1.282308 1.282369 
410 1.000000 0.400000 0.568916 -0.468802 -0.106088 -1.444858 1.209125 
420 1.000000 0.400000 0.566384 -0.456187 -0.123970 -1.533872 1.040166 
430 1.000000 0.400000 0.562962 -0.440798 -0.141499 -1.636244 0.878671 
440 1.000000 0.400000 0.558795 -0.422863 -0.157988 -1.686059 0.709836 
450 1.000000 0.400000 0.554200 -0.402023 -0.173279 -1.736613 0.522882 
460 1.000000 0.400000 0.549644 -0.377691 -0.187140 -1.731714 0.330008 
470 1.000000 0.400000 0.546043 -0.350942 -0.198473 -1.762307 0.138291 
480 1.000000 0.400000 0.543796 -0.324239 -0.205982 -1.819464 -0.041276 
490 1.000000 0.400000 0.542733 -0.298814 -0.209998 -1.851965 -0.228774 
500 1.000000 0.400000 0.542362 -0.275505 -0.211052 -1.890960 -0.420804 
510 1.000000 0.400000 0.542105 -0.254629 -0.209837 -1.904296 -0.595622 
520 1.000000 0.400000 0.541471 -0.235166 -0.206615 -1.866221 -0.781582 
530 1.000000 0.400000 0.540057 -0.216485 -0.201354 -1.793322 -0.962483 
540 1.000000 0.400000 0.537246 -0.198511 -0.194043 -1.693275 -1.132030 
550 1.000000 0.400000 0.532399 -0.181181 -0.184528 -1.555904 -1.264727 
560 1.000000 0.400000 0.524820 -0.164523 -0.172592 -1.404137 -1.386910 
570 1.000000 0.400000 0.513992 -0.148113 -0.157682 -1.220375 -1.440820 
580 1.000000 0.400000 0.499353 -0.131783 -0.138917 -1.023226 -1.466598 
590 1.000000 0.400000 0.480809 -0.116181 -0.115838 -0.832166 -1.456731 
600 1.000000 0.400000 0.459165 -0.100954 -0.087066 -0.652708 -1.386456 
610 1.000000 0.400000 0.436394 -0.086479 -0.051763 -0.505093 -1.280721 
620 1.000000 0.400000 0.415442 -0.073148 -0.009128 -0.349080 -1.185177 
630 1.000000 0.400000 0.399472 -0.063364 0.040452 -0.202230 -1.064526 
640 1.000000 0.400000 0.391615 -0.060102 0.094211 -0.033206 -0.984638 
650 1.000000 0.400000 0.392043 -0.064684 0.149548 0.134866 -0.900800 
660 1.000000 0.400000 0.396159 -0.076795 0.199247 0.310511 -0.845076 
670 1.000000 0.400000 0.399907 -0.095023 0.243512 0.471869 -0.739246 
680 1.000000 0.400000 0.401421 -0.118717 0.283323 0.610710 -0.617672 
690 1.000000 0.400000 0.400422 -0.148353 0.320603 0.675979 -0.437722 
700 1.000000 0.400000 0.396909 -0.184729 0.355617 0.736777 -0.259737 
710 1.000000 0.400000 0.391458 -0.227320 0.386684 0.751703 -0.072284 
720 1.000000 0.400000 0.385280 -0.276598 0.413021 0.747028 0.118981 
730 1.000000 0.400000 0.380403 -0.330202 0.432210 0.697951 0.296444 
740 1.000000 0.400000 0.379045 -0.385852 0.443017 0.721532 0.484740 
750 1.000000 0.400000 0.379545 -0.436808 0.443602 0.704407 0.679360 
760 1.000000 0.400000 0.381069 -0.483844 0.436549 0.654442 0.838884 
770 1.000000 0.400000 0.381064 -0.523776 0.424080 0.621504 1.023273 
780 1.000000 0.400000 0.378234 -0.558648 0.406858 0.513635 1.177227 
790 1.000000 0.400000 0.371808 -0.589187 0.385590 0.395078 1.284319 
800 1.000000 0.400000 0.361966 -0.617697 0.359518 0.228129 1.355119 
810 1.000000 0.400000 0.348184 -0.643898 0.328066 0.047822 1.394174 
820 1.000000 0.400000 0.329697 -0.667012 0.290033 -0.148800 1.394210 
830 1.000000 0.400000 0.307567 -0.685665 0.245767 -0.325143 1.357449 
840 1.000000 0.400000 0.283578 -0.700710 0.192662 -0.482420 1.240674 
850 1.000000 0.400000 0.261190 -0.710118 0.131033 -0.625511 1.147413 
860 1.000000 0.400000 0.245426 -0.710265 0.065998 -0.787426 1.084600 
870 1.000000 0.400000 0.239213 -0.704796 0.016784 -0.863255 1.253078 
880 1.000000 0.400000 0.237416 -0.700739 -0.015751 -0.841778 1.417451 
890 1.000000 0.400000 0.237205 -0.699900 -0.041974 -0.657897 1.466709 
900 1.000000 0.400000 0.237651 -0.701983 -0.065166 -0.467357 1.485046 
910 1.000000 0.400000 0.238304 -0.706546 -0.086615 -0.281767 1.446488 
920 1.000000 0.400000 0.238885 -0.713473 -0.107245 -0.120228 1.345027 
930 1.000000 0.400000 0.239184 -0.723164 -0.127949 0.021340 1.217836 
940 1.000000 0.400000 0.238966 -0.736205 -0.149127 0.117676 1.055985 
950 1.000000 0.400000 0.237995 -0.752881 -0.170400 0.227128 0.900825 
960 1.000000 0.400000 0.236017 -0.773849 -0.191601 0.264757 0.724120 
970 1.000000 0.400000 0.232966 -0.800190 -0.212994 0.278887 0.532496 
980 1.000000 0.400000 0.228725 -0.831857 -0.232797 0.299166 0.346139 
990 1.000000 0.400000 0.223536 -0.870162 -0.250741 0.230239 0.173804 
1000 1.000000 0.400000 0.218240 -0.916823 -0.266826 0.167003 -0.004632 
1010 1.000000 0.400000 0.213598 -0.969993 -0.277370 0.086949 -0.172106 
1020 1.000000 0.400000 0.210834 -1.026670 -0.279831 0.014221 -0.345216 
1030 1.000000 0.400000 0.210023 -1.085297 -0.272348 -0.076386 -0.502920 
1040 1.000000 0.400000 0.209483 -1.143365 -0.254976 -0.199464 -0.646673 
1050 1.000000 0.400000 0.208903 -1.202555 -0.226926 -0.360029 -0.748420 
1060 1.000000 0.400000 0.206235 -1.256768 -0.188307 -0.515412 -0.853150 
1070 1.000000 0.400000 0.200737 -1.302855 -0.141423 -0.688043 -0.899436 
1080 1.000000 0.400000 0.193715 -1.345284 -0.084795 -0.854053 -0.868078 
1090 1.000000 0.400000 0.185762 -1.382636 -0.016296 -1.045271 -0.826339 
1100 1.000000 0.400000 0.178708 -1.409610 0.062010 -1.208562 -0.752490 
1110 1.000000 0.400000 0.176803 -1.423657 0.146518 -1.401055 -0.716133 
1120 1.000000 0.400000 0.178708 -1.419461 0.223978 -1.588562 -0.706666 
1130 1.000000 0.400000 0.181358 -1.402321 0.290380 -1.764519 -0.630794 
1140 1.000000 0.400000 0.182009 -1.375764 0.347046 -1.915560 -0.527103 
1150 1.000000 0.400000 0.179552 -1.340093 0.396782 -2.026374 -0.367413 
1160 1.000000 0.400000 0.173790 -1.294755 0.440973 -2.071692 -0.182578 
1170 1.000000 0.400000 0.165335 -1.239286 0.479921 -2.071299 -0.000376 
1180 1.000000 0.400000 0.155781 -1.173033 0.514015 -2.015355 0.174412 
1190 1.000000 0.400000 0.146734 -1.099230 0.537808 -1.982822 0.346290 
1200 1.000000 0.400000 0.140909 -1.030359 0.547017 -2.058954 0.503509 
1210 1.000000 0.400000 0.138774 -0.980381 0.546830 -2.209474 0.616267 
1220 1.000000 0.400000 0.138146 -0.944204 0.542731 -2.283867 0.789989 
1230 1.000000 0.400000 0.137725 -0.914241 0.535243 -2.244803 0.971507 
1240 1.000000 0.400000 0.137068 -0.886160 0.524106 -2.156081 1.136386 
1250 1.000000 0.400000 0.135985 -0.860278 0.509454 -2.031776 1.278251 
1260 1.000000 0.400000 0.134303 -0.835094 0.490465 -1.873236 1.390797 
1270 1.000000 0.400000 0.132030 -0.811554 0.467336 -1.709705 1.464844 
1280 1.000000 0.400000 0.129477 -0.791308 0.441622 -1.559822 1.525822 
1290 1.000000 0.400000 0.126541 -0.772474 0.411151 -1.384583 1.563892 
1300 1.000000 0.400000 0.123703 -0.757566 0.377669 -1.211346 1.572211 
1310 1.000000 0.400000 0.121353 -0.746781 0.341328 -1.028141 1.584823 
1320 1.000000 0.400000 0.119988 -0.741389 0.304689 -0.840904 1.599618 
1330 1.000000 0.400000 0.119703 -0.741482 0.269487 -0.645724 1.586689 
1340 1.000000 0.400000 0.120206 -0.746436 0.235704 -0.459626 1.549829 
1350 1.000000 0.400000 0.121161 -0.755929 0.203601 -0.287055 1.469159 
1360 1.000000 0.400000 0.122248 -0.769072 0.174400 -0.125540 1.385836 
1370 1.000000 0.400000 0.123227 -0.785850 0.147256 -0.002583 1.251286 
1380 1.000000 0.400000 0.123916 -0.807403 0.120696 0.072188 1.085597 
1390 1.000000 0.400000 0.124247 -0.834532 0.094896 0.151587 0.906737 
1400 1.000000 0.400000 0.124195 -0.867057 0.071557 0.165930 0.718207 
1410 1.000000 0.400000 0.123995 -0.905981 0.050613 0.159029 0.531966 
1420 1.000000 0.400000 0.124088 -0.952361 0.033305 0.109935 0.352075 
1430 1.000000 0.400000 0.125028 -1.006138 0.021280 0.027144 0.175851 
1440 1.000000 0.400000 0.127495 -1.065829 0.016689 -0.054409 0.001282 
1450 1.000000 0.400000 0.131907 -1.127092 0.022461 -0.131059 -0.157839 
1460 1.000000 0.400000 0.136019 -1.188997 0.039018 -0.267702 -0.290223 
1470 1.000000 0.400000 0.139728 -1.251086 0.066782 -0.414061 -0.393795 
1480 1.000000 0.400000 0.142200 -1.311912 0.106384 -0.588586 -0.463268 
1490 1.000000 0.400000 0.142751 -1.369206 0.158887 -0.776583 -0.499443 
1500 1.000000 0.400000 0.140876 -1.417852 0.223251 -0.967862 -0.515786 
1510 1.000000 0.400000 0.137765 -1.455416 0.297785 -1.151963 -0.490166 
1520 1.000000 0.400000 0.136093 -1.480140 0.382181 -1.331496 -0.425530 
1530 1.000000 0.400000 0.138979 -1.489369 0.472227 -1.503167 -0.354281 
1540 1.000000 0.400000 0.144742 -1.480858 0.556755 -1.678709 -0.318417 
1550 1.000000 0.400000 0.149037 -1.458275 0.628100 -1.851993 -0.237520 
1560 1.000000 0.400000 0.149967 -1.425467 0.686889 -1.996995 -0.129412 
1570 1.000000 0.400000 0.148131 -1.382625 0.739752 -2.043999 0.060794 
1580 1.000000 0.400000 0.143456 -1.329806 0.785736 -2.101645 0.235317 
1590 1.000000 0.400000 0.136228 -1.266714 0.823446 -2.096822 0.429614 
1600 1.000000 0.400000 0.128131 -1.193466 0.851755 -2.049495 0.612806 
1610 1.000000 0.400000 0.121741 -1.117122 0.865418 -2.063299 0.797145 
1620 1.000000 0.400000 0.119591 -1.060239 0.867108 -2.234677 0.865880 
1630 1.000000 0.400000 0.120293 -1.023063 0.868160 -2.384711 0.791479 
1640 1.000000 0.400000 0.122305 -0.993044 0.872224 -2.361284 0.611055 
1650 1.000000 0.400000 0.124990 -0.965417 0.879682 -2.322793 0.425430 
1660 1.000000 0.400000 0.127897 -0.940680 0.889999 -2.278655 0.243130 
1670 1.000000 0.400000 0.130720 -0.917910 0.902948 -2.136757 0.126705 
1680 1.000000 0.400000 0.133299 -0.896681 0.918580 -2.022546 -0.022923 
1690 1.000000 0.400000 0.135537 -0.876637 0.937711 -1.842042 -0.102387 
1700 1.000000 0.400000 0.137377 -0.857419 0.961048 -1.663957 -0.160569 
1710 1.000000 0.400000 0.138724 -0.840188 0.988529 -1.476522 -0.191947 
1720 1.000000 0.400000 0.139744 -0.824794 1.020668 -1.312414 -0.186917 
1730 1.000000 0.400000 0.140556 -0.812717 1.056909 -1.118962 -0.149673 
1740 1.000000 0.400000 0.141403 -0.804449 1.099310 -0.946252 -0.070032 
1750 1.000000 0.400000 0.142823 -0.801055 1.148146 -0.790717 0.031245 
1760 1.000000 0.400000 0.144631 -0.805120 1.200369 -0.624267 0.119555 
1770 1.000000 0.400000 0.146443 -0.818074 1.254846 -0.485183 0.256675 
1780 1.000000 0.400000 0.147558 -0.840653 1.309586 -0.367603 0.397675 
1790 1.000000 0.400000 0.147299 -0.873991 1.364130 -0.286613 0.569969 
1800 1.000000 0.400000 0.145345 -0.919269 1.417793 -0.248343 0.758975 
1810 1.000000 0.400000 0.141203 -0.976562 1.466589 -0.247598 0.937232 
1820 1.000000 0.400000 0.136571 -1.046500 1.512035 -0.315746 1.104959 
1830 1.000000 0.400000 0.133071 -1.128366 1.550007 -0.352925 1.278803 
1840 1.000000 0.400000 0.133814 -1.219451 1.576852 -0.443503 1.431368 
1850 1.000000 0.400000 0.139142 -1.309558 1.585564 -0.461324 1.616799 
1860 1.000000 0.400000 0.145652 -1.387575 1.575342 -0.481651 1.800185 
1870 1.000000 0.400000 0.149878 -1.453099 1.554240 -0.539089 1.955260 
1880 1.000000 0.400000 0.151322 -1.507965 1.524840 -0.659632 2.089487 
1890 1.000000 0.400000 0.150119 -1.557984 1.485952 -0.832208 2.169714 
1900 1.000000 0.400000 0.146031 -1.601038 1.438463 -0.997216 2.221265 
1910 1.000000 0.400000 0.140080 -1.640408 1.380113 -1.192315 2.201222 
1920 1.000000 0.400000 0.132585 -1.670064 1.313071 -1.379118 2.190550 
1930 1.000000 0.400000 0.125720 -1.686406 1.243321 -1.561818 2.211092 
1940 1.000000 0.400000 0.121678 -1.689150 1.184207 -1.733241 2.303838 
1950 1.000000 0.400000 0.120299 -1.685646 1.140750 -1.860237 2.403234 
1960 1.000000 0.400000 0.120055 -1.679221 1.106804 -2.020087 2.413235 
1970 1.000000 0.400000 0.119943 -1.669157 1.076801 -2.200722 2.354984 
1980 1.000000 0.400000 0.119629 -1.655148 1.048775 -2.350181 2.233148 
1990 1.000000 0.400000 0.118989 -1.637034 1.022368 -2.487283 2.096045 
2000 1.000000 0.400000 0.118018 -1.615200 0.998494 -2.583176 1.932389 
2010 1.000000 0.400000 0.116663 -1.588477 0.975887 -2.649283 1.763059 
2020 1.000000 0.400000 0.115349 -1.559433 0.957617 -2.731483 1.586410 
2030 1.000000 0.400000 0.114231 -1.528036 0.943686 -2.797772 1.415384 
2040 1.000000 0.400000 0.113603 -1.495209 0.933999 -2.775180 1.227522 
2050 1.000000 0.400000 0.113584 -1.459834 0.928449 -2.783478 1.048728 
2060 1.000000 0.400000 0.114320 -1.425337 0.927739 -2.748403 0.876453 
2070 1.000000 0.400000 0.115643 -1.392761 0.931323 -2.722251 0.699938 
2080 1.000000 0.400000 0.117212 -1.361458 0.939083 -2.669862 0.521923 
2090 1.000000 0.400000 0.118760 -1.332688 0.950491 -2.585783 0.355180 
2100 1.000000 0.400000 0.120110 -1.304578 0.966293 -2.425736 0.250169 
2110 1.000000 0.400000 0.121122 -1.276230 0.987365 -2.270247 0.136598 
2120 1.000000 0.400000 0.121765 -1.250527 1.012076 -2.134145 0.082202 
2130 1.000000 0.400000 0.122037 -1.225444 1.042535 -1.942034 0.036810 
2140 1.000000 0.400000 0.121995 -1.202706 1.078791 -1.768200 0.035709 
2150 1.000000 0.400000 0.121940 -1.183195 1.121791 -1.580237 0.058853 
2160 1.000000 0.400000 0.122428 -1.168481 1.171769 -1.395266 0.112816 
2170 1.000000 0.400000 0.124223 -1.160177 1.229647 -1.222200 0.198828 
2180 1.000000 0.400000 0.127633 -1.160530 1.291592 -1.076269 0.301532 
2190 1.000000 0.400000 0.132346 -1.171422 1.357506 -0.935411 0.423756 
2200 1.000000 0.400000 0.136808 -1.194148 1.422359 -0.789758 0.552199 
2210 1.000000 0.400000 0.140273 -1.229326 1.486122 -0.727468 0.731153 
2220 1.000000 0.400000 0.141868 -1.277356 1.546363 -0.637611 0.900339 
2230 1.000000 0.400000 0.140991 -1.337326 1.598981 -0.624173 1.091293 
2240 1.000000 0.400000 0.138209 -1.407835 1.641320 -0.611594 1.275262 
2250 1.000000 0.400000 0.135830 -1.488270 1.672505 -0.690329 1.449854 
2260 1.000000 0.400000 0.136595 -1.576744 1.690756 -0.753033 1.629176 
2270 1.000000 0.400000 0.141763 -1.662175 1.691449 -0.797292 1.794955 
2280 1.000000 0.400000 0.146386 -1.734620 1.676199 -0.819607 1.982021 
2290 1.000000 0.400000 0.148559 -1.795904 1.650440 -0.934464 2.121367 
2300 1.000000 0.400000 0.147880 -1.850325 1.614257 -1.085360 2.249361 
2310 1.000000 0.400000 0.144268 -1.897438 1.568710 -1.258542 2.293705 
2320 1.000000 0.400000 0.138531 -1.938630 1.513888 -1.430593 2.348277 
2330 1.000000 0.400000 0.131120 -1.971204 1.450354 -1.623219 2.315395 
2340 1.000000 0.400000 0.123725 -1.994966 1.377301 -1.797972 2.271819 
2350 1.000000 0.400000 0.119068 -2.003567 1.312058 -1.962050 2.374623 
2360 1.000000 0.400000 0.117990 -2.005103 1.267224 -2.001004 2.559225 
2370 1.000000 0.400000 0.118900 -2.007550 1.234553 -1.828344 2.607777 
2380 1.000000 0.400000 0.120895 -2.013456 1.206363 -1.632850 2.605609 
2390 1.000000 0.400000 0.123325 -2.021879 1.182163 -1.448465 2.571269 
2400 1.000000 0.400000 0.125910 -2.033043 1.159424 -1.294920 2.462544 
2410 1.000000 0.400000 0.128483 -2.047242 1.137625 -1.174992 2.320252 
2420 1.000000 0.400000 0.130837 -2.064387 1.117237 -1.055501 2.188060 
2430 1.000000 0.400000 0.132935 -2.084450 1.098155 -1.000591 2.011163 
2440 1.000000 0.400000 0.134673 -2.108534 1.080349 -0.956945 1.831094 
2450 1.000000 0.400000 0.136043 -2.136189 1.064827 -0.907339 1.651358 
2460 1.000000 0.400000 0.137102 -2.167723 1.052106 -0.919594 1.455313 
2470 1.000000 0.400000 0.138138 -2.205091 1.041917 -0.999953 1.288466 
2480 1.000000 0.400000 0.138766 -2.246819 1.035569 -1.051751 1.113639 
2490 1.000000 0.400000 0.140365 -2.291755 1.035342 -1.155431 0.948880 
2500 1.000000 0.400000 0.142284 -2.341111 1.042918 -1.265986 0.790579 
2510 1.000000 0.400000 0.144246 -2.395861 1.058673 -1.430344 0.706300 
2520 1.000000 0.400000 0.145617 -2.451911 1.084237 -1.577785 0.585747 
2530 1.000000 0.400000 0.145925 -2.508019 1.120358 -1.739256 0.515153 
2540 1.000000 0.400000 0.144566 -2.562095 1.168241 -1.926455 0.501896 
2550 1.000000 0.400000 0.141775 -2.613402 1.229218 -2.116924 0.517027 
2560 1.000000 0.400000 0.137960 -2.657283 1.302802 -2.289112 0.567421 
2570 1.000000 0.400000 0.135263 -2.690024 1.386693 -2.480607 0.596769 
2580 1.000000 0.400000 0.136532 -2.707065 1.477868 -2.645346 0.663886 
2590 1.000000 0.400000 0.141877 -2.706363 1.564339 -2.826228 0.691916 
2600 1.000000 0.400000 0.146802 -2.689725 1.638431 -3.004662 0.753385 
2610 1.000000 0.400000 0.149067 -2.661304 1.701343 -3.156681 0.854423 
2620 1.000000 0.400000 0.148497 -2.622522 1.757102 -3.257791 1.020080 
2630 1.000000 0.400000 0.144825 -2.573656 1.805530 -3.316652 1.203457 
2640 1.000000 0.400000 0.138523 -2.513743 1.847103 -3.309396 1.393612 
2650 1.000000 0.400000 0.130705 -2.442615 1.880160 -3.279112 1.588975 
2660 1.000000 0.400000 0.123676 -2.364722 1.900175 -3.262423 1.769388 
2670 1.000000 0.400000 0.120331 -2.301093 1.904833 -3.403711 1.904042 
2680 1.000000 0.400000 0.120322 -2.258840 1.905520 -3.553380 1.835528 
2690 1.000000 0.400000 0.122137 -2.226639 1.909694 -3.600161 1.656387 
2700 1.000000 0.400000 0.124714 -2.198875 1.916860 -3.596746 1.487014 
2710 1.000000 0.400000 0.127564 -2.174134 1.926548 -3.508754 1.311558 
2720 1.000000 0.400000 0.130406 -2.151310 1.939005 -3.400570 1.167863 
2730 1.000000 0.400000 0.133130 -2.129009 1.954884 -3.251051 1.052420 
2740 1.000000 0.400000 0.135515 -2.108446 1.973873 -3.092385 0.943260 
2750 1.000000 0.400000 0.137529 -2.088825 1.997121 -2.912965 0.883108 
2760 1.000000 0.400000 0.139110 -2.071101 2.024494 -2.717072 0.863831 
2770 1.000000 0.400000 0.140246 -2.055889 2.056580 -2.526514 0.863128 
2780 1.000000 0.400000 0.141273 -2.043200 2.094521 -2.347519 0.899910 
2790 1.000000 0.400000 0.142479 -2.034646 2.137935 -2.174071 0.983539 
2800 1.000000 0.400000 0.144021 -2.032103 2.186237 -1.997030 1.055501 
2810 1.000000 0.400000 0.146031 -2.036576 2.238188 -1.856536 1.169705 
2820 1.000000 0.400000 0.148097 -2.049638 2.292772 -1.729071 1.300218 
2830 1.000000 0.400000 0.149976 -2.072104 2.350307 -1.633174 1.452285 
2840 1.000000 0.400000 0.151117 -2.106069 2.410387 -1.571729 1.634778 
2850 1.000000 0.400000 0.150454 -2.153134 2.469426 -1.536092 1.825039 
2860 1.000000 0.400000 0.147492 -2.212207 2.522670 -1.524033 2.000548 
2870 1.000000 0.400000 0.143404 -2.283725 2.570030 -1.559617 2.170054 
2880 1.000000 0.400000 0.139930 -2.367459 2.608539 -1.606911 2.348787 
2890 1.000000 0.400000 0.139606 -2.459666 2.632669 -1.664603 2.528798 
2900 1.000000 0.400000 0.143325 -2.547844 2.635907 -1.701564 2.719216 
2910 1.000000 0.400000 0.147623 -2.622376 2.621583 -1.723990 2.907842 
2920 1.000000 0.400000 0.149701 -2.685366 2.596114 -1.804404 3.071600 
2930 1.000000 0.400000 0.149068 -2.740568 2.560733 -1.972180 3.162414 
2940 1.000000 0.400000 0.145777 -2.792001 2.513681 -2.156092 3.220668 
2950 1.000000 0.400000 0.139759 -2.835641 2.456557 -2.343148 3.246352 
2960 1.000000 0.400000 0.131898 -2.869430 2.390613 -2.524943 3.257222 
2970 1.000000 0.400000 0.124187 -2.890343 2.320197 -2.711499 3.221000 
2980 1.000000 0.400000 0.119277 -2.897849 2.255234 -2.854951 3.330396 
2990 1.000000 0.400000 0.118219 -2.899098 2.210892 -2.877549 3.509237 
3000 1.000000 0.400000 0.119215 -2.901685 2.178794 -2.712527 3.556015 
3010 1.000000 0.400000 0.121255 -2.907838 2.150242 -2.525589 3.536505 
3020 1.000000 0.400000 0.123744 -2.916668 2.125211 -2.351608 3.480472 
3030 1.000000 0.400000 0.126389 -2.928398 2.101804 -2.215153 3.363357 
3040 1.000000 0.400000 0.128990 -2.943072 2.079525 -2.064078 3.251071 
3050 1.000000 0.400000 0.131350 -2.960187 2.059249 -1.972705 3.112798 
3060 1.000000 0.400000 0.133398 -2.980467 2.040331 -1.886108 2.954752 
3070 1.000000 0.400000 0.135158 -3.004897 2.022278 -1.843585 2.771931 
3080 1.000000 0.400000 0.136567 -3.033536 2.006170 -1.838837 2.579960 
3090 1.000000 0.400000 0.137710 -3.066914 1.992569 -1.866177 2.392779 
3100 1.000000 0.400000 0.138910 -3.106520 1.981560 -1.899681 2.218247 
3110 1.000000 0.400000 0.139693 -3.148380 1.975524 -1.963632 2.045287 
3120 1.000000 0.400000 0.141586 -3.195050 1.975209 -2.076463 1.893278 
3130 1.000000 0.400000 0.143705 -3.244562 1.982897 -2.153740 1.719894 
3140 1.000000 0.400000 0.145080 -3.294428 1.998765 -2.284494 1.580064 
3150 1.000000 0.400000 0.145586 -3.345661 2.024074 -2.450982 1.477143 
3160 1.000000 0.400000 0.144363 -3.394680 2.059161 -2.620100 1.401057 
3170 1.000000 0.400000 0.141591 -3.441818 2.104153 -2.796753 1.382495 
3180 1.000000 0.400000 0.137080 -3.486460 2.161751 -2.990779 1.394666 
3190 1.000000 0.400000 0.131446 -3.524343 2.231314 -3.170189 1.445060 
3200 1.000000 0.400000 0.127831 -3.556871 2.315681 -3.333555 1.551013 
3210 1.000000 0.400000 0.129518 -3.576053 2.410536 -3.502303 1.638086 
3220 1.000000 0.400000 0.137021 -3.575753 2.506400 -3.683480 1.690125 
3230 1.000000 0.400000 0.143643 -3.558488 2.583874 -3.835542 1.712677 
3240 1.000000 0.400000 0.147874 -3.531997 2.648015 -3.993458 1.800534 
3250 1.000000 0.400000 0.149616 -3.496410 2.705030 -4.081049 1.932549 
3260 1.000000 0.400000 0.149301 -3.449988 2.759282 -4.097605 2.108864 
3270 1.000000 0.400000 0.147094 -3.390944 2.810907 -4.126004 2.299595 
3280 1.000000 0.400000 0.142023 -3.327014 2.847935 -4.177680 2.472105 
3290 1.000000 0.400000 0.135772 -3.258004 2.871749 -4.182047 2.663473 
3300 1.000000 0.400000 0.130506 -3.189600 2.880996 -4.173674 2.855283 
3310 1.000000 0.400000 0.127745 -3.133498 2.878648 -4.282128 3.018498 
3320 1.000000 0.400000 0.126666 -3.092457 2.871033 -4.338187 3.196250 
3330 1.000000 0.400000 0.125996 -3.059761 2.860167 -4.308547 3.378701 
3340 1.000000 0.400000 0.125073 -3.030276 2.845473 -4.197169 3.534521 
3350 1.000000 0.400000 0.123706 -3.003080 2.826689 -4.057109 3.670555 
3360 1.000000 0.400000 0.121860 -2.977860 2.803729 -3.891450 3.752364 
3370 1.000000 0.400000 0.119522 -2.954661 2.775788 -3.714282 3.832005 
3380 1.000000 0.400000 0.117109 -2.935495 2.744596 -3.536731 3.881180 
3390 1.000000 0.400000 0.115054 -2.920986 2.711436 -3.364123 3.938601 
3400 1.000000 0.400000 0.113622 -2.911174 2.676435 -3.185119 3.945883 
3410 1.000000 0.400000 0.113143 -2.906173 2.641520 -3.006205 3.960336 
3420 1.000000 0.400000 0.113614 -2.906011 2.608383 -2.835359 3.985953 
3430 1.000000 0.400000 0.114769 -2.909892 2.577096 -2.655916 3.938230 
3440 1.000000 0.400000 0.116295 -2.917424 2.547436 -2.495955 3.887622 
3450 1.000000 0.400000 0.117952 -2.928097 2.520446 -2.329642 3.806190 
3460 1.000000 0.400000 0.119525 -2.942473 2.494155 -2.227385 3.656981 
3470 1.000000 0.400000 0.120905 -2.960322 2.468680 -2.099867 3.549861 
3480 1.000000 0.400000 0.121982 -2.982396 2.444198 -2.028421 3.376942 
3490 1.000000 0.400000 0.122659 -3.009575 2.421106 -1.978973 3.189571 
3500 1.000000 0.400000 0.122994 -3.043286 2.399135 -1.982073 2.994158 
3510 1.000000 0.400000 0.123262 -3.083987 2.379817 -2.007155 2.807349 
3520 1.000000 0.400000 0.123983 -3.130723 2.364738 -2.027425 2.633039 
3530 1.000000 0.400000 0.125154 -3.181859 2.355738 -2.088243 2.451452 
3540 1.000000 0.400000 0.127646 -3.234976 2.354704 -2.172042 2.285228 
3550 1.000000 0.400000 0.131088 -3.290302 2.362667 -2.249731 2.130160 
3560 1.000000 0.400000 0.134094 -3.345111 2.379494 -2.371429 1.988040 
3570 1.000000 0.400000 0.136163 -3.398351 2.405795 -2.521714 1.882740 
3580 1.000000 0.400000 0.136745 -3.449774 2.442362 -2.698371 1.808642 
3590 1.000000 0.400000 0.135768 -3.499250 2.490373 -2.876689 1.795824 
3600 1.000000 0.400000 0.134078 -3.546881 2.550271 -3.057324 1.800673 
3610 1.000000 0.400000 0.131624 -3.585545 2.619980 -3.231791 1.817415 
3620 1.000000 0.400000 0.131179 -3.616316 2.701076 -3.393781 1.913896 
3630 1.000000 0.400000 0.135666 -3.635443 2.791944 -3.566429 1.968010 
3640 1.000000 0.400000 0.143058 -3.635470 2.878835 -3.740677 2.019874 
3650 1.000000 0.400000 0.150021 -3.618567 2.957506 -3.911153 2.110444 
3660 1.000000 0.400000 0.153671 -3.588619 3.024310 -4.081741 2.204347 
3670 1.000000 0.400000 0.153489 -3.549015 3.080037 -4.193629 2.350191 
3680 1.000000 0.400000 0.150399 -3.501569 3.127577 -4.265696 2.500288 
3690 1.000000 0.400000 0.145225 -3.444063 3.170421 -4.221464 2.680951 
3700 1.000000 0.400000 0.138377 -3.378416 3.204694 -4.231882 2.861882 
3710 1.000000 0.400000 0.131010 -3.308827 3.225794 -4.242086 3.046302 
3720 1.000000 0.400000 0.125408 -3.241670 3.233235 -4.251870 3.227073 
3730 1.000000 0.400000 0.122556 -3.187572 3.229808 -4.336943 3.395210 
3740 1.000000 0.400000 0.121602 -3.147705 3.222136 -4.404131 3.554042 
3750 1.000000 0.400000 0.121095 -3.115125 3.210975 -4.352598 3.740895 
3760 1.000000 0.400000 0.120468 -3.086104 3.196101 -4.275915 3.911529 
3770 1.000000 0.400000 0.119614 -3.060057 3.177891 -4.119075 4.025741 
3780 1.000000 0.400000 0.118459 -3.036602 3.156347 -3.975656 4.140529 
3790 1.000000 0.400000 0.116916 -3.015200 3.130516 -3.808381 4.212541 
3800 1.000000 0.400000 0.115305 -2.996982 3.101378 -3.629002 4.260027 
3810 1.000000 0.400000 0.113829 -2.981667 3.068552 -3.453983 4.287873 
3820 1.000000 0.400000 0.112879 -2.971046 3.033459 -3.264422 4.284329 
3830 1.000000 0.400000 0.112756 -2.965560 2.997635 -3.073512 4.311066 
3840 1.000000 0.400000 0.113480 -2.965416 2.963789 -2.881997 4.297538 
3850 1.000000 0.400000 0.114751 -2.969774 2.931989 -2.688920 4.282910 
3860 1.000000 0.400000 0.116301 -2.978007 2.901790 -2.543052 4.210558 
3870 1.000000 0.400000 0.117906 -2.989624 2.873161 -2.386865 4.131583 
3880 1.000000 0.400000 0.119319 -3.004670 2.846681 -2.247070 4.012667 
3890 1.000000 0.400000 0.120491 -3.024158 2.820254 -2.183320 3.834916 
3900 1.000000 0.400000 0.121289 -3.049534 2.793608 -2.113932 3.654017 
3910 1.000000 0.400000 0.121659 -3.079273 2.769846 -2.056803 3.489733 
3920 1.000000 0.400000 0.121719 -3.114879 2.748404 -2.048526 3.297343 
3930 1.000000 0.400000 0.121805 -3.157744 2.729837 -2.087709 3.109554 
3940 1.000000 0.400000 0.122586 -3.208812 2.715286 -2.160916 2.932239 
3950 1.000000 0.400000 0.124126 -3.264864 2.707807 -2.223312 2.751234 
3960 1.000000 0.400000 0.127508 -3.322072 2.710233 -2.294790 2.583287 
3970 1.000000 0.400000 0.130954 -3.379545 2.722179 -2.383266 2.437114 
3980 1.000000 0.400000 0.134314 -3.437678 2.743502 -2.525961 2.319126 
3990 1.000000 0.400000 0.136760 -3.494443 2.774778 -2.677094 2.243097 
4000 1.000000 0.400000 0.137734 -3.548562 2.816648 -2.850146 2.170257 
4010 1.000000 0.400000 0.136950 -3.599215 2.870747 -3.043715 2.158688 
4020 1.000000 0.400000 0.134423 -3.642325 2.936931 -3.237775 2.154219 
4030 1.000000 0.400000 0.132117 -3.675918 3.013607 -3.394738 2.231432 
4040 1.000000 0.400000 0.133627 -3.699646 3.101916 -3.572423 2.313838 
4050 1.000000 0.400000 0.139729 -3.706106 3.192781 -3.758699 2.344128 
4060 1.000000 0.400000 0.146337 -3.693552 3.273997 -3.936942 2.409013 
4070 1.000000 0.400000 0.150230 -3.667689 3.341897 -4.114485 2.488024 
4080 1.000000 0.400000 0.150545 -3.631731 3.398790 -4.231145 2.634568 
4090 1.000000 0.400000 0.148034 -3.585069 3.450506 -4.291661 2.808234 
4100 1.000000 0.400000 0.142713 -3.530902 3.492609 -4.366681 2.975456 
4110 1.000000 0.400000 0.135234 -3.468543 3.525223 -4.342201 3.167016 
4120 1.000000 0.400000 0.127316 -3.397806 3.548286 -4.287046 3.346630 
4130 1.000000 0.400000 0.121427 -3.328072 3.557647 -4.342782 3.525010 
4140 1.000000 0.400000 0.119175 -3.276961 3.556790 -4.482527 3.641331 
4150 1.000000 0.400000 0.119044 -3.241198 3.553400 -4.579083 3.768623 
4160 1.000000 0.400000 0.119217 -3.210215 3.546235 -4.531700 3.953341 
4170 1.000000 0.400000 0.119383 -3.181893 3.535813 -4.482902 4.107159 
4180 1.000000 0.400000 0.119375 -3.155662 3.522259 -4.372495 4.257860 
4190 1.000000 0.400000 0.119045 -3.131648 3.505477 -4.229753 4.370728 
4200 1.000000 0.400000 0.118311 -3.108928 3.484863 -4.072637 4.479348 
4210 1.000000 0.400000 0.117138 -3.087665 3.459825 -3.890035 4.542157 
4220 1.000000 0.400000 0.115803 -3.069463 3.431314 -3.712080 4.595708 
4230 1.000000 0.400000 0.114596 -3.055222 3.400223 -3.528828 4.641011 
4240 1.000000 0.400000 0.113820 -3.045552 3.367637 -3.339886 4.672866 
4250 1.000000 0.400000 0.113648 -3.040623 3.334060 -3.145895 4.666644 
4260 1.000000 0.400000 0.114135 -3.040449 3.299603 -2.961192 4.622837 
4270 1.000000 0.400000 0.115235 -3.044882 3.266632 -2.779093 4.597844 
4280 1.000000 0.400000 0.116647 -3.053817 3.234295 -2.627238 4.482266 
4290 1.000000 0.400000 0.118164 -3.067408 3.201933 -2.475229 4.379567 
4300 1.000000 0.400000 0.119541 -3.085078 3.171975 -2.341747 4.263094 
4310 1.000000 0.400000 0.120576 -3.106704 3.144489 -2.228917 4.120022 
4320 1.000000 0.400000 0.121173 -3.133303 3.118701 -2.153476 3.946186 
4330 1.000000 0.400000 0.121355 -3.165898 3.094443 -2.159171 3.754078 
4340 1.000000 0.400000 0.121318 -3.204179 3.073304 -2.133698 3.568727 
4350 1.000000 0.400000 0.121407 -3.248902 3.056205 -2.172058 3.387796 
4360 1.000000 0.400000 0.122190 -3.299409 3.044177 -2.226145 3.216468 
4370 1.000000 0.400000 0.123996 -3.355365 3.038711 -2.310350 3.046208 
4380 1.000000 0.400000 0.127644 -3.413932 3.043290 -2.402937 2.881732 
4390 1.000000 0.400000 0.131464 -3.475659 3.057911 -2.532644 2.755626 
4400 1.000000 0.400000 0.135401 -3.538693 3.083492 -2.687606 2.645591 
4410 1.000000 0.400000 0.137906 -3.599174 3.121305 -2.863641 2.568288 
4420 1.000000 0.400000 0.138545 -3.655654 3.171437 -3.041838 2.510882 
4430 1.000000 0.400000 0.137144 -3.705020 3.233281 -3.217971 2.498841 
4440 1.000000 0.400000 0.135107 -3.746365 3.306235 -3.403951 2.528103 
4450 1.000000 0.400000 0.134157 -3.775317 3.388062 -3.577346 2.591580 
4460 1.000000 0.400000 0.137280 -3.789837 3.477874 -3.756782 2.660686 
4470 1.000000 0.400000 0.142783 -3.786408 3.559624 -3.931758 2.660372 
4480 1.000000 0.400000 0.147547 -3.769081 3.630697 -4.097438 2.735908 
4490 1.000000 0.400000 0.149810 -3.740495 3.692515 -4.251391 2.842796 
4500 1.000000 0.400000 0.148876 -3.702569 3.745276 -4.354684 3.005054 
4510 1.000000 0.400000 0.145391 -3.654785 3.792994 -4.410474 3.165031 
4520 1.000000 0.400000 0.139437 -3.599518 3.831808 -4.445757 3.355795 
4530 1.000000 0.400000 0.131841 -3.535786 3.862091 -4.429813 3.531485 
4540 1.000000 0.400000 0.124330 -3.466606 3.881267 -4.404235 3.715747 
4550 1.000000 0.400000 0.119335 -3.402863 3.887319 -4.480501 3.877440 
4560 1.000000 0.400000 0.117644 -3.357195 3.885618 -4.614005 4.005572 
4570 1.000000 0.400000 0.117340 -3.323011 3.880238 -4.641729 4.181589 
4580 1.000000 0.400000 0.117302 -3.292669 3.871045 -4.601579 4.364858 
4590 1.000000 0.400000 0.117307 -3.265724 3.858713 -4.506198 4.526850 
4600 1.000000 0.400000 0.117124 -3.240146 3.842908 -4.384227 4.659053 
4610 1.000000 0.400000 0.116645 -3.216327 3.823287 -4.229697 4.776456 
4620 1.000000 0.400000 0.115977 -3.195182 3.800662 -4.070784 4.859515 
4630 1.000000 0.400000 0.115166 -3.176951 3.775092 -3.903055 4.936129 
4640 1.000000 0.400000 0.114395 -3.162096 3.746890 -3.720166 5.002341 
4650 1.000000 0.400000 0.113812 -3.150945 3.715872 -3.522739 4.998050 
4660 1.000000 0.400000 0.113723 -3.143982 3.683078 -3.335179 5.018679 
4670 1.000000 0.400000 0.114253 -3.141819 3.650293 -3.142534 4.995882 
4680 1.000000 0.400000 0.115332 -3.144096 3.618589 -2.957880 4.975664 
4690 1.000000 0.400000 0.116757 -3.150786 3.587024 -2.786738 4.889319 
4700 1.000000 0.400000 0.118311 -3.161741 3.556304 -2.621059 4.809748 
4710 1.000000 0.400000 0.119750 -3.177032 3.526445 -2.497735 4.669730 
4720 1.000000 0.400000 0.120908 -3.197574 3.496765 -2.398254 4.501373 
4730 1.000000 0.400000 0.121597 -3.223325 3.468756 -2.321859 4.335111 
4740 1.000000 0.400000 0.121824 -3.256283 3.441102 -2.307981 4.137105 
4750 1.000000 0.400000 0.121727 -3.296086 3.416000 -2.279363 3.953653 
4760 1.000000 0.400000 0.121564 -3.342041 3.396126 -2.300171 3.760160 
4770 1.000000 0.400000 0.122099 -3.394076 3.381809 -2.323760 3.586425 
4780 1.000000 0.400000 0.123375 -3.449350 3.374838 -2.399365 3.408811 
4790 1.000000 0.400000 0.126842 -3.509516 3.377185 -2.515066 3.252190 
4800 1.000000 0.400000 0.130926 -3.573253 3.390603 -2.636011 3.117692 
4810 1.000000 0.400000 0.134546 -3.634169 3.414503 -2.747464 2.964241 
4820 1.000000 0.400000 0.136738 -3.692319 3.449829 -2.926786 2.885158 
4830 1.000000 0.400000 0.137667 -3.749906 3.498162 -3.116201 2.850767 
4840 1.000000 0.400000 0.137381 -3.803178 3.558289 -3.293405 2.858944 
4850 1.000000 0.400000 0.135712 -3.847395 3.630411 -3.483424 2.859704 
4860 1.000000 0.400000 0.134611 -3.878946 3.709842 -3.648034 2.893469 
4870 1.000000 0.400000 0.136544 -3.896737 3.794046 -3.804628 2.965350 
4880 1.000000 0.400000 0.141748 -3.898174 3.878339 -3.990947 3.001966 
4890 1.000000 0.400000 0.146942 -3.884052 3.952728 -4.172035 3.038691 
4900 1.000000 0.400000 0.149395 -3.859351 4.013279 -4.329357 3.137386 
4910 1.000000 0.400000 0.149241 -3.826259 4.065579 -4.454120 3.258015 
4920 1.000000 0.400000 0.146349 -3.785125 4.110890 -4.535961 3.427944 
4930 1.000000 0.400000 0.141478 -3.735124 4.152134 -4.568642 3.583030 
4940 1.000000 0.400000 0.134652 -3.677814 4.185019 -4.561584 3.781447 
4950 1.000000 0.400000 0.126867 -3.612388 4.208978 -4.542224 3.964919 
4960 1.000000 0.400000 0.120408 -3.547788 4.219527 -4.578964 4.155021 
4970 1.000000 0.400000 0.117078 -3.496318 4.219099 -4.695525 4.306229 
4980 1.000000 0.400000 0.115988 -3.458076 4.214139 -4.748887 4.469846 
4990 1.000000 0.400000 0.115657 -3.426399 4.205576 -4.726467 4.659039 
5000 1.000000 0.400000 0.115474 -3.397269 4.193182 -4.635803 4.814084 
5010 1.000000 0.400000 0.115386 -3.371797 4.178134 -4.552232 4.982133 
5020 1.000000 0.400000 0.115221 -3.348846 4.160467 -4.420986 5.084852 
5030 1.000000 0.400000 0.114894 -3.327625 4.139445 -4.265394 5.180609 
5040 1.000000 0.400000 0.114470 -3.308760 4.115385 -4.092985 5.252006 
5050 1.000000 0.400000 0.114056 -3.292658 4.088565 -3.928937 5.304141 
5060 1.000000 0.400000 0.113825 -3.279571 4.058990 -3.749891 5.342007 
5070 1.000000 0.400000 0.113991 -3.270654 4.028421 -3.573227 5.373175 
5080 1.000000 0.400000 0.114608 -3.265792 3.996421 -3.386830 5.339442 
5090 1.000000 0.400000 0.115710 -3.265321 3.963444 -3.193096 5.316728 
5100 1.000000 0.400000 0.117189 -3.269314 3.931374 -3.013204 5.268637 
5110 1.000000 0.400000 0.118834 -3.277724 3.899038 -2.862745 5.165290 
5120 1.000000 0.400000 0.120441 -3.290695 3.867232 -2.706863 5.070104 
5130 1.000000 0.400000 0.121760 -3.308306 3.836541 -2.583442 4.919937 
5140 1.000000 0.400000 0.122625 -3.331633 3.806266 -2.501616 4.745393 
5150 1.000000 0.400000 0.122940 -3.360140 3.778075 -2.416285 4.584969 
5160 1.000000 0.400000 0.122763 -3.395027 3.751554 -2.422602 4.396939 
5170 1.000000 0.400000 0.122391 -3.438323 3.726335 -2.445317 4.224362 
5180 1.000000 0.400000 0.122287 -3.488516 3.705672 -2.460636 4.033199 
5190 1.000000 0.400000 0.122815 -3.542493 3.692933 -2.485708 3.857601 
5200 1.000000 0.400000 0.124528 -3.600634 3.687779 -2.585511 3.685841 
5210 1.000000 0.400000 0.128646 -3.663959 3.692912 -2.689583 3.532711 
5220 1.000000 0.400000 0.132702 -3.728531 3.709462 -2.817601 3.389330 
5230 1.000000 0.400000 0.136495 -3.792314 3.736853 -2.955117 3.273512 
5240 1.000000 0.400000 0.138274 -3.849968 3.774883 -3.109218 3.176301 
5250 1.000000 0.400000 0.138537 -3.906165 3.825924 -3.299725 3.173836 
5260 1.000000 0.400000 0.137510 -3.958769 3.891024 -3.492808 3.198221 
5270 1.000000 0.400000 0.136063 -4.002976 3.969395 -3.679715 3.223063 
5280 1.000000 0.400000 0.136926 -4.034473 4.058031 -3.841542 3.302126 
5290 1.000000 0.400000 0.141803 -4.048003 4.148557 -4.035594 3.315968 
5300 1.000000 0.400000 0.147557 -4.041634 4.228932 -4.223786 3.310588 
5310 1.000000 0.400000 0.151313 -4.024220 4.292303 -4.393846 3.352748 
5320 1.000000 0.400000 0.152630 -3.999021 4.345406 -4.531171 3.442403 
5330 1.000000 0.400000 0.151430 -3.966519 4.391970 -4.668419 3.572002 
5340 1.000000 0.400000 0.147593 -3.926640 4.432381 -4.726937 3.748913 
5350 1.000000 0.400000 0.141546 -3.879010 4.467280 -4.753535 3.932449 
5360 1.000000 0.400000 0.133800 -3.823940 4.495100 -4.779961 4.114257 
5370 1.000000 0.400000 0.125586 -3.763361 4.513845 -4.742176 4.305504 
5380 1.000000 0.400000 0.118762 -3.703013 4.520962 -4.767724 4.497802 
5390 1.000000 0.400000 0.114879 -3.652654 4.517930 -4.829313 4.683156 
5400 1.000000 0.400000 0.113296 -3.613806 4.509623 -4.870096 4.873562 
5410 1.000000 0.400000 0.112786 -3.582299 4.498036 -4.824750 5.056747 
5420 1.000000 0.400000 0.112633 -3.554399 4.482895 -4.720760 5.223963 
5430 1.000000 0.400000 0.112574 -3.529138 4.464085 -4.583294 5.361348 
5440 1.000000 0.400000 0.112629 -3.507489 4.442738 -4.436380 5.488298 
5450 1.000000 0.400000 0.112812 -3.489544 4.419546 -4.281133 5.583136 
5460 1.000000 0.400000 0.113097 -3.474333 4.393726 -4.110190 5.617538 
5470 1.000000 0.400000 0.113571 -3.461922 4.364779 -3.919038 5.656079 
5480 1.000000 0.400000 0.114372 -3.453018 4.333091 -3.741436 5.655642 
5490 1.000000 0.400000 0.115671 -3.448215 4.300706 -3.562847 5.664409 
5500 1.000000 0.400000 0.117313 -3.447936 4.269273 -3.370462 5.649502 
5510 1.000000 0.400000 0.119151 -3.452029 4.237880 -3.188498 5.573645 
5520 1.000000 0.400000 0.121013 -3.460182 4.206636 -3.037446 5.492010 
5530 1.000000 0.400000 0.122689 -3.472704 4.176065 -2.888811 5.380313 
5540 1.000000 0.400000 0.123994 -3.489966 4.145816 -2.754504 5.246927 
5550 1.000000 0.400000 0.124718 -3.511694 4.117624 -2.660364 5.083980 
5560 1.000000 0.400000 0.124834 -3.540440 4.088448 -2.656515 4.891245 
5570 1.000000 0.400000 0.124436 -3.575820 4.060370 -2.624416 4.717644 
5580 1.000000 0.400000 0.123552 -3.618772 4.035002 -2.623290 4.528485 
5590 1.000000 0.400000 0.122807 -3.670774 4.013182 -2.687104 4.346841 
5600 1.000000 0.400000 0.123075 -3.730271 3.997837 -2.740681 4.167602 
5610 1.000000 0.400000 0.124886 -3.793770 3.991498 -2.798643 4.001581 
5620 1.000000 0.400000 0.128826 -3.856107 3.996268 -2.859986 3.835930 
5630 1.000000 0.400000 0.132994 -3.919561 4.010426 -2.996291 3.738860 
5640 1.000000 0.400000 0.137465 -3.984746 4.035371 -3.120943 3.603826 
5650 1.000000 0.400000 0.139995 -4.044528 4.071537 -3.289332 3.515529 
5660 1.000000 0.400000 0.140192 -4.099279 4.119505 -3.469736 3.454316 
5670 1.000000 0.400000 0.138517 -4.149501 4.180602 -3.660436 3.465156 
5680 1.000000 0.400000 0.136385 -4.193339 4.253602 -3.816854 3.507448 
5690 1.000000 0.400000 0.136502 -4.229332 4.338237 -3.993714 3.571013 
