7000 0 -4.320208 4.329367 1.672111 -4.260328 3.516068
7000 1 -4.434565 4.102231 1.871458 -4.260328 3.516068
7000 2 -4.342933 4.202838 1.708609 -4.260328 3.516068
7000 3 -4.272222 4.253596 1.567785 -4.260328 3.516068
7000 4 -4.485235 4.051272 1.976538 -4.260328 3.516068
7000 5 -4.306591 4.181704 1.608665 -4.260328 3.516068
7000 6 -4.402840 4.206963 1.800659 -4.260328 3.516068
7000 7 -4.248299 4.339061 1.549592 -4.260328 3.516068
7000 8 -4.131538 4.252767 1.358613 -4.260328 3.516068
7000 9 -4.232944 4.181465 1.477140 -4.260328 3.516068
7000 10 -4.274853 4.235530 1.581054 -4.260328 3.516068
7000 11 -4.209098 4.251898 1.461588 -4.260328 3.516068
7000 12 -4.411454 4.180674 1.830340 -4.260328 3.516068
7000 13 -4.174717 4.371025 1.483457 -4.260328 3.516068
7000 14 -4.464045 4.114188 1.929949 -4.260328 3.516068
7000 15 -4.363789 4.106835 1.739750 -4.260328 3.516068
7000 16 -4.341254 4.221378 1.695572 -4.260328 3.516068
7000 17 -4.275701 4.143714 1.571130 -4.260328 3.516068
7000 18 -4.279155 4.182429 1.569735 -4.260328 3.516068
7000 19 -4.149741 4.291544 1.398290 -4.260328 3.516068
7000 20 -4.251903 4.194465 1.579670 -4.260328 3.516068
7000 21 -4.299073 4.233868 1.595540 -4.260328 3.516068
7000 22 -4.333656 4.184277 1.685828 -4.260328 3.516068
7000 23 -4.355080 4.164519 1.702213 -4.260328 3.516068
7000 24 -4.359412 4.184795 1.737632 -4.260328 3.516068
7000 25 -4.385410 4.255892 1.792682 -4.260328 3.516068
7000 26 -4.428642 4.129934 1.859809 -4.260328 3.516068
7000 27 -4.307788 4.201368 1.636026 -4.260328 3.516068
7000 28 -4.231081 4.284194 1.561755 -4.260328 3.516068
7000 29 -4.291213 4.307432 1.629672 -4.260328 3.516068
7000 30 -4.326969 4.269226 1.678828 -4.260328 3.516068
7000 31 -4.376135 4.082578 1.756338 -4.260328 3.516068
7000 32 -4.242274 4.261460 1.514797 -4.260328 3.516068
7000 33 -4.416486 4.226203 1.831913 -4.260328 3.516068
7000 34 -4.220152 4.323186 1.516484 -4.260328 3.516068
7000 35 -4.400091 4.129154 1.809936 -4.260328 3.516068
7000 36 -4.225547 4.303112 1.535827 -4.260328 3.516068
7000 37 -4.394508 4.110086 1.784257 -4.260328 3.516068
7000 38 -4.214927 4.271267 1.494372 -4.260328 3.516068
7000 39 -4.419292 4.155063 1.836719 -4.260328 3.516068
7000 40 -4.255254 4.364024 1.597824 -4.260328 3.516068
7000 41 -4.445005 4.028900 1.909788 -4.260328 3.516068
7000 42 -4.175457 4.321869 1.440771 -4.260328 3.516068
7000 43 -4.258432 4.277897 1.585762 -4.260328 3.516068
7000 44 -4.324093 4.149414 1.709043 -4.260328 3.516068
7000 45 -4.455298 4.145158 1.905987 -4.260328 3.516068
7000 46 -4.386142 4.168787 1.769354 -4.260328 3.516068
7000 47 -4.179190 4.291442 1.425059 -4.260328 3.516068
7000 48 -4.183804 4.343079 1.486644 -4.260328 3.516068
7000 49 -4.346710 4.277668 1.733886 -4.260328 3.516068
7000 50 -4.162344 4.265939 1.382997 -4.260328 3.516068
7000 51 -4.145515 4.359149 1.430734 -4.260328 3.516068
7000 52 -4.121236 4.281797 1.331296 -4.260328 3.516068
7000 53 -4.190991 4.225130 1.437825 -4.260328 3.516068
7000 54 -4.259138 4.297735 1.595968 -4.260328 3.516068
7000 55 -4.311132 4.135220 1.572446 -4.260328 3.516068
7000 56 -4.331744 4.095785 1.698128 -4.260328 3.516068
7000 57 -4.246139 4.243263 1.542140 -4.260328 3.516068
7000 58 -4.125239 4.340225 1.376740 -4.260328 3.516068
7000 59 -4.284735 4.333030 1.630452 -4.260328 3.516068
7000 60 -4.424962 4.062900 1.865331 -4.260328 3.516068
7000 61 -4.190111 4.271770 1.461201 -4.260328 3.516068
7000 62 -4.357969 4.145945 1.723763 -4.260328 3.516068
7000 63 -4.279036 4.164143 1.584508 -4.260328 3.516068
7000 64 -4.305310 4.261810 1.616633 -4.260328 3.516068
7000 65 -4.320970 4.166565 1.653418 -4.260328 3.516068
7000 66 -4.295832 4.286648 1.664201 -4.260328 3.516068
7000 67 -4.396868 4.053743 1.806791 -4.260328 3.516068
7000 68 -4.282333 4.270116 1.604924 -4.260328 3.516068
7000 69 -4.313794 4.218510 1.676455 -4.260328 3.516068
7000 70 -4.244552 4.225620 1.561172 -4.260328 3.516068
7000 71 -4.318997 4.244194 1.686702 -4.260328 3.516068
7000 72 -4.235243 4.209414 1.460162 -4.260328 3.516068
7000 73 -4.479362 4.025198 1.993070 -4.260328 3.516068
7000 74 -4.326080 4.301122 1.680619 -4.260328 3.516068
7000 75 -4.275518 4.217715 1.572801 -4.260328 3.516068
7000 76 -4.372208 4.214683 1.743252 -4.260328 3.516068
7000 77 -4.357955 4.127253 1.715360 -4.260328 3.516068
7000 78 -4.197811 4.305741 1.502073 -4.260328 3.516068
7000 79 -4.388520 4.147565 1.763807 -4.260328 3.516068
7000 80 -4.442765 4.178718 1.869787 -4.260328 3.516068
7000 81 -4.149325 4.315856 1.394177 -4.260328 3.516068
7000 82 -4.111103 4.315149 1.323761 -4.260328 3.516068
7000 83 -4.320450 4.116930 1.665265 -4.260328 3.516068
7000 84 -4.233215 4.159914 1.507136 -4.260328 3.516068
7000 85 -4.205333 4.201246 1.455192 -4.260328 3.516068
7000 86 -4.212230 4.370939 1.523452 -4.260328 3.516068
7000 87 -4.214653 4.344764 1.524704 -4.260328 3.516068
7000 88 -4.475703 4.085067 1.964306 -4.260328 3.516068
7000 89 -4.163069 4.215723 1.382051 -4.260328 3.516068
7000 90 -4.215482 4.232617 1.508594 -4.260328 3.516068
7000 91 -4.257118 4.317716 1.578847 -4.260328 3.516068
7000 92 -4.407831 4.089231 1.833116 -4.260328 3.516068
7000 93 -4.279330 4.200767 1.606912 -4.260328 3.516068
7000 94 -4.368884 4.239250 1.742318 -4.260328 3.516068
7000 95 -4.343721 4.241973 1.704445 -4.260328 3.516068
7000 96 -4.371184 4.285681 1.764463 -4.260328 3.516068
7000 97 -4.381512 4.192360 1.778991 -4.260328 3.516068
7000 98 -4.447794 4.074690 1.918916 -4.260328 3.516068
7000 99 -4.171992 4.244600 1.423160 -4.260328 3.516068
