10 1.000000 1.000000 0.800123 0.000538 0.034341 0.390872 -1.765937 
20 1.000000 1.000000 0.803847 -0.027581 0.115368 0.863808 -1.706478 
30 1.000000 1.000000 0.808365 -0.067049 0.181723 1.249909 -1.493270 
40 1.000000 1.000000 0.810621 -0.117595 0.237457 1.518408 -1.128400 
50 1.000000 1.000000 0.810396 -0.179692 0.283898 1.639113 -0.674730 
60 1.000000 1.000000 0.810086 -0.256830 0.321858 1.595720 -0.197607 
70 1.000000 1.000000 0.811353 -0.344256 0.343402 1.579196 0.278424 
80 1.000000 1.000000 0.813173 -0.429143 0.344232 1.615647 0.764761 
90 1.000000 1.000000 0.812781 -0.504588 0.328306 1.540897 1.209724 
100 1.000000 1.000000 0.807460 -0.572696 0.297626 1.253539 1.579276 
110 1.000000 1.000000 0.793954 -0.634262 0.251576 0.895618 1.894163 
120 1.000000 1.000000 0.769679 -0.686836 0.189548 0.430520 1.989294 
130 1.000000 1.000000 0.738033 -0.732758 0.107791 0.007027 1.828124 
140 1.000000 1.000000 0.707840 -0.770002 0.002971 -0.377313 1.621318 
150 1.000000 1.000000 0.692269 -0.800073 -0.095151 -0.105773 1.727196 
160 1.000000 1.000000 0.688955 -0.838967 -0.167365 0.358457 1.627464 
170 1.000000 1.000000 0.690111 -0.884794 -0.221482 0.785627 1.408208 
180 1.000000 1.000000 0.691954 -0.936250 -0.262899 1.014276 0.992901 
190 1.000000 1.000000 0.693144 -0.994472 -0.293886 1.190059 0.562602 
200 1.000000 1.000000 0.692896 -1.057270 -0.313577 1.227459 0.092980 
210 1.000000 1.000000 0.691869 -1.126830 -0.322113 1.100060 -0.361967 
220 1.000000 1.000000 0.690094 -1.200521 -0.316602 0.934313 -0.813941 
230 1.000000 1.000000 0.687904 -1.278114 -0.295358 0.631300 -1.143832 
240 1.000000 1.000000 0.684241 -1.354295 -0.257215 0.284218 -1.398439 
250 1.000000 1.000000 0.677280 -1.426479 -0.199076 -0.163145 -1.605092 
260 1.000000 1.000000 0.665794 -1.488673 -0.120270 -0.584435 -1.717928 
270 1.000000 1.000000 0.650489 -1.534107 -0.025708 -1.047968 -1.771946 
280 1.000000 1.000000 0.632033 -1.554821 0.079193 -1.510192 -1.640354 
290 1.000000 1.000000 0.615997 -1.549019 0.187176 -1.958647 -1.583519 
300 1.000000 1.000000 0.604437 -1.517973 0.286281 -2.307905 -1.313318 
310 1.000000 1.000000 0.593627 -1.463752 0.371971 -2.639154 -1.001255 
320 1.000000 1.000000 0.581239 -1.387396 0.443715 -2.770235 -0.574564 
330 1.000000 1.000000 0.574028 -1.300039 0.506617 -2.758335 -0.672629 
340 1.000000 1.000000 0.575719 -1.239604 0.571686 -2.492587 -1.067753 
350 1.000000 1.000000 0.580737 -1.200323 0.637561 -2.102308 -1.351030 
360 1.000000 1.000000 0.587498 -1.176859 0.705900 -1.631043 -1.433210 
370 1.000000 1.000000 0.595060 -1.167338 0.776643 -1.184552 -1.501373 
380 1.000000 1.000000 0.600765 -1.170864 0.842618 -0.728322 -1.457188 
390 1.000000 1.000000 0.604236 -1.187005 0.908918 -0.396818 -1.172153 
400 1.000000 1.000000 0.604044 -1.217234 0.976425 -0.021434 -0.874005 
410 1.000000 1.000000 0.597114 -1.262620 1.040368 0.191803 -0.486611 
420 1.000000 1.000000 0.581110 -1.326982 1.099905 0.293841 -0.021141 
430 1.000000 1.000000 0.555679 -1.414742 1.153579 0.184642 0.438158 
440 1.000000 1.000000 0.523406 -1.529162 1.195473 -0.060368 0.822926 
450 1.000000 1.000000 0.495532 -1.672629 1.220250 -0.402123 1.146025 
460 1.000000 1.000000 0.489411 -1.813986 1.233755 -0.290072 0.965326 
470 1.000000 1.000000 0.495957 -1.916222 1.267978 -0.289585 0.503405 
480 1.000000 1.000000 0.504973 -1.998286 1.320327 -0.567408 0.132262 
490 1.000000 1.000000 0.512212 -2.064579 1.389269 -0.980635 -0.102249 
500 1.000000 1.000000 0.516757 -2.114795 1.474078 -1.429307 -0.225508 
510 1.000000 1.000000 0.519465 -2.145307 1.569567 -1.877806 -0.190198 
520 1.000000 1.000000 0.522180 -2.153657 1.671064 -2.325604 -0.139610 
530 1.000000 1.000000 0.523129 -2.137548 1.767023 -2.748367 -0.002953 
540 1.000000 1.000000 0.520221 -2.099004 1.855511 -3.135838 0.228128 
550 1.000000 1.000000 0.510418 -2.040134 1.933946 -3.319100 0.619081 
560 1.000000 1.000000 0.492751 -1.957522 2.005118 -3.382947 1.074834 
570 1.000000 1.000000 0.465939 -1.850738 2.058809 -3.305767 1.453137 
580 1.000000 1.000000 0.440544 -1.722266 2.093606 -3.122893 1.873208 
590 1.000000 1.000000 0.429928 -1.611210 2.122578 -3.337330 1.482426 
600 1.000000 1.000000 0.428621 -1.531151 2.164144 -3.258158 1.048079 
610 1.000000 1.000000 0.429607 -1.469140 2.215704 -2.941280 0.687856 
620 1.000000 1.000000 0.430437 -1.421523 2.276981 -2.547050 0.463013 
630 1.000000 1.000000 0.431213 -1.385137 2.350450 -2.070846 0.445371 
640 1.000000 1.000000 0.432335 -1.363306 2.434438 -1.621271 0.465166 
650 1.000000 1.000000 0.434272 -1.359763 2.527396 -1.175748 0.646444 
660 1.000000 1.000000 0.436018 -1.379410 2.624322 -0.783939 0.908878 
670 1.000000 1.000000 0.435449 -1.423373 2.718031 -0.451504 1.239633 
680 1.000000 1.000000 0.430005 -1.493132 2.802798 -0.284082 1.667857 
690 1.000000 1.000000 0.419287 -1.589497 2.874778 -0.232809 2.126797 
700 1.000000 1.000000 0.404830 -1.713120 2.925650 -0.317383 2.585647 
710 1.000000 1.000000 0.391780 -1.857215 2.940657 -0.523454 3.028099 
720 1.000000 1.000000 0.385044 -1.997032 2.908570 -0.662130 3.483155 
730 1.000000 1.000000 0.379820 -2.111237 2.836759 -0.987333 3.813298 
740 1.000000 1.000000 0.378987 -2.207422 2.763338 -0.729470 3.658525 
750 1.000000 1.000000 0.385686 -2.296150 2.725063 -0.426785 3.308898 
760 1.000000 1.000000 0.394137 -2.374190 2.709402 -0.245757 2.898368 
770 1.000000 1.000000 0.403199 -2.448498 2.710196 -0.230457 2.452992 
780 1.000000 1.000000 0.410932 -2.519801 2.725493 -0.438719 2.018415 
790 1.000000 1.000000 0.416145 -2.592007 2.756998 -0.799277 1.705661 
800 1.000000 1.000000 0.416817 -2.664069 2.807435 -1.233748 1.515265 
810 1.000000 1.000000 0.409338 -2.725893 2.875636 -1.632554 1.298518 
820 1.000000 1.000000 0.393972 -2.775950 2.962029 -2.067148 1.341591 
830 1.000000 1.000000 0.373284 -2.819615 3.075803 -2.424268 1.631968 
840 1.000000 1.000000 0.351604 -2.848598 3.219192 -2.732096 1.946251 
850 1.000000 1.000000 0.338877 -2.842687 3.387996 -3.088911 2.265250 
860 1.000000 1.000000 0.341923 -2.826563 3.527193 -2.834064 1.940473 
870 1.000000 1.000000 0.352893 -2.841147 3.633646 -2.395953 1.860369 
880 1.000000 1.000000 0.364155 -2.876838 3.721454 -1.983635 2.060807 
890 1.000000 1.000000 0.373258 -2.930137 3.797587 -1.677635 2.365395 
900 1.000000 1.000000 0.378145 -2.998974 3.860014 -1.475669 2.791128 
910 1.000000 1.000000 0.378832 -3.087377 3.909249 -1.453685 3.275127 
920 1.000000 1.000000 0.375649 -3.194455 3.938915 -1.567363 3.743158 
930 1.000000 1.000000 0.370658 -3.313148 3.941186 -1.714489 4.158246 
940 1.000000 1.000000 0.364367 -3.428647 3.913362 -1.971760 4.485106 
950 1.000000 1.000000 0.355357 -3.539096 3.854683 -2.228209 4.834084 
960 1.000000 1.000000 0.337689 -3.629989 3.766322 -2.693735 4.926801 
970 1.000000 1.000000 0.313123 -3.704000 3.645315 -3.101965 4.837959 
980 1.000000 1.000000 0.294968 -3.776037 3.508486 -2.969572 4.710861 
990 1.000000 1.000000 0.292270 -3.862049 3.418414 -2.532773 4.502348 
1000 1.000000 1.000000 0.295360 -3.948778 3.365442 -2.232984 4.228768 
1010 1.000000 1.000000 0.301284 -4.035758 3.335515 -2.095053 3.766932 
1020 1.000000 1.000000 0.308099 -4.120920 3.327753 -2.099559 3.276237 
1030 1.000000 1.000000 0.315236 -4.209677 3.340250 -2.366057 2.870659 
1040 1.000000 1.000000 0.320503 -4.299830 3.374796 -2.681752 2.525279 
1050 1.000000 1.000000 0.322693 -4.388776 3.432178 -3.065943 2.330806 
1060 1.000000 1.000000 0.319091 -4.469262 3.516479 -3.533542 2.262662 
1070 1.000000 1.000000 0.310114 -4.537526 3.629978 -3.946383 2.350325 
1080 1.000000 1.000000 0.296813 -4.579052 3.770022 -4.386182 2.486905 
1090 1.000000 1.000000 0.285972 -4.579337 3.933289 -4.807727 2.732741 
1100 1.000000 1.000000 0.281353 -4.524068 4.086828 -5.195572 2.910751 
1110 1.000000 1.000000 0.274035 -4.434129 4.198263 -5.460341 3.257813 
1120 1.000000 1.000000 0.268182 -4.333077 4.291468 -5.393460 3.107002 
1130 1.000000 1.000000 0.271308 -4.272701 4.382851 -5.093873 2.790531 
1140 1.000000 1.000000 0.279184 -4.240797 4.475216 -4.655462 2.607062 
1150 1.000000 1.000000 0.287954 -4.233158 4.563300 -4.170783 2.537685 
1160 1.000000 1.000000 0.295915 -4.246302 4.650318 -3.736824 2.759645 
1170 1.000000 1.000000 0.301362 -4.280377 4.736749 -3.381432 3.054373 
1180 1.000000 1.000000 0.301903 -4.335815 4.817492 -3.134798 3.454977 
1190 1.000000 1.000000 0.296766 -4.417759 4.894186 -3.144930 3.934354 
1200 1.000000 1.000000 0.285158 -4.531509 4.961136 -3.258008 4.375717 
1210 1.000000 1.000000 0.270470 -4.680420 5.012549 -3.476075 4.793044 
1220 1.000000 1.000000 0.261529 -4.859722 5.029482 -3.821248 5.076048 
1230 1.000000 1.000000 0.267384 -5.013998 5.029713 -3.578539 4.856415 
1240 1.000000 1.000000 0.280940 -5.134638 5.067597 -3.692761 4.388408 
1250 1.000000 1.000000 0.292783 -5.229074 5.132505 -3.975772 3.985341 
1260 1.000000 1.000000 0.300597 -5.302067 5.219478 -4.423582 3.834231 
1270 1.000000 1.000000 0.305194 -5.353365 5.329446 -4.916054 3.863851 
1280 1.000000 1.000000 0.307075 -5.373036 5.452954 -5.385749 3.905518 
1290 1.000000 1.000000 0.306403 -5.356208 5.576601 -5.827251 4.038998 
1300 1.000000 1.000000 0.301097 -5.307961 5.686347 -6.169910 4.320025 
1310 1.000000 1.000000 0.288489 -5.226942 5.784797 -6.303284 4.759842 
1320 1.000000 1.000000 0.268098 -5.111226 5.869389 -6.308449 5.217526 
1330 1.000000 1.000000 0.243811 -4.958367 5.938084 -6.053340 5.482295 
1340 1.000000 1.000000 0.232377 -4.831398 6.012106 -6.021811 5.093807 
1350 1.000000 1.000000 0.231971 -4.750213 6.097398 -5.783682 4.697728 
1360 1.000000 1.000000 0.236688 -4.702422 6.186424 -5.415546 4.390465 
1370 1.000000 1.000000 0.243037 -4.680876 6.272706 -4.964522 4.237408 
1380 1.000000 1.000000 0.249550 -4.678720 6.357399 -4.525517 4.353251 
1390 1.000000 1.000000 0.255980 -4.695640 6.447913 -4.173543 4.654556 
1400 1.000000 1.000000 0.260315 -4.735723 6.540338 -3.826922 4.982346 
1410 1.000000 1.000000 0.260071 -4.800409 6.625441 -3.628720 5.402675 
1420 1.000000 1.000000 0.254972 -4.895207 6.704672 -3.640525 5.886777 
1430 1.000000 1.000000 0.245356 -5.026366 6.771406 -3.845529 6.315538 
1440 1.000000 1.000000 0.235058 -5.189796 6.807909 -4.014882 6.749097 
1450 1.000000 1.000000 0.231665 -5.364528 6.787905 -4.254353 7.145589 
1460 1.000000 1.000000 0.228812 -5.505143 6.710408 -4.507673 7.530626 
1470 1.000000 1.000000 0.222086 -5.614519 6.594473 -4.664963 7.569250 
1480 1.000000 1.000000 0.224067 -5.718628 6.518260 -4.287080 7.290348 
1490 1.000000 1.000000 0.232820 -5.825846 6.480924 -4.166237 6.847314 
1500 1.000000 1.000000 0.243732 -5.930963 6.472780 -4.145399 6.397760 
1510 1.000000 1.000000 0.253090 -6.029263 6.489793 -4.287410 5.981307 
1520 1.000000 1.000000 0.258859 -6.121635 6.530336 -4.572276 5.634245 
1530 1.000000 1.000000 0.259935 -6.209735 6.596699 -5.021900 5.454636 
1540 1.000000 1.000000 0.254581 -6.289085 6.693837 -5.490617 5.457488 
1550 1.000000 1.000000 0.243111 -6.352559 6.823232 -5.894742 5.618173 
1560 1.000000 1.000000 0.230729 -6.399036 6.991412 -6.248706 5.929545 
1570 1.000000 1.000000 0.226684 -6.400221 7.184034 -6.491635 6.020537 
1580 1.000000 1.000000 0.236160 -6.415696 7.328628 -6.076073 5.828850 
1590 1.000000 1.000000 0.248230 -6.460736 7.437741 -5.632861 6.011825 
1600 1.000000 1.000000 0.258960 -6.531604 7.528005 -5.336278 6.364087 
1610 1.000000 1.000000 0.266265 -6.625579 7.597891 -5.215201 6.817671 
1620 1.000000 1.000000 0.270230 -6.739404 7.642111 -5.200372 7.308771 
1630 1.000000 1.000000 0.272971 -6.867758 7.655886 -5.362778 7.733497 
1640 1.000000 1.000000 0.273244 -6.992116 7.631212 -5.503962 8.193972 
1650 1.000000 1.000000 0.266997 -7.100534 7.571806 -5.858970 8.498826 
1660 1.000000 1.000000 0.253154 -7.198570 7.476248 -6.329545 8.570452 
1670 1.000000 1.000000 0.230521 -7.276447 7.341074 -6.765328 8.432533 
1680 1.000000 1.000000 0.210399 -7.349651 7.180490 -6.704662 8.311516 
1690 1.000000 1.000000 0.206017 -7.439215 7.075175 -6.269913 8.096836 
1700 1.000000 1.000000 0.209635 -7.534323 7.014637 -5.959762 7.760412 
1710 1.000000 1.000000 0.217032 -7.631770 6.985341 -5.781423 7.304950 
1720 1.000000 1.000000 0.225598 -7.729881 6.980907 -5.859494 6.840406 
1730 1.000000 1.000000 0.232408 -7.823170 7.000240 -6.011911 6.412409 
1740 1.000000 1.000000 0.236771 -7.911544 7.038553 -6.327650 6.205109 
1750 1.000000 1.000000 0.238300 -8.000453 7.101002 -6.748464 5.993580 
1760 1.000000 1.000000 0.234892 -8.081417 7.193351 -7.227883 5.961306 
1770 1.000000 1.000000 0.226481 -8.145994 7.316862 -7.662660 6.032234 
1780 1.000000 1.000000 0.216937 -8.189563 7.474701 -8.003532 6.354769 
1790 1.000000 1.000000 0.213878 -8.188592 7.659691 -8.407255 6.562730 
1800 1.000000 1.000000 0.212731 -8.126528 7.813873 -8.800735 6.731378 
1810 1.000000 1.000000 0.207201 -8.025960 7.932739 -8.991503 7.086459 
1820 1.000000 1.000000 0.202004 -7.913531 8.035375 -8.863559 6.921957 
1830 1.000000 1.000000 0.206312 -7.851585 8.137830 -8.539595 6.577120 
1840 1.000000 1.000000 0.214363 -7.823864 8.235649 -8.122356 6.391304 
1850 1.000000 1.000000 0.223676 -7.821669 8.332926 -7.634307 6.452870 
1860 1.000000 1.000000 0.231704 -7.843605 8.428025 -7.227156 6.686093 
1870 1.000000 1.000000 0.237282 -7.889886 8.523382 -6.992996 7.076994 
1880 1.000000 1.000000 0.238400 -7.964185 8.615234 -6.791120 7.502200 
1890 1.000000 1.000000 0.232588 -8.066589 8.691191 -6.791405 7.966286 
1900 1.000000 1.000000 0.221187 -8.200778 8.749648 -6.968150 8.360637 
1910 1.000000 1.000000 0.207940 -8.369099 8.782357 -7.283274 8.688158 
1920 1.000000 1.000000 0.205007 -8.563250 8.772742 -7.473968 8.926788 
1930 1.000000 1.000000 0.215515 -8.714860 8.780054 -7.316781 8.510190 
1940 1.000000 1.000000 0.229140 -8.835788 8.825497 -7.467551 8.092179 
1950 1.000000 1.000000 0.239821 -8.933074 8.899544 -7.782272 7.750535 
1960 1.000000 1.000000 0.246104 -9.007323 8.996436 -8.219162 7.613158 
1970 1.000000 1.000000 0.249059 -9.056348 9.114833 -8.667795 7.706349 
1980 1.000000 1.000000 0.253305 -9.078681 9.255906 -9.064606 7.891656 
1990 1.000000 1.000000 0.256106 -9.063495 9.388486 -9.489679 7.885298 
2000 1.000000 1.000000 0.252817 -9.012395 9.502487 -9.861016 8.193433 
2010 1.000000 1.000000 0.242280 -8.929082 9.601604 -10.023885 8.574451 
2020 1.000000 1.000000 0.225023 -8.818764 9.680425 -10.073958 9.002186 
2030 1.000000 1.000000 0.202687 -8.673752 9.739636 -9.840672 9.280991 
2040 1.000000 1.000000 0.189606 -8.556151 9.802343 -9.918779 8.866688 
2050 1.000000 1.000000 0.185155 -8.478266 9.873354 -9.681369 8.502985 
2060 1.000000 1.000000 0.185751 -8.427772 9.948623 -9.376462 8.146313 
2070 1.000000 1.000000 0.189232 -8.399680 10.024026 -8.936953 7.936727 
2080 1.000000 1.000000 0.193964 -8.389951 10.098268 -8.461451 7.925131 
2090 1.000000 1.000000 0.198737 -8.395574 10.170753 -8.013385 7.969183 
2100 1.000000 1.000000 0.202646 -8.416445 10.242249 -7.607050 8.225948 
2110 1.000000 1.000000 0.205330 -8.453764 10.315280 -7.379812 8.612457 
2120 1.000000 1.000000 0.206114 -8.512785 10.391168 -7.279484 9.081609 
2130 1.000000 1.000000 0.203335 -8.595417 10.459676 -7.178530 9.526183 
2140 1.000000 1.000000 0.196311 -8.698646 10.508705 -7.118760 9.989777 
2150 1.000000 1.000000 0.186704 -8.824049 10.534995 -7.357318 10.409098 
2160 1.000000 1.000000 0.178311 -8.972601 10.532502 -7.709546 10.680182 
