2160 0 -8.995942 10.617797 -3.097909 -7.709546 10.680182
2160 1 -9.011953 10.458470 -2.971010 -7.709546 10.680182
2160 2 -9.138591 10.466598 -2.993147 -7.709546 10.680182
2160 3 -9.103157 10.343288 -2.898338 -7.709546 10.680182
2160 4 -8.986564 10.660988 -3.119249 -7.709546 10.680182
2160 5 -8.998347 10.560092 -3.055385 -7.709546 10.680182
2160 6 -9.020193 10.587806 -3.076496 -7.709546 10.680182
2160 7 -9.089665 10.562927 -3.062510 -7.709546 10.680182
2160 8 -9.221509 10.410047 -2.962765 -7.709546 10.680182
2160 9 -9.252468 10.487646 -3.021962 -7.709546 10.680182
2160 10 -9.056004 10.578258 -3.075206 -7.709546 10.680182
2160 11 -9.017137 10.369720 -2.905041 -7.709546 10.680182
2160 12 -8.956550 10.636029 -3.102446 -7.709546 10.680182
2160 13 -8.847896 10.547900 -3.020199 -7.709546 10.680182
2160 14 -8.965582 10.527363 -3.018838 -7.709546 10.680182
2160 15 -8.819487 10.598086 -3.060608 -7.709546 10.680182
2160 16 -8.997421 10.423943 -2.946442 -7.709546 10.680182
2160 17 -8.792785 10.752577 3.063216 -7.709546 10.680182
2160 18 -8.937918 10.568265 -3.052638 -7.709546 10.680182
2160 19 -8.856809 10.664359 -3.118439 -7.709546 10.680182
2160 20 -8.992253 10.524045 -3.024492 -7.709546 10.680182
2160 21 -9.211236 10.515292 -3.038664 -7.709546 10.680182
2160 22 -8.869559 10.703420 3.113521 -7.709546 10.680182
2160 23 -8.944070 10.602791 -3.076073 -7.709546 10.680182
2160 24 -8.975755 10.593966 -3.070577 -7.709546 10.680182
2160 25 -8.875177 10.783676 3.051248 -7.709546 10.680182
2160 26 -9.037846 10.623613 -3.107015 -7.709546 10.680182
2160 27 -9.101160 10.446490 -2.979556 -7.709546 10.680182
2160 28 -8.938141 10.532415 -3.023219 -7.709546 10.680182
2160 29 -8.866837 10.744806 3.074534 -7.709546 10.680182
2160 30 -8.966997 10.434924 -2.943137 -7.709546 10.680182
2160 31 -8.813234 10.557935 -3.028419 -7.709546 10.680182
2160 32 -8.818476 10.640039 -3.092916 -7.709546 10.680182
2160 33 -8.930537 10.498365 -2.990289 -7.709546 10.680182
2160 34 -9.082481 10.387263 -2.927984 -7.709546 10.680182
2160 35 -8.771742 10.579810 -3.041955 -7.709546 10.680182
2160 36 -8.840334 10.457607 -2.941264 -7.709546 10.680182
2160 37 -9.054996 10.535483 -3.041015 -7.709546 10.680182
2160 38 -9.025379 10.545557 -3.041404 -7.709546 10.680182
2160 39 -8.817149 10.511011 -2.988820 -7.709546 10.680182
2160 40 -8.878189 10.464193 -2.955097 -7.709546 10.680182
2160 41 -8.908889 10.555379 -3.036349 -7.709546 10.680182
2160 42 -9.072948 10.432525 -2.959132 -7.709546 10.680182
2160 43 -8.788290 10.710625 3.102890 -7.709546 10.680182
2160 44 -8.822579 10.679175 -3.138369 -7.709546 10.680182
2160 45 -8.984162 10.468080 -2.976252 -7.709546 10.680182
2160 46 -9.116326 10.529108 -3.039970 -7.709546 10.680182
2160 47 -8.785105 10.620185 -3.075204 -7.709546 10.680182
2160 48 -8.825330 10.761810 3.068223 -7.709546 10.680182
2160 49 -8.748724 10.756865 3.054478 -7.709546 10.680182
2160 50 -9.080407 10.513599 -3.021620 -7.709546 10.680182
2160 51 -9.177896 10.485875 -3.013738 -7.709546 10.680182
2160 52 -8.934612 10.435508 -2.939532 -7.709546 10.680182
2160 53 -9.148404 10.514015 -3.030290 -7.709546 10.680182
2160 54 -8.966865 10.561928 -3.048059 -7.709546 10.680182
2160 55 -9.174105 10.395928 -2.951918 -7.709546 10.680182
2160 56 -8.851792 10.504476 -2.982457 -7.709546 10.680182
2160 57 -9.008910 10.326751 -2.868285 -7.709546 10.680182
2160 58 -9.023223 10.407405 -2.933459 -7.709546 10.680182
2160 59 -8.814735 10.815558 3.017916 -7.709546 10.680182
2160 60 -9.169331 10.440237 -2.980853 -7.709546 10.680182
2160 61 -9.258184 10.388589 -2.956326 -7.709546 10.680182
2160 62 -9.039136 10.438173 -2.958349 -7.709546 10.680182
2160 63 -8.944541 10.393266 -2.910267 -7.709546 10.680182
2160 64 -9.209930 10.457557 -2.995358 -7.709546 10.680182
2160 65 -8.749892 10.685900 3.133435 -7.709546 10.680182
2160 66 -8.878089 10.545996 -3.026432 -7.709546 10.680182
2160 67 -8.906788 10.421958 -2.923555 -7.709546 10.680182
2160 68 -9.071318 10.477015 -2.992389 -7.709546 10.680182
2160 69 -8.920481 10.364839 -2.877432 -7.709546 10.680182
2160 70 -8.978440 10.394725 -2.914413 -7.709546 10.680182
2160 71 -8.910904 10.590971 -3.063457 -7.709546 10.680182
2160 72 -8.882852 10.504045 -2.985009 -7.709546 10.680182
2160 73 -9.034391 10.507248 -3.014728 -7.709546 10.680182
2160 74 -8.889065 10.661611 -3.114636 -7.709546 10.680182
2160 75 -9.131725 10.422761 -2.960247 -7.709546 10.680182
2160 76 -8.975059 10.353035 -2.880176 -7.709546 10.680182
2160 77 -9.154853 10.357869 -2.918744 -7.709546 10.680182
2160 78 -8.965131 10.493618 -2.998350 -7.709546 10.680182
2160 79 -8.910334 10.469912 -2.961654 -7.709546 10.680182
2160 80 -8.907054 10.519852 -3.010157 -7.709546 10.680182
2160 81 -8.836018 10.712679 3.096045 -7.709546 10.680182
2160 82 -9.107455 10.486563 -3.004625 -7.709546 10.680182
2160 83 -8.785852 10.666661 -3.119058 -7.709546 10.680182
2160 84 -9.007376 10.496404 -2.998824 -7.709546 10.680182
2160 85 -8.905409 10.701870 3.117409 -7.709546 10.680182
2160 86 -9.052731 10.395167 -2.925059 -7.709546 10.680182
2160 87 -8.914729 10.625542 -3.086185 -7.709546 10.680182
2160 88 -8.850743 10.626911 -3.082340 -7.709546 10.680182
2160 89 -8.948508 10.684225 -3.139471 -7.709546 10.680182
2160 90 -8.924345 10.658517 -3.114813 -7.709546 10.680182
2160 91 -8.880591 10.583983 -3.055780 -7.709546 10.680182
2160 92 -8.873992 10.416779 -2.911305 -7.709546 10.680182
2160 93 -9.052645 10.343973 -2.893540 -7.709546 10.680182
2160 94 -8.882524 10.622396 -3.079545 -7.709546 10.680182
2160 95 -8.850381 10.587656 -3.054478 -7.709546 10.680182
2160 96 -8.947360 10.467135 -2.970103 -7.709546 10.680182
2160 97 -9.043240 10.473188 -2.985829 -7.709546 10.680182
2160 98 -9.116150 10.388667 -2.934424 -7.709546 10.680182
2160 99 -9.281767 10.443085 -2.992555 -7.709546 10.680182
