10 1.000000 1.000000 0.830976 -0.056077 0.051287 0.132586 -1.672990 
20 1.000000 1.000000 0.833254 -0.063699 0.086594 0.595389 -1.641731 
30 1.000000 1.000000 0.834764 -0.076982 0.117476 1.017997 -1.427402 
40 1.000000 1.000000 0.832830 -0.099214 0.149251 1.204110 -0.986389 
50 1.000000 1.000000 0.824564 -0.133815 0.179526 1.327525 -0.567724 
60 1.000000 1.000000 0.815076 -0.183611 0.205333 1.240087 -0.129579 
70 1.000000 1.000000 0.808547 -0.237134 0.218030 1.348787 0.294975 
80 1.000000 1.000000 0.801439 -0.286206 0.217822 1.300352 0.724149 
90 1.000000 1.000000 0.791141 -0.329563 0.206543 1.233836 1.178613 
100 1.000000 1.000000 0.772496 -0.367906 0.182828 0.880745 1.451491 
110 1.000000 1.000000 0.744084 -0.404234 0.141622 0.442942 1.450934 
120 1.000000 1.000000 0.716934 -0.438505 0.077772 0.109066 1.326139 
130 1.000000 1.000000 0.704717 -0.468537 0.023800 0.456516 1.259528 
140 1.000000 1.000000 0.699784 -0.506798 -0.013347 0.722153 0.881998 
150 1.000000 1.000000 0.697523 -0.552955 -0.038192 0.946588 0.457314 
160 1.000000 1.000000 0.694992 -0.599766 -0.048757 1.040824 -0.009797 
170 1.000000 1.000000 0.692082 -0.648629 -0.047984 0.940603 -0.419140 
180 1.000000 1.000000 0.688148 -0.698745 -0.034581 0.675965 -0.803766 
190 1.000000 1.000000 0.680813 -0.748566 -0.003173 0.244716 -1.038611 
200 1.000000 1.000000 0.671618 -0.790412 0.048130 -0.193230 -1.166754 
210 1.000000 1.000000 0.661663 -0.813678 0.108241 -0.647797 -1.340986 
220 1.000000 1.000000 0.646820 -0.817953 0.165780 -1.125730 -1.346016 
230 1.000000 1.000000 0.626050 -0.806860 0.217467 -1.547424 -1.224331 
240 1.000000 1.000000 0.597895 -0.775948 0.268888 -1.798549 -0.799805 
250 1.000000 1.000000 0.567478 -0.716974 0.319766 -1.629331 -0.392917 
260 1.000000 1.000000 0.557696 -0.662455 0.372887 -1.499564 -0.736770 
270 1.000000 1.000000 0.557053 -0.636406 0.423006 -1.099855 -1.001672 
280 1.000000 1.000000 0.557286 -0.625928 0.471780 -0.677597 -1.174112 
290 1.000000 1.000000 0.556262 -0.627587 0.517668 -0.241136 -1.064825 
300 1.000000 1.000000 0.552453 -0.642463 0.566226 0.120600 -0.767831 
310 1.000000 1.000000 0.540648 -0.673772 0.612785 0.428037 -0.421166 
320 1.000000 1.000000 0.516947 -0.728928 0.656517 0.401263 0.051885 
330 1.000000 1.000000 0.490827 -0.816426 0.691799 0.160589 0.448975 
340 1.000000 1.000000 0.480383 -0.909684 0.695948 0.261479 0.916644 
350 1.000000 1.000000 0.477417 -0.979582 0.673797 0.213722 1.322227 
360 1.000000 1.000000 0.473582 -1.033395 0.634639 -0.132526 1.608806 
370 1.000000 1.000000 0.465136 -1.071593 0.579144 -0.549121 1.837739 
380 1.000000 1.000000 0.453706 -1.090868 0.510424 -0.996169 1.823763 
390 1.000000 1.000000 0.443570 -1.087273 0.440843 -1.454328 1.831617 
400 1.000000 1.000000 0.435097 -1.065508 0.385791 -1.862901 1.674409 
410 1.000000 1.000000 0.426310 -1.032164 0.343330 -2.156652 1.372727 
420 1.000000 1.000000 0.416217 -0.987787 0.312951 -2.413119 0.994096 
430 1.000000 1.000000 0.405874 -0.933362 0.295583 -2.375063 0.526947 
440 1.000000 1.000000 0.396780 -0.877326 0.294949 -2.408538 0.061543 
450 1.000000 1.000000 0.389524 -0.826460 0.309040 -2.256483 -0.298607 
460 1.000000 1.000000 0.383418 -0.776656 0.338785 -1.890477 -0.525747 
470 1.000000 1.000000 0.378521 -0.731062 0.387297 -1.468590 -0.726922 
480 1.000000 1.000000 0.374501 -0.702669 0.451990 -0.995667 -0.813534 
490 1.000000 1.000000 0.372389 -0.697135 0.526317 -0.526035 -0.740745 
500 1.000000 1.000000 0.369741 -0.717731 0.596066 -0.079729 -0.564171 
510 1.000000 1.000000 0.360613 -0.764560 0.657615 0.144009 -0.150868 
520 1.000000 1.000000 0.344733 -0.845878 0.713547 0.062988 0.301152 
530 1.000000 1.000000 0.334136 -0.959082 0.738226 0.040067 0.735393 
540 1.000000 1.000000 0.333717 -1.045138 0.723312 0.074585 1.171074 
550 1.000000 1.000000 0.330604 -1.109242 0.685150 -0.137604 1.554618 
560 1.000000 1.000000 0.321413 -1.157561 0.625692 -0.549019 1.692731 
570 1.000000 1.000000 0.311003 -1.189411 0.546666 -0.980597 1.754550 
580 1.000000 1.000000 0.303276 -1.191497 0.478619 -1.407376 1.896190 
590 1.000000 1.000000 0.296867 -1.174043 0.422516 -1.833564 1.768097 
600 1.000000 1.000000 0.290258 -1.143711 0.378365 -2.158521 1.487917 
610 1.000000 1.000000 0.282819 -1.100456 0.343804 -2.393253 1.100569 
620 1.000000 1.000000 0.276035 -1.046634 0.323774 -2.508309 0.629003 
630 1.000000 1.000000 0.271690 -0.992417 0.321689 -2.526708 0.145947 
640 1.000000 1.000000 0.268781 -0.942653 0.335635 -2.357121 -0.292319 
650 1.000000 1.000000 0.265807 -0.893415 0.366593 -2.000635 -0.579136 
660 1.000000 1.000000 0.261544 -0.852479 0.415619 -1.548473 -0.743261 
670 1.000000 1.000000 0.257166 -0.825031 0.485771 -1.087087 -0.666346 
680 1.000000 1.000000 0.256983 -0.820007 0.576590 -0.632922 -0.560934 
690 1.000000 1.000000 0.257142 -0.851677 0.660883 -0.237528 -0.307690 
700 1.000000 1.000000 0.250593 -0.918607 0.730539 -0.057745 0.127091 
710 1.000000 1.000000 0.239159 -1.019426 0.779354 -0.134911 0.534072 
720 1.000000 1.000000 0.236677 -1.144931 0.787815 -0.122672 0.926768 
730 1.000000 1.000000 0.237273 -1.231935 0.755561 -0.234632 1.396742 
740 1.000000 1.000000 0.231868 -1.293303 0.699560 -0.581530 1.620784 
750 1.000000 1.000000 0.221691 -1.337870 0.612955 -0.965812 1.676281 
760 1.000000 1.000000 0.218391 -1.371679 0.547142 -0.552279 1.675873 
770 1.000000 1.000000 0.219462 -1.412324 0.506539 -0.218326 1.410843 
780 1.000000 1.000000 0.221422 -1.462809 0.480331 -0.105889 0.964342 
790 1.000000 1.000000 0.223640 -1.524911 0.468637 -0.153674 0.503716 
800 1.000000 1.000000 0.225623 -1.597616 0.478907 -0.426145 0.097880 
810 1.000000 1.000000 0.223762 -1.675680 0.519800 -0.782650 -0.209684 
820 1.000000 1.000000 0.213002 -1.745647 0.599242 -1.245934 -0.207617 
830 1.000000 1.000000 0.195518 -1.793082 0.725211 -1.639645 -0.042747 
840 1.000000 1.000000 0.189421 -1.783732 0.876484 -2.060619 0.061110 
850 1.000000 1.000000 0.187871 -1.720917 0.976048 -2.365586 0.138838 
860 1.000000 1.000000 0.191966 -1.684134 1.051975 -2.035307 -0.197257 
870 1.000000 1.000000 0.198230 -1.677679 1.118466 -1.587432 -0.236857 
880 1.000000 1.000000 0.203967 -1.694444 1.186491 -1.185585 0.011492 
890 1.000000 1.000000 0.204655 -1.737786 1.252606 -0.933297 0.389944 
900 1.000000 1.000000 0.196280 -1.815995 1.312440 -0.937615 0.834679 
910 1.000000 1.000000 0.179023 -1.937459 1.351206 -1.139492 1.237665 
920 1.000000 1.000000 0.171277 -2.092823 1.346959 -1.239521 1.402133 
930 1.000000 1.000000 0.180943 -2.203209 1.365477 -1.252744 0.990816 
940 1.000000 1.000000 0.190445 -2.284616 1.421429 -1.552668 0.669634 
950 1.000000 1.000000 0.193805 -2.340517 1.513215 -2.028094 0.582952 
960 1.000000 1.000000 0.191374 -2.352309 1.631633 -2.493254 0.698275 
970 1.000000 1.000000 0.184103 -2.305450 1.748441 -2.850910 0.982603 
980 1.000000 1.000000 0.165879 -2.204383 1.834684 -2.931150 1.430434 
990 1.000000 1.000000 0.155069 -2.093691 1.915053 -2.809925 1.167667 
1000 1.000000 1.000000 0.157480 -2.047521 1.993664 -2.446551 0.866991 
1010 1.000000 1.000000 0.164117 -2.037461 2.076419 -1.965681 0.885856 
1020 1.000000 1.000000 0.170438 -2.061370 2.161117 -1.572218 1.162302 
1030 1.000000 1.000000 0.171205 -2.124548 2.241194 -1.384982 1.593274 
1040 1.000000 1.000000 0.163555 -2.239887 2.306316 -1.466367 2.075211 
1050 1.000000 1.000000 0.154260 -2.397403 2.315364 -1.672066 2.473920 
1060 1.000000 1.000000 0.148402 -2.524582 2.238487 -1.972829 2.849325 
1070 1.000000 1.000000 0.148128 -2.613129 2.176217 -1.557680 2.648034 
1080 1.000000 1.000000 0.153955 -2.690738 2.158088 -1.459830 2.243599 
1090 1.000000 1.000000 0.160749 -2.765456 2.168109 -1.572757 1.785223 
1100 1.000000 1.000000 0.164380 -2.841196 2.209712 -1.971164 1.511467 
1110 1.000000 1.000000 0.161268 -2.912100 2.291382 -2.417707 1.451466 
1120 1.000000 1.000000 0.152962 -2.962236 2.413902 -2.809815 1.605082 
1130 1.000000 1.000000 0.149588 -2.955748 2.572332 -3.188204 1.854989 
1140 1.000000 1.000000 0.148200 -2.893406 2.684441 -3.490247 1.932245 
1150 1.000000 1.000000 0.141300 -2.802270 2.756691 -3.638218 2.330131 
1160 1.000000 1.000000 0.138652 -2.723968 2.815855 -3.516197 1.959825 
1170 1.000000 1.000000 0.142362 -2.683195 2.883382 -3.147917 1.719606 
1180 1.000000 1.000000 0.148544 -2.669526 2.960940 -2.676826 1.705933 
1190 1.000000 1.000000 0.153665 -2.684098 3.039266 -2.271610 1.907873 
1200 1.000000 1.000000 0.155199 -2.733417 3.122457 -2.067925 2.347827 
1210 1.000000 1.000000 0.149563 -2.832570 3.201589 -2.107174 2.792687 
1220 1.000000 1.000000 0.138281 -2.981444 3.239131 -2.275861 3.226634 
1230 1.000000 1.000000 0.140820 -3.131999 3.226966 -2.180982 3.204834 
1240 1.000000 1.000000 0.150557 -3.231359 3.255533 -2.283755 2.758250 
1250 1.000000 1.000000 0.157479 -3.311798 3.324074 -2.695354 2.555472 
1260 1.000000 1.000000 0.159020 -3.365589 3.434550 -3.163619 2.592955 
1270 1.000000 1.000000 0.158841 -3.364517 3.568294 -3.569575 2.738683 
1280 1.000000 1.000000 0.154646 -3.300142 3.683944 -3.893632 3.056460 
1290 1.000000 1.000000 0.140467 -3.180957 3.760776 -3.938752 3.330091 
1300 1.000000 1.000000 0.138023 -3.104064 3.832737 -3.755281 2.898630 
1310 1.000000 1.000000 0.142733 -3.071064 3.908148 -3.386296 2.682623 
1320 1.000000 1.000000 0.149416 -3.065918 3.984995 -2.955725 2.692690 
1330 1.000000 1.000000 0.154670 -3.086738 4.059760 -2.572583 2.926136 
1340 1.000000 1.000000 0.156163 -3.137051 4.132945 -2.370569 3.349253 
1350 1.000000 1.000000 0.151107 -3.232006 4.199464 -2.455027 3.825215 
1360 1.000000 1.000000 0.143290 -3.383151 4.235791 -2.666120 4.245178 
1370 1.000000 1.000000 0.140457 -3.530957 4.185473 -2.881674 4.661963 
1380 1.000000 1.000000 0.135240 -3.628561 4.092111 -2.906730 4.672808 
1390 1.000000 1.000000 0.140608 -3.720356 4.049746 -2.594931 4.308043 
1400 1.000000 1.000000 0.149746 -3.809591 4.047329 -2.653718 3.858271 
1410 1.000000 1.000000 0.156474 -3.895555 4.080019 -2.961429 3.504472 
1420 1.000000 1.000000 0.155446 -3.971608 4.152280 -3.395502 3.362878 
1430 1.000000 1.000000 0.146502 -4.033640 4.278748 -3.833767 3.578338 
1440 1.000000 1.000000 0.140838 -4.035062 4.454301 -4.249196 3.760949 
1450 1.000000 1.000000 0.138510 -3.966271 4.569874 -4.492537 3.728846 
1460 1.000000 1.000000 0.144083 -3.936456 4.661771 -4.077733 3.504341 
1470 1.000000 1.000000 0.152337 -3.944747 4.744924 -3.605088 3.583599 
1480 1.000000 1.000000 0.158171 -3.985210 4.823332 -3.305062 3.930149 
1490 1.000000 1.000000 0.157347 -4.061015 4.888934 -3.228760 4.337711 
1500 1.000000 1.000000 0.151328 -4.173986 4.934297 -3.316431 4.783246 
1510 1.000000 1.000000 0.147038 -4.325002 4.927614 -3.572015 5.147627 
1520 1.000000 1.000000 0.142799 -4.445808 4.852274 -3.852751 5.452464 
1530 1.000000 1.000000 0.134949 -4.529119 4.744378 -3.842713 5.462682 
1540 1.000000 1.000000 0.138029 -4.609992 4.690169 -3.496134 5.174038 
1550 1.000000 1.000000 0.143952 -4.683701 4.674167 -3.422933 4.740351 
1560 1.000000 1.000000 0.150776 -4.762888 4.684350 -3.633508 4.343811 
1570 1.000000 1.000000 0.154221 -4.845909 4.729244 -4.014277 4.068232 
1580 1.000000 1.000000 0.149714 -4.919438 4.818444 -4.483472 4.045584 
1590 1.000000 1.000000 0.141192 -4.973693 4.965199 -4.850443 4.303342 
1600 1.000000 1.000000 0.141206 -4.952926 5.128773 -5.316662 4.355985 
1610 1.000000 1.000000 0.136195 -4.867380 5.227056 -5.569004 4.635490 
1620 1.000000 1.000000 0.137247 -4.805798 5.308844 -5.340754 4.249471 
1630 1.000000 1.000000 0.143380 -4.784503 5.384251 -4.911313 4.130939 
1640 1.000000 1.000000 0.150550 -4.790636 5.460795 -4.490344 4.242125 
1650 1.000000 1.000000 0.154887 -4.825454 5.535959 -4.178055 4.591642 
1660 1.000000 1.000000 0.152930 -4.898760 5.608029 -4.133821 5.046969 
1670 1.000000 1.000000 0.144624 -5.021902 5.666452 -4.280685 5.473959 
1680 1.000000 1.000000 0.139583 -5.188390 5.665740 -4.494707 5.881830 
1690 1.000000 1.000000 0.135755 -5.304165 5.585738 -4.756477 6.224148 
1700 1.000000 1.000000 0.137181 -5.394790 5.523029 -4.374581 5.946412 
1710 1.000000 1.000000 0.145282 -5.484348 5.508312 -4.328717 5.470248 
1720 1.000000 1.000000 0.153831 -5.576511 5.532060 -4.619675 5.085596 
1730 1.000000 1.000000 0.156378 -5.664277 5.600017 -5.052088 4.907055 
1740 1.000000 1.000000 0.149684 -5.731411 5.722520 -5.512989 4.997416 
1750 1.000000 1.000000 0.145473 -5.740793 5.896085 -5.902077 5.208123 
1760 1.000000 1.000000 0.141784 -5.669090 6.017125 -6.291950 5.407453 
1770 1.000000 1.000000 0.136449 -5.578620 6.099500 -6.238971 5.295419 
1780 1.000000 1.000000 0.140814 -5.537858 6.180063 -5.867568 5.037131 
1790 1.000000 1.000000 0.147828 -5.532378 6.257562 -5.393923 5.004985 
1800 1.000000 1.000000 0.153403 -5.556436 6.334452 -5.038455 5.276261 
1810 1.000000 1.000000 0.154751 -5.613890 6.411669 -4.888419 5.701184 
1820 1.000000 1.000000 0.148853 -5.718628 6.479452 -4.951211 6.150363 
1830 1.000000 1.000000 0.142945 -5.876886 6.516128 -5.184116 6.511819 
1840 1.000000 1.000000 0.142950 -6.018351 6.471870 -5.325882 6.942908 
1850 1.000000 1.000000 0.135412 -6.107866 6.370999 -5.640473 7.105880 
1860 1.000000 1.000000 0.135011 -6.185442 6.296074 -5.234406 6.886221 
1870 1.000000 1.000000 0.141336 -6.268160 6.268283 -5.082093 6.421757 
1880 1.000000 1.000000 0.149205 -6.353568 6.274284 -5.255398 6.019372 
1890 1.000000 1.000000 0.153961 -6.441133 6.315437 -5.572855 5.683039 
1900 1.000000 1.000000 0.151089 -6.522088 6.402784 -6.060758 5.691007 
1910 1.000000 1.000000 0.141296 -6.575579 6.548466 -6.443459 5.899911 
1920 1.000000 1.000000 0.139485 -6.556512 6.710905 -6.902431 5.967639 
1930 1.000000 1.000000 0.135721 -6.474738 6.814318 -7.135219 6.111799 
1940 1.000000 1.000000 0.138505 -6.426190 6.898153 -6.799156 5.806888 
1950 1.000000 1.000000 0.146505 -6.416286 6.983180 -6.349998 5.797411 
1960 1.000000 1.000000 0.154076 -6.439477 7.068029 -5.954742 6.060532 
1970 1.000000 1.000000 0.155831 -6.502050 7.148063 -5.741891 6.468895 
1980 1.000000 1.000000 0.149975 -6.612311 7.215538 -5.866305 6.929446 
1990 1.000000 1.000000 0.142911 -6.776228 7.237461 -6.089292 7.352854 
2000 1.000000 1.000000 0.139662 -6.914326 7.166409 -6.321193 7.750674 
2010 1.000000 1.000000 0.135711 -7.003092 7.076387 -6.171007 7.648518 
2020 1.000000 1.000000 0.141223 -7.087909 7.042339 -5.901012 7.282266 
2030 1.000000 1.000000 0.147895 -7.162300 7.041311 -5.878179 6.846759 
2040 1.000000 1.000000 0.153359 -7.239764 7.067966 -6.203334 6.498334 
2050 1.000000 1.000000 0.154159 -7.315345 7.128907 -6.643172 6.398116 
2060 1.000000 1.000000 0.148520 -7.383856 7.240958 -7.104510 6.501611 
2070 1.000000 1.000000 0.143122 -7.402586 7.407824 -7.513165 6.708884 
2080 1.000000 1.000000 0.140750 -7.342850 7.533906 -7.900969 6.862729 
2090 1.000000 1.000000 0.135169 -7.253416 7.618132 -7.948160 6.810205 
2100 1.000000 1.000000 0.138642 -7.211642 7.696310 -7.592287 6.521117 
2110 1.000000 1.000000 0.145221 -7.202087 7.771647 -7.150734 6.505400 
2120 1.000000 1.000000 0.151567 -7.220403 7.849069 -6.791994 6.758894 
2130 1.000000 1.000000 0.154895 -7.270127 7.929220 -6.573271 7.133782 
2140 1.000000 1.000000 0.150435 -7.363506 7.998854 -6.552365 7.616128 
2150 1.000000 1.000000 0.140410 -7.510610 8.035997 -6.850248 7.950431 
2160 1.000000 1.000000 0.141612 -7.666002 8.010689 -6.898225 8.364367 
2170 1.000000 1.000000 0.137035 -7.764726 7.924670 -7.261707 8.623656 
2180 1.000000 1.000000 0.132735 -7.835907 7.830977 -7.058931 8.541336 
2190 1.000000 1.000000 0.136451 -7.906737 7.786871 -6.738180 8.251938 
2200 1.000000 1.000000 0.143190 -7.984262 7.771640 -6.727255 7.794158 
2210 1.000000 1.000000 0.150051 -8.067984 7.786356 -6.984256 7.389970 
2220 1.000000 1.000000 0.152328 -8.154118 7.839663 -7.418511 7.173311 
2230 1.000000 1.000000 0.145239 -8.226071 7.942479 -7.876911 7.162388 
2240 1.000000 1.000000 0.135680 -8.264780 8.100954 -8.248246 7.439212 
2250 1.000000 1.000000 0.139764 -8.249955 8.250469 -8.235152 7.260387 
2260 1.000000 1.000000 0.149875 -8.276058 8.348619 -7.793378 7.325872 
2270 1.000000 1.000000 0.156719 -8.335677 8.425733 -7.576614 7.738649 
2280 1.000000 1.000000 0.158342 -8.437866 8.483742 -7.582886 8.209121 
2290 1.000000 1.000000 0.158747 -8.578110 8.496002 -7.804831 8.624964 
2300 1.000000 1.000000 0.155864 -8.703937 8.435782 -8.063761 8.984552 
2310 1.000000 1.000000 0.140701 -8.780685 8.321444 -8.391827 9.071814 
2320 1.000000 1.000000 0.135546 -8.847792 8.240015 -7.923373 9.018873 
2330 1.000000 1.000000 0.138459 -8.916074 8.203946 -7.700621 8.602433 
2340 1.000000 1.000000 0.144384 -8.988633 8.195218 -7.694118 8.129787 
2350 1.000000 1.000000 0.150627 -9.066491 8.213607 -7.992888 7.790564 
2360 1.000000 1.000000 0.153808 -9.147462 8.265816 -8.386071 7.587693 
2370 1.000000 1.000000 0.149996 -9.215404 8.359735 -8.809438 7.540862 
2380 1.000000 1.000000 0.143225 -9.254060 8.503450 -9.234481 7.773458 
2390 1.000000 1.000000 0.141287 -9.209816 8.658493 -9.615387 8.008860 
2400 1.000000 1.000000 0.134385 -9.096570 8.762614 -9.749191 8.237740 
2410 1.000000 1.000000 0.137614 -9.030305 8.853783 -9.461929 7.852611 
2420 1.000000 1.000000 0.145275 -9.012969 8.939239 -9.024241 7.755612 
2430 1.000000 1.000000 0.153018 -9.031320 9.028695 -8.604843 8.008433 
2440 1.000000 1.000000 0.154162 -9.088951 9.109655 -8.357629 8.406649 
2450 1.000000 1.000000 0.145578 -9.194618 9.173668 -8.398988 8.883942 
2460 1.000000 1.000000 0.135634 -9.359162 9.202170 -8.719024 9.224332 
