10 1.000000 1.000000 0.792714 0.123022 0.110272 0.135475 -1.571570 
20 1.000000 1.000000 0.788662 0.122539 0.127585 0.302838 -1.206390 
30 1.000000 1.000000 0.785933 0.120566 0.147494 0.783840 -1.103360 
40 1.000000 1.000000 0.779603 0.112713 0.165646 1.154058 -0.859029 
50 1.000000 1.000000 0.767467 0.092516 0.183123 1.159282 -0.401330 
60 1.000000 1.000000 0.760897 0.062704 0.198869 1.148035 -0.034463 
70 1.000000 1.000000 0.752089 0.027284 0.210694 1.109304 0.416336 
80 1.000000 1.000000 0.739869 -0.010868 0.209097 1.045267 0.856384 
90 1.000000 1.000000 0.735277 -0.045763 0.198342 0.976480 0.604296 
100 1.000000 1.000000 0.739757 -0.084049 0.197462 0.910686 0.152878 
110 1.000000 1.000000 0.744772 -0.108068 0.200087 1.147724 -0.201479 
120 1.000000 1.000000 0.745804 -0.124577 0.204448 1.062763 -0.657257 
130 1.000000 1.000000 0.740760 -0.142033 0.215337 0.700122 -0.964167 
140 1.000000 1.000000 0.726006 -0.157796 0.239337 0.269452 -0.833700 
150 1.000000 1.000000 0.719885 -0.176345 0.273735 0.223283 -0.703826 
160 1.000000 1.000000 0.717590 -0.187322 0.299560 -0.109523 -1.015447 
170 1.000000 1.000000 0.706514 -0.192350 0.323047 -0.588811 -1.004071 
180 1.000000 1.000000 0.684931 -0.188166 0.348840 -0.999019 -0.826918 
190 1.000000 1.000000 0.660624 -0.169034 0.372464 -1.166952 -0.433472 
200 1.000000 1.000000 0.646749 -0.145428 0.398184 -0.801205 -0.634023 
210 1.000000 1.000000 0.638760 -0.134181 0.433045 -0.373160 -0.565745 
220 1.000000 1.000000 0.637247 -0.134091 0.474772 0.077445 -0.456917 
230 1.000000 1.000000 0.638742 -0.144648 0.509868 0.528965 -0.407678 
240 1.000000 1.000000 0.634505 -0.162670 0.533015 0.797154 -0.118707 
250 1.000000 1.000000 0.623136 -0.194091 0.549903 0.759066 0.270697 
260 1.000000 1.000000 0.619710 -0.245593 0.568308 0.548737 0.244292 
270 1.000000 1.000000 0.624497 -0.285403 0.598218 0.228488 -0.080319 
280 1.000000 1.000000 0.629331 -0.308738 0.637418 -0.111619 -0.307297 
290 1.000000 1.000000 0.631673 -0.317333 0.671839 -0.541646 -0.424539 
300 1.000000 1.000000 0.630465 -0.314372 0.703110 -0.988209 -0.380773 
310 1.000000 1.000000 0.621291 -0.299573 0.728990 -1.315647 -0.104359 
320 1.000000 1.000000 0.593735 -0.268575 0.749218 -1.339057 0.331162 
330 1.000000 1.000000 0.561681 -0.220393 0.754573 -1.213577 0.616158 
340 1.000000 1.000000 0.546270 -0.179355 0.765716 -1.088643 0.180003 
350 1.000000 1.000000 0.533873 -0.148448 0.793377 -0.748548 -0.069467 
360 1.000000 1.000000 0.523600 -0.128567 0.846951 -0.326135 0.038665 
370 1.000000 1.000000 0.525457 -0.132145 0.910674 0.069922 0.121256 
380 1.000000 1.000000 0.530936 -0.155203 0.957609 0.442706 0.323138 
390 1.000000 1.000000 0.535397 -0.193703 0.989116 0.672272 0.731778 
400 1.000000 1.000000 0.534247 -0.227422 1.000449 0.981694 1.057093 
410 1.000000 1.000000 0.524764 -0.250751 1.000871 1.143090 1.481397 
420 1.000000 1.000000 0.499843 -0.266791 0.995841 1.021882 1.891451 
430 1.000000 1.000000 0.457888 -0.285394 0.979140 0.574598 1.865738 
440 1.000000 1.000000 0.422074 -0.316226 0.945471 0.490765 1.517826 
450 1.000000 1.000000 0.402264 -0.382660 0.917037 0.331407 1.107801 
460 1.000000 1.000000 0.400493 -0.455179 0.924828 0.172145 0.679828 
470 1.000000 1.000000 0.401390 -0.513950 0.965241 -0.094932 0.380395 
480 1.000000 1.000000 0.395553 -0.543157 1.031270 -0.559018 0.255236 
490 1.000000 1.000000 0.385210 -0.531457 1.095936 -1.028365 0.365415 
500 1.000000 1.000000 0.368847 -0.490075 1.135307 -1.209329 0.733524 
510 1.000000 1.000000 0.353537 -0.437866 1.149431 -1.413528 1.123552 
520 1.000000 1.000000 0.338432 -0.393640 1.140630 -1.273646 1.562046 
530 1.000000 1.000000 0.331717 -0.362948 1.121157 -1.401974 1.728151 
540 1.000000 1.000000 0.330451 -0.343696 1.113807 -1.650053 1.367072 
550 1.000000 1.000000 0.329452 -0.324613 1.112708 -1.631860 0.963167 
560 1.000000 1.000000 0.326594 -0.300033 1.119124 -1.323859 0.641704 
570 1.000000 1.000000 0.318304 -0.270311 1.139775 -0.948494 0.403438 
580 1.000000 1.000000 0.298808 -0.237948 1.193496 -0.499071 0.519947 
590 1.000000 1.000000 0.282413 -0.228998 1.294453 -0.108944 0.752622 
600 1.000000 1.000000 0.280813 -0.282472 1.372319 0.224871 1.037642 
610 1.000000 1.000000 0.284463 -0.354157 1.397705 0.509895 1.369968 
620 1.000000 1.000000 0.285505 -0.394390 1.392098 0.630439 1.840261 
630 1.000000 1.000000 0.275875 -0.419013 1.375514 0.357513 2.203353 
640 1.000000 1.000000 0.248409 -0.439638 1.342549 -0.008888 2.140933 
650 1.000000 1.000000 0.226529 -0.474268 1.277872 0.038090 1.885583 
660 1.000000 1.000000 0.223751 -0.527053 1.244935 0.235648 1.476287 
670 1.000000 1.000000 0.223645 -0.586804 1.244755 0.177427 1.050741 
680 1.000000 1.000000 0.220746 -0.652685 1.282005 -0.189007 0.818996 
690 1.000000 1.000000 0.211697 -0.701728 1.378456 -0.673642 0.798484 
700 1.000000 1.000000 0.197850 -0.671446 1.469207 -1.097164 0.984201 
710 1.000000 1.000000 0.187835 -0.606654 1.523680 -1.125588 0.917919 
720 1.000000 1.000000 0.189015 -0.583755 1.576112 -0.715317 0.727876 
730 1.000000 1.000000 0.190656 -0.592237 1.636229 -0.296473 0.904821 
740 1.000000 1.000000 0.185772 -0.639664 1.696260 -0.069633 1.289779 
750 1.000000 1.000000 0.172902 -0.735094 1.730015 -0.186025 1.728882 
760 1.000000 1.000000 0.167307 -0.823627 1.697213 -0.257949 2.178018 
770 1.000000 1.000000 0.156923 -0.861274 1.634191 -0.571786 2.351075 
780 1.000000 1.000000 0.155396 -0.895712 1.590567 -0.198271 2.119030 
790 1.000000 1.000000 0.156729 -0.950624 1.569349 -0.139871 1.658201 
800 1.000000 1.000000 0.156244 -1.019925 1.583621 -0.401683 1.262472 
810 1.000000 1.000000 0.147712 -1.098396 1.662075 -0.866591 1.238096 
820 1.000000 1.000000 0.140334 -1.104168 1.790540 -1.337064 1.243136 
830 1.000000 1.000000 0.134274 -1.041529 1.853436 -1.661201 1.479801 
840 1.000000 1.000000 0.134158 -1.000045 1.897975 -1.391258 1.154957 
850 1.000000 1.000000 0.138012 -0.989492 1.956988 -0.947411 1.203508 
860 1.000000 1.000000 0.140214 -1.020473 2.032730 -0.616673 1.530696 
870 1.000000 1.000000 0.129507 -1.124478 2.093086 -0.666407 2.011380 
880 1.000000 1.000000 0.124519 -1.245521 2.063297 -0.728636 2.424904 
890 1.000000 1.000000 0.119753 -1.296026 1.995118 -0.870379 2.685630 
900 1.000000 1.000000 0.120719 -1.332518 1.959138 -0.551761 2.454463 
910 1.000000 1.000000 0.123309 -1.377862 1.945655 -0.504778 2.008552 
920 1.000000 1.000000 0.125844 -1.443359 1.960118 -0.823766 1.667480 
930 1.000000 1.000000 0.121503 -1.523040 2.038920 -1.292948 1.611876 
940 1.000000 1.000000 0.117196 -1.536753 2.177971 -1.711641 1.640092 
950 1.000000 1.000000 0.113317 -1.477376 2.250495 -1.995175 1.912173 
960 1.000000 1.000000 0.112865 -1.426329 2.298106 -1.860637 1.569660 
970 1.000000 1.000000 0.117037 -1.412710 2.344695 -1.469062 1.465574 
980 1.000000 1.000000 0.121556 -1.426605 2.405882 -1.092257 1.742119 
990 1.000000 1.000000 0.117904 -1.492383 2.470397 -0.972580 2.195343 
1000 1.000000 1.000000 0.109160 -1.624363 2.485600 -1.166443 2.630158 
1010 1.000000 1.000000 0.107792 -1.708070 2.423610 -1.165087 2.842478 
1020 1.000000 1.000000 0.113228 -1.771834 2.401653 -0.974394 2.445544 
1030 1.000000 1.000000 0.119198 -1.840237 2.421152 -1.251799 2.072850 
1040 1.000000 1.000000 0.114946 -1.905457 2.501720 -1.711294 2.020167 
1050 1.000000 1.000000 0.109164 -1.900719 2.638738 -2.147716 2.142023 
1060 1.000000 1.000000 0.105963 -1.834921 2.706094 -2.377457 2.187179 
1070 1.000000 1.000000 0.109843 -1.805487 2.762215 -1.976524 1.977932 
1080 1.000000 1.000000 0.115571 -1.810868 2.823215 -1.516609 2.040310 
1090 1.000000 1.000000 0.116360 -1.856655 2.886113 -1.388965 2.480424 
1100 1.000000 1.000000 0.108974 -1.977228 2.929758 -1.557181 2.900359 
1110 1.000000 1.000000 0.109996 -2.090380 2.882643 -1.699713 3.299978 
1120 1.000000 1.000000 0.105795 -2.138627 2.807152 -1.620388 3.383572 
1130 1.000000 1.000000 0.109703 -2.186973 2.777119 -1.372134 3.033354 
1140 1.000000 1.000000 0.115787 -2.251957 2.776182 -1.543683 2.609552 
1150 1.000000 1.000000 0.119448 -2.334390 2.821225 -1.920124 2.423653 
1160 1.000000 1.000000 0.110494 -2.390772 2.940742 -2.354563 2.495535 
1170 1.000000 1.000000 0.106628 -2.343001 3.058194 -2.719521 2.539575 
1180 1.000000 1.000000 0.111854 -2.319980 3.127700 -2.353584 2.365655 
1190 1.000000 1.000000 0.118430 -2.338867 3.192932 -1.928096 2.547981 
1200 1.000000 1.000000 0.116247 -2.410986 3.252385 -1.906732 3.027543 
1210 1.000000 1.000000 0.112693 -2.549454 3.257922 -2.110986 3.441855 
1220 1.000000 1.000000 0.106477 -2.627993 3.174887 -2.375540 3.732441 
1230 1.000000 1.000000 0.107052 -2.678145 3.118929 -1.989252 3.554536 
1240 1.000000 1.000000 0.111864 -2.733327 3.103725 -1.871709 3.120667 
1250 1.000000 1.000000 0.116503 -2.800746 3.122328 -2.190626 2.770486 
1260 1.000000 1.000000 0.112574 -2.870994 3.202023 -2.641166 2.770857 
1270 1.000000 1.000000 0.109004 -2.874361 3.341451 -3.099902 2.866599 
1280 1.000000 1.000000 0.105962 -2.801246 3.413820 -3.364586 2.982645 
1290 1.000000 1.000000 0.108864 -2.765420 3.463667 -3.057384 2.670437 
1300 1.000000 1.000000 0.114659 -2.762585 3.524172 -2.600111 2.761616 
1310 1.000000 1.000000 0.116522 -2.802869 3.592474 -2.337580 3.149295 
1320 1.000000 1.000000 0.106914 -2.915673 3.639495 -2.464347 3.599593 
1330 1.000000 1.000000 0.108190 -3.029163 3.607821 -2.513115 3.955861 
1340 1.000000 1.000000 0.105655 -3.083621 3.537234 -2.679382 4.165353 
1350 1.000000 1.000000 0.108954 -3.128962 3.497600 -2.412671 3.863896 
1360 1.000000 1.000000 0.115200 -3.189204 3.486454 -2.411339 3.434024 
1370 1.000000 1.000000 0.118692 -3.255012 3.511523 -2.666130 3.100630 
1380 1.000000 1.000000 0.113448 -3.325297 3.594736 -3.113468 3.157892 
1390 1.000000 1.000000 0.108151 -3.329969 3.734355 -3.516749 3.178032 
1400 1.000000 1.000000 0.106129 -3.266217 3.808396 -3.853487 3.488015 
1410 1.000000 1.000000 0.107450 -3.222329 3.853289 -3.636699 3.103279 
1420 1.000000 1.000000 0.112752 -3.211258 3.906725 -3.168189 3.064842 
1430 1.000000 1.000000 0.117541 -3.232478 3.972738 -2.857710 3.381332 
1440 1.000000 1.000000 0.111965 -3.310636 4.034385 -2.844496 3.816247 
1450 1.000000 1.000000 0.108651 -3.453366 4.036734 -2.983398 4.260534 
1460 1.000000 1.000000 0.105552 -3.522471 3.962527 -3.122981 4.542078 
1470 1.000000 1.000000 0.108638 -3.572877 3.922788 -2.773277 4.276213 
1480 1.000000 1.000000 0.114754 -3.631735 3.912130 -2.846346 3.847258 
1490 1.000000 1.000000 0.117475 -3.693114 3.938614 -3.124539 3.490658 
1500 1.000000 1.000000 0.110386 -3.753256 4.023889 -3.578071 3.547471 
1510 1.000000 1.000000 0.107534 -3.749494 4.158326 -4.006557 3.648990 
1520 1.000000 1.000000 0.105414 -3.685487 4.222730 -4.238656 3.696766 
1530 1.000000 1.000000 0.109472 -3.654788 4.276549 -3.877819 3.434450 
1540 1.000000 1.000000 0.115476 -3.656522 4.335495 -3.434783 3.573670 
1550 1.000000 1.000000 0.116302 -3.699386 4.398783 -3.174547 3.962547 
1560 1.000000 1.000000 0.106834 -3.807667 4.443719 -3.351324 4.388847 
1570 1.000000 1.000000 0.107324 -3.924627 4.411138 -3.430559 4.786837 
1580 1.000000 1.000000 0.105009 -3.978863 4.342229 -3.473315 4.899483 
1590 1.000000 1.000000 0.109189 -4.027201 4.312768 -3.198660 4.572833 
1600 1.000000 1.000000 0.114770 -4.083876 4.312047 -3.225231 4.132217 
1610 1.000000 1.000000 0.117094 -4.148123 4.345312 -3.652417 3.926073 
1620 1.000000 1.000000 0.110791 -4.213431 4.449380 -4.099387 4.005447 
1630 1.000000 1.000000 0.107874 -4.186622 4.580468 -4.532907 4.155864 
1640 1.000000 1.000000 0.107100 -4.124580 4.647012 -4.490609 3.968182 
1650 1.000000 1.000000 0.112816 -4.112658 4.703882 -4.087726 3.871452 
1660 1.000000 1.000000 0.117394 -4.135020 4.765485 -3.716536 4.155039 
1670 1.000000 1.000000 0.112033 -4.209612 4.820133 -3.697186 4.616861 
1680 1.000000 1.000000 0.108363 -4.346107 4.821464 -3.851685 5.020957 
1690 1.000000 1.000000 0.105574 -4.420120 4.746743 -4.036720 5.327915 
1700 1.000000 1.000000 0.108869 -4.473306 4.705546 -3.732729 5.002937 
1710 1.000000 1.000000 0.115012 -4.533283 4.700962 -3.755958 4.564786 
1720 1.000000 1.000000 0.117515 -4.600616 4.735914 -4.099433 4.309130 
1730 1.000000 1.000000 0.110100 -4.660226 4.834040 -4.532059 4.377714 
1740 1.000000 1.000000 0.108392 -4.644484 4.963685 -4.966206 4.475209 
1750 1.000000 1.000000 0.105058 -4.575553 5.025977 -5.115519 4.490554 
1760 1.000000 1.000000 0.109493 -4.548118 5.082129 -4.688323 4.283607 
1770 1.000000 1.000000 0.116823 -4.558481 5.154578 -4.288913 4.520623 
1780 1.000000 1.000000 0.116243 -4.617849 5.221920 -4.126546 4.864650 
1790 1.000000 1.000000 0.108127 -4.742734 5.256614 -4.300831 5.285791 
1800 1.000000 1.000000 0.105791 -4.844874 5.195337 -4.497752 5.675674 
1810 1.000000 1.000000 0.106473 -4.902002 5.139683 -4.204580 5.482159 
1820 1.000000 1.000000 0.113169 -4.967886 5.130008 -4.215307 5.023706 
1830 1.000000 1.000000 0.117492 -5.044765 5.168770 -4.600860 4.760255 
1840 1.000000 1.000000 0.109006 -5.097354 5.273141 -5.012632 4.781569 
1850 1.000000 1.000000 0.106971 -5.069535 5.397425 -5.421874 4.911488 
1860 1.000000 1.000000 0.104435 -5.002667 5.454568 -5.528892 4.884915 
1870 1.000000 1.000000 0.109258 -4.976542 5.511531 -5.135003 4.686244 
1880 1.000000 1.000000 0.115883 -4.983789 5.578803 -4.717514 4.895099 
1890 1.000000 1.000000 0.116357 -5.045888 5.654524 -4.592890 5.340517 
1900 1.000000 1.000000 0.107595 -5.181133 5.681318 -4.734608 5.766732 
1910 1.000000 1.000000 0.105241 -5.272892 5.611796 -4.900483 6.143103 
1920 1.000000 1.000000 0.108625 -5.335092 5.567431 -4.586948 5.807852 
1930 1.000000 1.000000 0.115404 -5.401571 5.567705 -4.670880 5.395106 
1940 1.000000 1.000000 0.116915 -5.467656 5.609934 -5.025783 5.100897 
1950 1.000000 1.000000 0.107874 -5.515278 5.718555 -5.455737 5.222921 
1960 1.000000 1.000000 0.107274 -5.485080 5.837087 -5.870985 5.360292 
1970 1.000000 1.000000 0.105282 -5.421699 5.893784 -5.911071 5.268081 
1980 1.000000 1.000000 0.110125 -5.401310 5.946484 -5.489427 5.079274 
1990 1.000000 1.000000 0.115446 -5.413113 6.006502 -5.090129 5.319233 
2000 1.000000 1.000000 0.113963 -5.469904 6.068219 -4.967317 5.740735 
2010 1.000000 1.000000 0.106648 -5.599043 6.095779 -5.125196 6.173486 
2020 1.000000 1.000000 0.106164 -5.691676 6.038360 -5.305321 6.529891 
2030 1.000000 1.000000 0.106468 -5.741215 5.982875 -5.025774 6.468468 
2040 1.000000 1.000000 0.111461 -5.792555 5.967041 -4.960177 6.019381 
2050 1.000000 1.000000 0.116693 -5.858405 5.983545 -5.226851 5.623455 
2060 1.000000 1.000000 0.113526 -5.927611 6.056541 -5.677640 5.572960 
2070 1.000000 1.000000 0.106606 -5.937089 6.193714 -6.119374 5.719463 
2080 1.000000 1.000000 0.105598 -5.877917 6.270727 -6.331011 5.636576 
2090 1.000000 1.000000 0.110521 -5.859047 6.326603 -5.921002 5.495497 
2100 1.000000 1.000000 0.116614 -5.872843 6.389201 -5.511363 5.706749 
2110 1.000000 1.000000 0.115741 -5.931018 6.450534 -5.401755 6.123163 
2120 1.000000 1.000000 0.107290 -6.053612 6.474530 -5.607976 6.538921 
2130 1.000000 1.000000 0.105037 -6.148683 6.409711 -5.819382 6.920395 
2140 1.000000 1.000000 0.106989 -6.203579 6.362969 -5.446718 6.747866 
2150 1.000000 1.000000 0.112179 -6.256575 6.353142 -5.396955 6.303661 
2160 1.000000 1.000000 0.116653 -6.322220 6.377128 -5.747982 5.986486 
2170 1.000000 1.000000 0.111570 -6.384304 6.459838 -6.193264 5.980796 
2180 1.000000 1.000000 0.106676 -6.375735 6.591191 -6.648287 6.096246 
2190 1.000000 1.000000 0.106756 -6.319120 6.664745 -6.671943 5.977470 
2200 1.000000 1.000000 0.113038 -6.308460 6.725046 -6.262513 5.969219 
2210 1.000000 1.000000 0.118177 -6.335446 6.790656 -5.906237 6.235038 
2220 1.000000 1.000000 0.112563 -6.425551 6.849779 -5.952919 6.700653 
2230 1.000000 1.000000 0.107957 -6.556957 6.830912 -6.126748 7.123523 
2240 1.000000 1.000000 0.104977 -6.621857 6.759567 -6.096277 7.291312 
2250 1.000000 1.000000 0.110014 -6.684889 6.729457 -5.938989 6.844703 
2260 1.000000 1.000000 0.116721 -6.754498 6.739645 -6.084884 6.456505 
2270 1.000000 1.000000 0.115381 -6.822090 6.800269 -6.495427 6.247857 
2280 1.000000 1.000000 0.108247 -6.853481 6.928441 -6.919975 6.471095 
2290 1.000000 1.000000 0.105355 -6.789127 7.022565 -7.276928 6.626455 
2300 1.000000 1.000000 0.108023 -6.746950 7.082079 -7.020998 6.337864 
2310 1.000000 1.000000 0.114275 -6.742757 7.141755 -6.594231 6.335590 
2320 1.000000 1.000000 0.118206 -6.776959 7.209803 -6.377935 6.718481 
2330 1.000000 1.000000 0.111340 -6.880672 7.269322 -6.431676 7.175644 
2340 1.000000 1.000000 0.107924 -7.011328 7.229617 -6.613736 7.618595 
2350 1.000000 1.000000 0.107106 -7.071096 7.166280 -6.404208 7.595858 
2360 1.000000 1.000000 0.112867 -7.131716 7.149856 -6.378399 7.160645 
2370 1.000000 1.000000 0.117906 -7.202107 7.174176 -6.642725 6.779280 
2380 1.000000 1.000000 0.114134 -7.272497 7.263163 -7.085761 6.818284 
2390 1.000000 1.000000 0.110591 -7.264751 7.400674 -7.534836 6.918879 
2400 1.000000 1.000000 0.105915 -7.190862 7.468267 -7.708590 7.022573 
2410 1.000000 1.000000 0.109288 -7.156113 7.522762 -7.420292 6.775886 
2420 1.000000 1.000000 0.115909 -7.155035 7.587824 -7.007139 6.870311 
2430 1.000000 1.000000 0.118292 -7.196622 7.657090 -6.749811 7.207073 
2440 1.000000 1.000000 0.110100 -7.312354 7.711213 -6.864342 7.679874 
2450 1.000000 1.000000 0.108011 -7.433021 7.663658 -7.045701 8.090640 
2460 1.000000 1.000000 0.107527 -7.492288 7.601528 -6.869537 7.986931 
2470 1.000000 1.000000 0.113513 -7.552043 7.583177 -6.750064 7.609825 
2480 1.000000 1.000000 0.118610 -7.616165 7.601447 -6.968532 7.225809 
2490 1.000000 1.000000 0.115709 -7.681451 7.668503 -7.399167 7.214945 
2500 1.000000 1.000000 0.109520 -7.701476 7.808217 -7.844075 7.350283 
2510 1.000000 1.000000 0.106063 -7.629517 7.890723 -8.153015 7.456745 
2520 1.000000 1.000000 0.109070 -7.594889 7.945468 -7.844977 7.099280 
2530 1.000000 1.000000 0.114464 -7.594064 8.000440 -7.421568 7.180448 
2540 1.000000 1.000000 0.117038 -7.623162 8.057640 -7.142252 7.492561 
2550 1.000000 1.000000 0.111561 -7.708003 8.114591 -7.236084 7.930534 
2560 1.000000 1.000000 0.108912 -7.841416 8.103251 -7.370585 8.399184 
2570 1.000000 1.000000 0.105582 -7.908182 8.028887 -7.388457 8.530092 
2580 1.000000 1.000000 0.110963 -7.971952 7.998968 -7.170812 8.118223 
2590 1.000000 1.000000 0.116811 -8.033699 8.008234 -7.356575 7.731729 
2600 1.000000 1.000000 0.115795 -8.100618 8.065458 -7.772406 7.580921 
2610 1.000000 1.000000 0.107804 -8.129633 8.199335 -8.219976 7.749179 
2620 1.000000 1.000000 0.105556 -8.068291 8.287121 -8.600415 7.809327 
2630 1.000000 1.000000 0.108697 -8.031720 8.344789 -8.268158 7.560400 
2640 1.000000 1.000000 0.114840 -8.032180 8.404926 -7.819735 7.629312 
2650 1.000000 1.000000 0.117436 -8.070499 8.469475 -7.593925 7.999905 
2660 1.000000 1.000000 0.110676 -8.161098 8.520388 -7.604864 8.386812 
2670 1.000000 1.000000 0.110042 -8.288415 8.514551 -7.751721 8.724260 
2680 1.000000 1.000000 0.106908 -8.359112 8.448782 -8.053601 9.025165 
2690 1.000000 1.000000 0.105051 -8.399176 8.383910 -7.837718 8.972585 
2700 1.000000 1.000000 0.109108 -8.442952 8.357767 -7.602165 8.633904 
2710 1.000000 1.000000 0.113911 -8.497578 8.356011 -7.696757 8.186631 
2720 1.000000 1.000000 0.114964 -8.564917 8.393724 -8.099420 7.974321 
2730 1.000000 1.000000 0.107082 -8.622560 8.505552 -8.574580 8.043453 
2740 1.000000 1.000000 0.106130 -8.582970 8.621957 -8.997460 8.179576 
2750 1.000000 1.000000 0.109379 -8.547149 8.683325 -8.738273 7.883957 
2760 1.000000 1.000000 0.115953 -8.549612 8.742262 -8.324813 7.973683 
2770 1.000000 1.000000 0.118578 -8.585602 8.800839 -8.079473 8.310421 
2780 1.000000 1.000000 0.110874 -8.682247 8.849919 -8.196098 8.742627 
2790 1.000000 1.000000 0.109122 -8.809841 8.826565 -8.336071 9.168031 
2800 1.000000 1.000000 0.104848 -8.868788 8.751969 -8.372231 9.337869 
2810 1.000000 1.000000 0.108581 -8.922251 8.719714 -8.140555 8.934290 
2820 1.000000 1.000000 0.114050 -8.980239 8.720098 -8.188082 8.498216 
2830 1.000000 1.000000 0.115077 -9.046178 8.763143 -8.624962 8.308731 
2840 1.000000 1.000000 0.108692 -9.098578 8.882722 -9.068966 8.432870 
2850 1.000000 1.000000 0.107963 -9.055032 8.993778 -9.504391 8.529959 
2860 1.000000 1.000000 0.106331 -8.991508 9.049720 -9.457588 8.404993 
2870 1.000000 1.000000 0.111864 -8.973444 9.106598 -9.013259 8.300444 
2880 1.000000 1.000000 0.117159 -8.992386 9.173190 -8.596363 8.550042 
2890 1.000000 1.000000 0.112975 -9.062367 9.233830 -8.558038 8.987923 
2900 1.000000 1.000000 0.107985 -9.197867 9.250521 -8.723264 9.401597 
2910 1.000000 1.000000 0.105141 -9.275422 9.185210 -8.968767 9.743524 
2920 1.000000 1.000000 0.106539 -9.326174 9.138192 -8.575609 9.503593 
2930 1.000000 1.000000 0.111592 -9.379727 9.129643 -8.513182 9.034995 
2940 1.000000 1.000000 0.115298 -9.440985 9.153427 -8.833379 8.708140 
