10 1.000000 0.400000 0.807146 -0.154610 0.076043 -0.027504 -1.818808 
20 1.000000 0.400000 0.803291 -0.155505 0.086445 -0.064889 -1.635337 
30 1.000000 0.400000 0.799541 -0.156772 0.100159 -0.092238 -1.444723 
40 1.000000 0.400000 0.796896 -0.158246 0.117648 -0.136985 -1.259263 
50 1.000000 0.400000 0.796702 -0.159893 0.138806 -0.259512 -1.134006 
60 1.000000 0.400000 0.798102 -0.160751 0.160239 -0.452582 -1.117688 
70 1.000000 0.400000 0.799422 -0.160024 0.179920 -0.639384 -1.116995 
80 1.000000 0.400000 0.800113 -0.157513 0.197924 -0.826331 -1.088034 
90 1.000000 0.400000 0.800097 -0.152960 0.215585 -0.975411 -0.973384 
100 1.000000 0.400000 0.799590 -0.146242 0.233411 -1.107667 -0.877806 
110 1.000000 0.400000 0.797738 -0.137266 0.250000 -1.236366 -0.739197 
120 1.000000 0.400000 0.793935 -0.126044 0.265051 -1.373810 -0.605739 
130 1.000000 0.400000 0.787860 -0.112517 0.278518 -1.435248 -0.421264 
140 1.000000 0.400000 0.779518 -0.096179 0.290763 -1.462207 -0.231778 
150 1.000000 0.400000 0.769361 -0.077344 0.301341 -1.481475 -0.050702 
160 1.000000 0.400000 0.757670 -0.055654 0.310243 -1.439714 0.140098 
170 1.000000 0.400000 0.745099 -0.031395 0.317038 -1.389356 0.325613 
180 1.000000 0.400000 0.732444 -0.004619 0.321431 -1.311873 0.502880 
190 1.000000 0.400000 0.721452 0.023243 0.323143 -1.252945 0.656158 
200 1.000000 0.400000 0.712569 0.050077 0.321644 -1.195754 0.818638 
210 1.000000 0.400000 0.705440 0.075673 0.316830 -1.126662 1.002237 
220 1.000000 0.400000 0.698914 0.097972 0.308957 -1.072700 1.182552 
230 1.000000 0.400000 0.691752 0.117984 0.298160 -0.936500 1.314019 
240 1.000000 0.400000 0.683080 0.135360 0.284723 -0.795516 1.443660 
250 1.000000 0.400000 0.672238 0.150493 0.268328 -0.611271 1.513030 
260 1.000000 0.400000 0.659592 0.163154 0.249062 -0.429534 1.558315 
270 1.000000 0.400000 0.646368 0.172936 0.227456 -0.257743 1.528905 
280 1.000000 0.400000 0.634104 0.180262 0.202831 -0.078100 1.478567 
290 1.000000 0.400000 0.624379 0.183940 0.176938 0.112097 1.441555 
300 1.000000 0.400000 0.618550 0.184273 0.150307 0.281049 1.395621 
310 1.000000 0.400000 0.616774 0.181868 0.127554 0.461467 1.426503 
320 1.000000 0.400000 0.617286 0.178323 0.110134 0.644372 1.493295 
330 1.000000 0.400000 0.618269 0.174328 0.096646 0.826849 1.523044 
340 1.000000 0.400000 0.618937 0.169785 0.085220 1.012984 1.468218 
350 1.000000 0.400000 0.618804 0.164342 0.074824 1.171608 1.359884 
360 1.000000 0.400000 0.617470 0.157718 0.064858 1.308881 1.247911 
370 1.000000 0.400000 0.614719 0.149735 0.055112 1.350024 1.085822 
380 1.000000 0.400000 0.610427 0.139895 0.045101 1.442283 0.912136 
390 1.000000 0.400000 0.604077 0.127661 0.035128 1.427683 0.726604 
400 1.000000 0.400000 0.596332 0.112605 0.025087 1.434519 0.546049 
410 1.000000 0.400000 0.587512 0.094708 0.015663 1.399720 0.354587 
420 1.000000 0.400000 0.579053 0.073402 0.007326 1.325701 0.193277 
430 1.000000 0.400000 0.573197 0.049350 0.000194 1.329127 0.011950 
440 1.000000 0.400000 0.568359 0.027378 -0.003817 1.374413 -0.165382 
450 1.000000 0.400000 0.563138 0.008146 -0.005218 1.381113 -0.344634 
460 1.000000 0.400000 0.558075 -0.011144 -0.004227 1.339152 -0.527753 
470 1.000000 0.400000 0.552825 -0.029473 -0.000871 1.299415 -0.712021 
480 1.000000 0.400000 0.546514 -0.045767 0.004613 1.245635 -0.874052 
490 1.000000 0.400000 0.538494 -0.060967 0.012248 1.133978 -1.006880 
500 1.000000 0.400000 0.527389 -0.075491 0.022434 0.962124 -1.074609 
510 1.000000 0.400000 0.513317 -0.090948 0.036433 0.772396 -1.103482 
520 1.000000 0.400000 0.495455 -0.105733 0.054585 0.583138 -1.123456 
530 1.000000 0.400000 0.474901 -0.118712 0.076694 0.408621 -1.126592 
540 1.000000 0.400000 0.454029 -0.129540 0.102993 0.236777 -1.040555 
550 1.000000 0.400000 0.435608 -0.138172 0.135089 0.064260 -0.961301 
560 1.000000 0.400000 0.423964 -0.143533 0.172634 -0.070145 -0.831438 
570 1.000000 0.400000 0.421416 -0.144772 0.213287 -0.231574 -0.782692 
580 1.000000 0.400000 0.423004 -0.140563 0.248367 -0.428614 -0.795320 
590 1.000000 0.400000 0.424695 -0.132453 0.277533 -0.615845 -0.757894 
600 1.000000 0.400000 0.424767 -0.120825 0.303407 -0.779565 -0.654622 
610 1.000000 0.400000 0.422604 -0.104872 0.328428 -0.887872 -0.506349 
620 1.000000 0.400000 0.417659 -0.083827 0.353078 -0.943260 -0.321746 
630 1.000000 0.400000 0.409351 -0.056603 0.376748 -0.970945 -0.138085 
640 1.000000 0.400000 0.398067 -0.022199 0.398519 -0.966584 0.053203 
650 1.000000 0.400000 0.385160 0.020064 0.416482 -0.909771 0.240380 
660 1.000000 0.400000 0.373425 0.068371 0.427722 -0.858015 0.413899 
670 1.000000 0.400000 0.365309 0.117523 0.430370 -0.847832 0.592049 
680 1.000000 0.400000 0.359532 0.157286 0.424437 -0.859250 0.785280 
690 1.000000 0.400000 0.353742 0.189243 0.413202 -0.808370 0.964177 
700 1.000000 0.400000 0.346537 0.217091 0.397368 -0.679177 1.095582 
710 1.000000 0.400000 0.336838 0.243482 0.375733 -0.513661 1.195304 
720 1.000000 0.400000 0.324346 0.266661 0.348387 -0.327392 1.255266 
730 1.000000 0.400000 0.309160 0.287325 0.313502 -0.135192 1.225538 
740 1.000000 0.400000 0.293100 0.303963 0.270433 0.049666 1.195337 
750 1.000000 0.400000 0.280126 0.314329 0.221224 0.206812 1.126800 
760 1.000000 0.400000 0.273806 0.315613 0.174507 0.387605 1.152722 
770 1.000000 0.400000 0.272158 0.310440 0.138615 0.561126 1.220267 
780 1.000000 0.400000 0.271796 0.302131 0.111545 0.754517 1.219297 
790 1.000000 0.400000 0.271263 0.291115 0.088911 0.925879 1.139935 
800 1.000000 0.400000 0.269950 0.277375 0.068893 1.045879 0.993842 
810 1.000000 0.400000 0.267654 0.259241 0.048906 1.116518 0.828697 
820 1.000000 0.400000 0.264166 0.237686 0.030981 1.165957 0.671955 
830 1.000000 0.400000 0.259772 0.210108 0.013272 1.157081 0.487939 
840 1.000000 0.400000 0.254825 0.176324 -0.001854 1.150001 0.293348 
850 1.000000 0.400000 0.250393 0.137492 -0.012324 1.121320 0.100706 
860 1.000000 0.400000 0.248406 0.096464 -0.015634 1.083321 -0.086839 
870 1.000000 0.400000 0.248932 0.056805 -0.011235 1.040877 -0.271706 
880 1.000000 0.400000 0.249415 0.020597 -0.000199 0.977900 -0.444868 
890 1.000000 0.400000 0.247736 -0.012229 0.016506 0.857648 -0.588897 
900 1.000000 0.400000 0.242561 -0.042819 0.039681 0.679913 -0.670206 
910 1.000000 0.400000 0.233894 -0.073377 0.071283 0.504577 -0.692486 
920 1.000000 0.400000 0.221999 -0.103840 0.113554 0.314351 -0.650774 
930 1.000000 0.400000 0.206464 -0.128765 0.166803 0.123338 -0.613419 
940 1.000000 0.400000 0.192606 -0.146946 0.233184 -0.041043 -0.506707 
950 1.000000 0.400000 0.186779 -0.151775 0.306359 -0.221474 -0.446351 
960 1.000000 0.400000 0.187862 -0.141187 0.372069 -0.392969 -0.408125 
970 1.000000 0.400000 0.188675 -0.120138 0.423850 -0.559248 -0.333598 
980 1.000000 0.400000 0.186762 -0.091092 0.466718 -0.694544 -0.221084 
990 1.000000 0.400000 0.181684 -0.054198 0.503175 -0.735413 -0.037158 
1000 1.000000 0.400000 0.173660 -0.006051 0.536299 -0.733383 0.149396 
1010 1.000000 0.400000 0.163655 0.053626 0.562758 -0.690512 0.338040 
1020 1.000000 0.400000 0.154368 0.116225 0.575236 -0.715869 0.529941 
1030 1.000000 0.400000 0.148331 0.168495 0.573505 -0.758153 0.720950 
1040 1.000000 0.400000 0.144680 0.207702 0.564291 -0.784255 0.910866 
1050 1.000000 0.400000 0.141792 0.237838 0.551041 -0.723506 1.089889 
1060 1.000000 0.400000 0.138567 0.264299 0.533174 -0.579395 1.213457 
1070 1.000000 0.400000 0.134645 0.288712 0.509770 -0.413538 1.306473 
1080 1.000000 0.400000 0.130358 0.309304 0.481619 -0.239296 1.388518 
1090 1.000000 0.400000 0.126023 0.325659 0.448143 -0.056636 1.373691 
1100 1.000000 0.400000 0.122490 0.337402 0.409228 0.131732 1.393450 
1110 1.000000 0.400000 0.121089 0.341481 0.373746 0.308087 1.463986 
1120 1.000000 0.400000 0.121215 0.339642 0.343110 0.495359 1.472779 
1130 1.000000 0.400000 0.122102 0.333147 0.314778 0.672517 1.410330 
1140 1.000000 0.400000 0.123247 0.323088 0.289956 0.844495 1.341392 
1150 1.000000 0.400000 0.124260 0.309497 0.267291 0.968289 1.212684 
1160 1.000000 0.400000 0.124930 0.290795 0.244606 1.066539 1.047268 
1170 1.000000 0.400000 0.125051 0.265611 0.222001 1.089704 0.856726 
1180 1.000000 0.400000 0.124763 0.232249 0.199679 1.086957 0.683221 
1190 1.000000 0.400000 0.124408 0.191670 0.181120 1.066180 0.489618 
1200 1.000000 0.400000 0.124895 0.141172 0.167141 0.983103 0.315942 
1210 1.000000 0.400000 0.127476 0.082285 0.161504 0.892525 0.143398 
1220 1.000000 0.400000 0.132276 0.021217 0.169486 0.804774 -0.027866 
1230 1.000000 0.400000 0.136459 -0.038533 0.190166 0.673546 -0.137021 
1240 1.000000 0.400000 0.139383 -0.097178 0.223821 0.516738 -0.227471 
1250 1.000000 0.400000 0.139453 -0.152096 0.272575 0.328925 -0.284981 
1260 1.000000 0.400000 0.136256 -0.198171 0.335947 0.141508 -0.273294 
1270 1.000000 0.400000 0.131798 -0.229798 0.409103 -0.044931 -0.287971 
1280 1.000000 0.400000 0.129512 -0.242876 0.486063 -0.215790 -0.220382 
1290 1.000000 0.400000 0.131947 -0.237767 0.564390 -0.392427 -0.158306 
1300 1.000000 0.400000 0.134704 -0.215661 0.631948 -0.552156 -0.060924 
1310 1.000000 0.400000 0.134297 -0.181271 0.687241 -0.690184 0.060390 
1320 1.000000 0.400000 0.130133 -0.136383 0.732086 -0.759659 0.239633 
1330 1.000000 0.400000 0.122926 -0.080832 0.767124 -0.784245 0.427682 
1340 1.000000 0.400000 0.115004 -0.016434 0.790605 -0.758839 0.610227 
1350 1.000000 0.400000 0.110098 0.044998 0.798643 -0.845672 0.755420 
1360 1.000000 0.400000 0.109854 0.084375 0.800087 -1.023939 0.769513 
1370 1.000000 0.400000 0.111597 0.110255 0.802690 -1.091446 0.600310 
1380 1.000000 0.400000 0.114061 0.131850 0.808231 -1.076174 0.410458 
1390 1.000000 0.400000 0.116700 0.150757 0.816086 -1.004809 0.246488 
1400 1.000000 0.400000 0.119257 0.168331 0.826570 -0.885244 0.106076 
1410 1.000000 0.400000 0.121663 0.185925 0.840589 -0.720383 0.011340 
1420 1.000000 0.400000 0.123677 0.202349 0.858142 -0.557515 -0.080959 
1430 1.000000 0.400000 0.125262 0.217373 0.879645 -0.371999 -0.111825 
1440 1.000000 0.400000 0.126425 0.230149 0.905368 -0.187323 -0.124727 
1450 1.000000 0.400000 0.127307 0.240342 0.936950 -0.002024 -0.074404 
1460 1.000000 0.400000 0.128251 0.246344 0.974389 0.158796 -0.009081 
1470 1.000000 0.400000 0.129838 0.246858 1.018541 0.316883 0.095405 
1480 1.000000 0.400000 0.132169 0.239504 1.067667 0.451242 0.209950 
1490 1.000000 0.400000 0.135034 0.221387 1.123029 0.538919 0.384240 
1500 1.000000 0.400000 0.136636 0.191938 1.176580 0.670214 0.510579 
1510 1.000000 0.400000 0.135166 0.150541 1.223996 0.747746 0.686007 
1520 1.000000 0.400000 0.131092 0.095079 1.266988 0.714610 0.876396 
1530 1.000000 0.400000 0.127577 0.023764 1.306877 0.641145 1.025348 
1540 1.000000 0.400000 0.126896 -0.057328 1.333921 0.606566 1.206921 
1550 1.000000 0.400000 0.130733 -0.139290 1.340327 0.565772 1.395397 
1560 1.000000 0.400000 0.136273 -0.212052 1.326287 0.482651 1.552176 
1570 1.000000 0.400000 0.139337 -0.275322 1.298075 0.396265 1.721340 
1580 1.000000 0.400000 0.137730 -0.325808 1.258781 0.245626 1.822484 
1590 1.000000 0.400000 0.132597 -0.368461 1.208504 0.067632 1.855532 
1600 1.000000 0.400000 0.125195 -0.402484 1.147314 -0.110571 1.851108 
1610 1.000000 0.400000 0.117703 -0.422327 1.079466 -0.303298 1.837368 
1620 1.000000 0.400000 0.113514 -0.425909 1.014946 -0.472934 1.878456 
1630 1.000000 0.400000 0.113700 -0.423982 0.973353 -0.492564 2.058507 
1640 1.000000 0.400000 0.115567 -0.423232 0.947929 -0.414522 2.210236 
1650 1.000000 0.400000 0.118087 -0.425126 0.927277 -0.224940 2.211483 
1660 1.000000 0.400000 0.120887 -0.429666 0.908250 -0.049241 2.150756 
1670 1.000000 0.400000 0.123754 -0.437053 0.889506 0.114299 2.061171 
1680 1.000000 0.400000 0.126468 -0.447482 0.871215 0.259533 1.929812 
1690 1.000000 0.400000 0.128791 -0.460580 0.854249 0.360375 1.781853 
1700 1.000000 0.400000 0.130581 -0.477967 0.837365 0.428811 1.599871 
1710 1.000000 0.400000 0.131791 -0.499983 0.821145 0.451362 1.428482 
1720 1.000000 0.400000 0.132499 -0.528550 0.805223 0.424501 1.245117 
1730 1.000000 0.400000 0.132810 -0.562565 0.792316 0.409761 1.072549 
1740 1.000000 0.400000 0.132772 -0.603786 0.783100 0.335809 0.896369 
1750 1.000000 0.400000 0.133584 -0.650345 0.780933 0.244688 0.725763 
1760 1.000000 0.400000 0.135868 -0.704259 0.788853 0.115109 0.579305 
1770 1.000000 0.400000 0.137742 -0.760227 0.808015 -0.005214 0.448054 
1780 1.000000 0.400000 0.137751 -0.811167 0.838134 -0.149543 0.336971 
1790 1.000000 0.400000 0.135360 -0.860153 0.881547 -0.342990 0.312699 
1800 1.000000 0.400000 0.131281 -0.908581 0.942246 -0.534209 0.357452 
1810 1.000000 0.400000 0.126772 -0.948469 1.019904 -0.721033 0.405626 
1820 1.000000 0.400000 0.126535 -0.972020 1.108143 -0.903981 0.445246 
1830 1.000000 0.400000 0.130868 -0.971149 1.191425 -1.086461 0.474922 
1840 1.000000 0.400000 0.134657 -0.952850 1.257590 -1.277104 0.516749 
1850 1.000000 0.400000 0.134960 -0.924617 1.308497 -1.409705 0.626196 
1860 1.000000 0.400000 0.132207 -0.885289 1.353822 -1.498540 0.798576 
1870 1.000000 0.400000 0.126406 -0.835646 1.391231 -1.507318 0.975070 
1880 1.000000 0.400000 0.119523 -0.774746 1.422180 -1.499410 1.155483 
1890 1.000000 0.400000 0.113605 -0.708767 1.438563 -1.523987 1.336349 
1900 1.000000 0.400000 0.111960 -0.660788 1.441522 -1.686054 1.431975 
1910 1.000000 0.400000 0.112974 -0.631752 1.442155 -1.834618 1.379157 
1920 1.000000 0.400000 0.115068 -0.609758 1.444983 -1.864880 1.205790 
1930 1.000000 0.400000 0.117578 -0.590108 1.450486 -1.816406 1.020552 
1940 1.000000 0.400000 0.120210 -0.571907 1.458599 -1.719469 0.851008 
1950 1.000000 0.400000 0.122731 -0.554797 1.469479 -1.593082 0.706365 
1960 1.000000 0.400000 0.124976 -0.538658 1.483323 -1.430850 0.606771 
1970 1.000000 0.400000 0.126937 -0.522753 1.500894 -1.276469 0.543304 
1980 1.000000 0.400000 0.128441 -0.508533 1.521846 -1.093863 0.508587 
1990 1.000000 0.400000 0.129540 -0.495755 1.547716 -0.913057 0.517525 
2000 1.000000 0.400000 0.130412 -0.485477 1.578650 -0.734689 0.544756 
2010 1.000000 0.400000 0.131385 -0.478935 1.616308 -0.565881 0.636343 
2020 1.000000 0.400000 0.132842 -0.478310 1.660025 -0.399774 0.718726 
2030 1.000000 0.400000 0.134500 -0.486237 1.706953 -0.235384 0.822974 
2040 1.000000 0.400000 0.135438 -0.504121 1.754154 -0.106900 0.963022 
2050 1.000000 0.400000 0.135188 -0.533952 1.803781 -0.066455 1.144885 
2060 1.000000 0.400000 0.133572 -0.575826 1.853146 -0.007120 1.307375 
2070 1.000000 0.400000 0.130342 -0.629467 1.898006 -0.025811 1.477280 
2080 1.000000 0.400000 0.127372 -0.697588 1.939447 -0.067374 1.642165 
2090 1.000000 0.400000 0.127120 -0.777177 1.970482 -0.114117 1.811505 
2100 1.000000 0.400000 0.130641 -0.859842 1.981516 -0.164190 2.000615 
2110 1.000000 0.400000 0.136671 -0.932970 1.971645 -0.183942 2.185891 
2120 1.000000 0.400000 0.139476 -0.993513 1.947441 -0.281433 2.351351 
2130 1.000000 0.400000 0.138475 -1.044680 1.911663 -0.447526 2.445803 
2140 1.000000 0.400000 0.134139 -1.089756 1.864254 -0.606875 2.472205 
2150 1.000000 0.400000 0.127243 -1.127988 1.804599 -0.804364 2.484770 
2160 1.000000 0.400000 0.119244 -1.151999 1.736535 -0.993501 2.486178 
2170 1.000000 0.400000 0.114031 -1.159102 1.669364 -1.173000 2.502028 
2180 1.000000 0.400000 0.113378 -1.157024 1.623277 -1.236561 2.655297 
2190 1.000000 0.400000 0.114885 -1.155255 1.595183 -1.215703 2.835078 
2200 1.000000 0.400000 0.117220 -1.155978 1.573698 -1.030225 2.861318 
2210 1.000000 0.400000 0.119950 -1.159519 1.553899 -0.851855 2.817429 
2220 1.000000 0.400000 0.122776 -1.165679 1.535285 -0.678943 2.746412 
2230 1.000000 0.400000 0.125496 -1.174685 1.517185 -0.522671 2.631750 
2240 1.000000 0.400000 0.127938 -1.186728 1.499571 -0.412342 2.481940 
2250 1.000000 0.400000 0.129954 -1.202629 1.482135 -0.340682 2.308001 
2260 1.000000 0.400000 0.131362 -1.223222 1.465206 -0.276382 2.123849 
2270 1.000000 0.400000 0.132101 -1.249130 1.449588 -0.292278 1.948243 
2280 1.000000 0.400000 0.132402 -1.282456 1.435172 -0.331187 1.754969 
2290 1.000000 0.400000 0.132472 -1.324128 1.424152 -0.409369 1.584470 
2300 1.000000 0.400000 0.133167 -1.372850 1.419166 -0.481346 1.403730 
2310 1.000000 0.400000 0.135292 -1.424105 1.424890 -0.577437 1.239874 
2320 1.000000 0.400000 0.136980 -1.478785 1.441764 -0.705558 1.097520 
2330 1.000000 0.400000 0.137914 -1.533401 1.470439 -0.857266 0.998278 
2340 1.000000 0.400000 0.135903 -1.582964 1.512066 -1.045999 0.944675 
2350 1.000000 0.400000 0.131958 -1.631274 1.569666 -1.228154 0.987710 
2360 1.000000 0.400000 0.127643 -1.673886 1.643949 -1.416119 1.024482 
2370 1.000000 0.400000 0.126660 -1.702248 1.729861 -1.585391 1.087543 
2380 1.000000 0.400000 0.130734 -1.707281 1.815439 -1.776476 1.116350 
2390 1.000000 0.400000 0.135433 -1.692441 1.885934 -1.971193 1.133269 
2400 1.000000 0.400000 0.137195 -1.667772 1.939686 -2.111611 1.221325 
2410 1.000000 0.400000 0.135547 -1.632821 1.985832 -2.220323 1.375294 
2420 1.000000 0.400000 0.130952 -1.589090 2.024604 -2.269560 1.533693 
2430 1.000000 0.400000 0.124251 -1.534759 2.057414 -2.260407 1.720575 
2440 1.000000 0.400000 0.117289 -1.473884 2.079089 -2.267931 1.896891 
2450 1.000000 0.400000 0.113126 -1.417057 2.088030 -2.312289 2.039350 
2460 1.000000 0.400000 0.112372 -1.377359 2.088285 -2.474821 2.147995 
2470 1.000000 0.400000 0.113073 -1.350745 2.085362 -2.544102 2.300129 
2480 1.000000 0.400000 0.113819 -1.327278 2.079213 -2.483907 2.484196 
2490 1.000000 0.400000 0.114306 -1.305544 2.069638 -2.402295 2.657159 
2500 1.000000 0.400000 0.114518 -1.286012 2.057215 -2.263666 2.774768 
2510 1.000000 0.400000 0.114199 -1.267057 2.040778 -2.102002 2.873739 
2520 1.000000 0.400000 0.113421 -1.249679 2.020239 -1.933805 2.957057 
2530 1.000000 0.400000 0.112513 -1.235156 1.996656 -1.781073 3.021848 
2540 1.000000 0.400000 0.111768 -1.223865 1.970590 -1.599475 3.056970 
2550 1.000000 0.400000 0.111527 -1.216954 1.943264 -1.411228 3.076339 
2560 1.000000 0.400000 0.111952 -1.214556 1.915722 -1.229516 3.068861 
2570 1.000000 0.400000 0.112974 -1.216193 1.889228 -1.056382 3.054073 
2580 1.000000 0.400000 0.114326 -1.221974 1.863396 -0.875389 2.999675 
2590 1.000000 0.400000 0.115743 -1.231822 1.838602 -0.723344 2.884501 
2600 1.000000 0.400000 0.116966 -1.246506 1.813528 -0.611062 2.738902 
2610 1.000000 0.400000 0.117775 -1.266056 1.789686 -0.503452 2.590420 
2620 1.000000 0.400000 0.118155 -1.291199 1.766392 -0.478873 2.409774 
2630 1.000000 0.400000 0.118011 -1.323758 1.744863 -0.467158 2.218566 
2640 1.000000 0.400000 0.117925 -1.366042 1.725404 -0.508297 2.042440 
2650 1.000000 0.400000 0.118955 -1.416665 1.710969 -0.569913 1.866720 
2660 1.000000 0.400000 0.121487 -1.470728 1.705955 -0.596994 1.678870 
2670 1.000000 0.400000 0.125850 -1.526347 1.713010 -0.724945 1.550955 
2680 1.000000 0.400000 0.130316 -1.584864 1.730730 -0.813782 1.395575 
2690 1.000000 0.400000 0.133356 -1.639808 1.760265 -0.980729 1.297584 
2700 1.000000 0.400000 0.133477 -1.690556 1.803514 -1.168448 1.247614 
2710 1.000000 0.400000 0.131004 -1.736670 1.862168 -1.358252 1.252221 
2720 1.000000 0.400000 0.127817 -1.773922 1.935098 -1.532538 1.286252 
2730 1.000000 0.400000 0.127023 -1.794613 2.016754 -1.723733 1.336263 
2740 1.000000 0.400000 0.130606 -1.795000 2.096698 -1.898144 1.372120 
2750 1.000000 0.400000 0.134436 -1.778932 2.162665 -2.073807 1.409983 
2760 1.000000 0.400000 0.135421 -1.752003 2.215618 -2.216347 1.525555 
2770 1.000000 0.400000 0.133252 -1.713737 2.262648 -2.298242 1.692390 
2780 1.000000 0.400000 0.127630 -1.664143 2.301916 -2.341047 1.883654 
2790 1.000000 0.400000 0.119527 -1.603437 2.331078 -2.324118 2.075261 
2800 1.000000 0.400000 0.112481 -1.536226 2.348003 -2.338773 2.248093 
2810 1.000000 0.400000 0.110204 -1.487338 2.351435 -2.501943 2.335440 
2820 1.000000 0.400000 0.110754 -1.457082 2.350826 -2.647034 2.446663 
2830 1.000000 0.400000 0.111729 -1.432619 2.347038 -2.637558 2.624811 
2840 1.000000 0.400000 0.112633 -1.410666 2.340111 -2.574981 2.802388 
2850 1.000000 0.400000 0.113285 -1.390084 2.330091 -2.461064 2.956885 
2860 1.000000 0.400000 0.113540 -1.371109 2.316843 -2.326662 3.100025 
2870 1.000000 0.400000 0.113330 -1.353219 2.299858 -2.165221 3.178474 
2880 1.000000 0.400000 0.112842 -1.337365 2.279689 -2.000357 3.271371 
2890 1.000000 0.400000 0.112217 -1.324507 2.256635 -1.819476 3.322193 
2900 1.000000 0.400000 0.111668 -1.314718 2.230533 -1.637564 3.330270 
2910 1.000000 0.400000 0.111560 -1.309188 2.202604 -1.444201 3.336726 
2920 1.000000 0.400000 0.112045 -1.308261 2.174133 -1.258845 3.309225 
2930 1.000000 0.400000 0.113054 -1.312131 2.144864 -1.073077 3.253857 
2940 1.000000 0.400000 0.114361 -1.320812 2.116705 -0.901017 3.174732 
2950 1.000000 0.400000 0.115633 -1.333721 2.090675 -0.756664 3.063624 
2960 1.000000 0.400000 0.116584 -1.351462 2.065694 -0.664246 2.903014 
2970 1.000000 0.400000 0.117035 -1.376277 2.040085 -0.628392 2.722124 
2980 1.000000 0.400000 0.117111 -1.409750 2.014182 -0.616108 2.528387 
2990 1.000000 0.400000 0.117214 -1.453608 1.990488 -0.653038 2.343475 
3000 1.000000 0.400000 0.118189 -1.505027 1.973876 -0.662345 2.153625 
3010 1.000000 0.400000 0.120420 -1.559208 1.966655 -0.709459 1.983511 
3020 1.000000 0.400000 0.125749 -1.619979 1.969797 -0.834911 1.845525 
3030 1.000000 0.400000 0.130967 -1.682020 1.986869 -0.947216 1.686354 
3040 1.000000 0.400000 0.134069 -1.738965 2.017017 -1.080237 1.560656 
3050 1.000000 0.400000 0.133862 -1.788586 2.059170 -1.256618 1.499348 
3060 1.000000 0.400000 0.131190 -1.834309 2.116236 -1.445379 1.485084 
3070 1.000000 0.400000 0.127110 -1.870817 2.187862 -1.630937 1.551868 
3080 1.000000 0.400000 0.125617 -1.892432 2.271182 -1.813859 1.605668 
3090 1.000000 0.400000 0.129018 -1.892958 2.353097 -2.002719 1.627935 
3100 1.000000 0.400000 0.132998 -1.874953 2.422915 -2.172532 1.697148 
3110 1.000000 0.400000 0.134131 -1.846094 2.478006 -2.311094 1.800872 
3120 1.000000 0.400000 0.131816 -1.806277 2.524986 -2.401449 1.972512 
3130 1.000000 0.400000 0.126294 -1.753843 2.565694 -2.426423 2.155214 
3140 1.000000 0.400000 0.118900 -1.692554 2.594823 -2.428154 2.350001 
3150 1.000000 0.400000 0.112515 -1.629075 2.608615 -2.457224 2.525599 
3160 1.000000 0.400000 0.110258 -1.581224 2.610053 -2.603667 2.645676 
3170 1.000000 0.400000 0.110605 -1.550769 2.607338 -2.730874 2.791457 
3180 1.000000 0.400000 0.111453 -1.526594 2.601860 -2.691168 2.963047 
3190 1.000000 0.400000 0.112211 -1.504873 2.593293 -2.625560 3.136944 
3200 1.000000 0.400000 0.112685 -1.484749 2.581527 -2.504944 3.291703 
3210 1.000000 0.400000 0.112715 -1.465729 2.566050 -2.336658 3.388504 
3220 1.000000 0.400000 0.112414 -1.448725 2.547333 -2.187866 3.457327 
3230 1.000000 0.400000 0.111829 -1.433429 2.524798 -2.007752 3.524899 
3240 1.000000 0.400000 0.111224 -1.421333 2.498764 -1.821593 3.575183 
3250 1.000000 0.400000 0.110959 -1.413310 2.470121 -1.632382 3.563847 
3260 1.000000 0.400000 0.111343 -1.409644 2.439533 -1.459026 3.564983 
3270 1.000000 0.400000 0.112461 -1.410899 2.410897 -1.280119 3.562827 
3280 1.000000 0.400000 0.114016 -1.415785 2.385481 -1.099562 3.544724 
3290 1.000000 0.400000 0.115585 -1.424709 2.360734 -0.953792 3.419892 
3300 1.000000 0.400000 0.116917 -1.438416 2.335427 -0.842804 3.274771 
3310 1.000000 0.400000 0.117932 -1.458701 2.307625 -0.784626 3.096913 
3320 1.000000 0.400000 0.118324 -1.484540 2.282307 -0.698151 2.943416 
3330 1.000000 0.400000 0.118169 -1.517424 2.258718 -0.696324 2.760027 
3340 1.000000 0.400000 0.117890 -1.559728 2.237264 -0.736732 2.575978 
3350 1.000000 0.400000 0.118554 -1.611432 2.220775 -0.762919 2.411911 
3360 1.000000 0.400000 0.120647 -1.666423 2.213196 -0.828025 2.235724 
3370 1.000000 0.400000 0.125475 -1.725638 2.216860 -0.932043 2.090436 
3380 1.000000 0.400000 0.130271 -1.786151 2.233486 -1.038449 1.929543 
3390 1.000000 0.400000 0.133479 -1.844051 2.263752 -1.199799 1.826008 
3400 1.000000 0.400000 0.133716 -1.895862 2.306797 -1.367831 1.763212 
3410 1.000000 0.400000 0.131168 -1.941511 2.363645 -1.551506 1.741160 
3420 1.000000 0.400000 0.127247 -1.977788 2.434207 -1.736065 1.778502 
3430 1.000000 0.400000 0.125543 -1.999308 2.515840 -1.912507 1.847948 
3440 1.000000 0.400000 0.128437 -2.000363 2.596166 -2.105738 1.868066 
3450 1.000000 0.400000 0.131970 -1.982709 2.665296 -2.281046 1.943839 
3460 1.000000 0.400000 0.132709 -1.953939 2.719660 -2.433848 2.040457 
3470 1.000000 0.400000 0.129924 -1.915445 2.763834 -2.552041 2.192782 
3480 1.000000 0.400000 0.124180 -1.868939 2.797904 -2.590685 2.380022 
3490 1.000000 0.400000 0.116672 -1.810809 2.825038 -2.557530 2.570342 
3500 1.000000 0.400000 0.110417 -1.747176 2.840265 -2.597976 2.717017 
3510 1.000000 0.400000 0.109134 -1.704126 2.845017 -2.773631 2.739166 
3520 1.000000 0.400000 0.110471 -1.677078 2.849091 -2.844453 2.596395 
3530 1.000000 0.400000 0.112695 -1.654850 2.855887 -2.829778 2.409168 
3540 1.000000 0.400000 0.115271 -1.634223 2.865690 -2.718593 2.259663 
3550 1.000000 0.400000 0.117854 -1.615650 2.878137 -2.613109 2.115037 
3560 1.000000 0.400000 0.120225 -1.599733 2.892293 -2.498695 2.009526 
3570 1.000000 0.400000 0.122353 -1.584235 2.910012 -2.308601 1.960331 
3580 1.000000 0.400000 0.124168 -1.569717 2.932354 -2.123802 1.939587 
3590 1.000000 0.400000 0.125815 -1.556375 2.960553 -1.945597 1.952413 
3600 1.000000 0.400000 0.127524 -1.545863 2.994453 -1.773524 1.997733 
3610 1.000000 0.400000 0.129486 -1.540376 3.033256 -1.580169 2.031088 
3620 1.000000 0.400000 0.132050 -1.540957 3.077168 -1.459232 2.159623 
3630 1.000000 0.400000 0.134902 -1.548711 3.123130 -1.300953 2.233055 
3640 1.000000 0.400000 0.136928 -1.566366 3.170534 -1.171124 2.380258 
3650 1.000000 0.400000 0.137198 -1.595321 3.218060 -1.091281 2.552006 
3660 1.000000 0.400000 0.135118 -1.636737 3.264078 -1.044094 2.732563 
3670 1.000000 0.400000 0.130430 -1.692337 3.305858 -1.051847 2.924842 
3680 1.000000 0.400000 0.124611 -1.762824 3.339658 -1.103930 3.109997 
3690 1.000000 0.400000 0.121891 -1.846698 3.360820 -1.182887 3.286389 
3700 1.000000 0.400000 0.126183 -1.931591 3.361358 -1.263173 3.437161 
3710 1.000000 0.400000 0.132955 -2.006536 3.344321 -1.314795 3.600198 
3720 1.000000 0.400000 0.136768 -2.069659 3.313725 -1.422680 3.736082 
3730 1.000000 0.400000 0.136155 -2.120683 3.272262 -1.564077 3.865364 
3740 1.000000 0.400000 0.131757 -2.162060 3.220391 -1.754302 3.889715 
3750 1.000000 0.400000 0.124856 -2.193463 3.157301 -1.939626 3.859470 
3760 1.000000 0.400000 0.118652 -2.212088 3.085054 -2.110439 3.818487 
3770 1.000000 0.400000 0.117052 -2.216745 3.025993 -2.212367 3.955064 
3780 1.000000 0.400000 0.118120 -2.216028 2.990159 -2.288127 4.139055 
3790 1.000000 0.400000 0.119645 -2.213327 2.965701 -2.444846 4.176632 
3800 1.000000 0.400000 0.120745 -2.207450 2.943467 -2.622163 4.116864 
3810 1.000000 0.400000 0.121309 -2.198293 2.921878 -2.753327 4.015974 
3820 1.000000 0.400000 0.121246 -2.185768 2.900972 -2.903144 3.903584 
3830 1.000000 0.400000 0.120469 -2.169725 2.881680 -2.985845 3.732350 
3840 1.000000 0.400000 0.118759 -2.148282 2.862424 -3.033502 3.551113 
3850 1.000000 0.400000 0.116419 -2.122328 2.845606 -3.108920 3.375832 
3860 1.000000 0.400000 0.114037 -2.093510 2.833133 -3.130704 3.193320 
3870 1.000000 0.400000 0.111985 -2.061198 2.824862 -3.110254 3.013472 
3880 1.000000 0.400000 0.110900 -2.027003 2.821881 -3.116479 2.826891 
3890 1.000000 0.400000 0.111187 -1.996457 2.824274 -3.121447 2.652963 
3900 1.000000 0.400000 0.112257 -1.970121 2.830611 -3.094112 2.467587 
3910 1.000000 0.400000 0.113546 -1.945895 2.840826 -2.988294 2.308010 
3920 1.000000 0.400000 0.114728 -1.921579 2.855841 -2.842681 2.184353 
3930 1.000000 0.400000 0.115632 -1.899195 2.875315 -2.676166 2.090619 
3940 1.000000 0.400000 0.116167 -1.877263 2.901079 -2.493333 2.056025 
3950 1.000000 0.400000 0.116486 -1.857320 2.933913 -2.305233 2.067681 
3960 1.000000 0.400000 0.117058 -1.841189 2.973807 -2.120828 2.063100 
3970 1.000000 0.400000 0.118615 -1.831185 3.019898 -1.941892 2.103362 
3980 1.000000 0.400000 0.121509 -1.829787 3.070388 -1.764159 2.186852 
3990 1.000000 0.400000 0.125058 -1.838828 3.122133 -1.600266 2.282928 
4000 1.000000 0.400000 0.128156 -1.858762 3.173517 -1.465380 2.414919 
4010 1.000000 0.400000 0.129412 -1.890006 3.221670 -1.346901 2.566529 
4020 1.000000 0.400000 0.128367 -1.932382 3.265464 -1.315505 2.748727 
4030 1.000000 0.400000 0.125088 -1.987193 3.303347 -1.326056 2.929954 
4040 1.000000 0.400000 0.121911 -2.054692 3.334500 -1.368246 3.108576 
4050 1.000000 0.400000 0.121437 -2.132485 3.353397 -1.427661 3.280268 
4060 1.000000 0.400000 0.126931 -2.213044 3.354847 -1.495580 3.443795 
4070 1.000000 0.400000 0.133182 -2.285011 3.337635 -1.577285 3.611186 
4080 1.000000 0.400000 0.135832 -2.343331 3.308048 -1.670380 3.768170 
4090 1.000000 0.400000 0.134511 -2.392277 3.267229 -1.848986 3.839863 
4100 1.000000 0.400000 0.129760 -2.435270 3.212882 -2.033536 3.844235 
4110 1.000000 0.400000 0.123057 -2.468205 3.147520 -2.216031 3.849009 
4120 1.000000 0.400000 0.117074 -2.485520 3.076343 -2.408001 3.838833 
4130 1.000000 0.400000 0.114806 -2.486503 3.016089 -2.549984 3.936036 
4140 1.000000 0.400000 0.115699 -2.483643 2.979910 -2.624024 4.109337 
4150 1.000000 0.400000 0.117198 -2.479732 2.955913 -2.753991 4.179689 
4160 1.000000 0.400000 0.118423 -2.473389 2.934172 -2.904801 4.098326 
4170 1.000000 0.400000 0.119105 -2.463877 2.913562 -3.071105 3.998334 
4180 1.000000 0.400000 0.119143 -2.450866 2.893583 -3.173204 3.861824 
4190 1.000000 0.400000 0.118542 -2.434428 2.874686 -3.287109 3.717644 
4200 1.000000 0.400000 0.117206 -2.413798 2.857252 -3.338281 3.531141 
4210 1.000000 0.400000 0.115192 -2.388099 2.841527 -3.380111 3.344075 
4220 1.000000 0.400000 0.113014 -2.358071 2.829388 -3.386865 3.152819 
4230 1.000000 0.400000 0.111435 -2.326028 2.822533 -3.413771 2.962193 
4240 1.000000 0.400000 0.110999 -2.295298 2.821368 -3.428567 2.770477 
4250 1.000000 0.400000 0.111491 -2.266883 2.825180 -3.376302 2.593033 
4260 1.000000 0.400000 0.112521 -2.240385 2.833170 -3.329895 2.406313 
4270 1.000000 0.400000 0.113699 -2.214336 2.845611 -3.187043 2.295713 
4280 1.000000 0.400000 0.114799 -2.189203 2.862848 -3.053324 2.163479 
4290 1.000000 0.400000 0.115582 -2.166111 2.885060 -2.877648 2.102050 
4300 1.000000 0.400000 0.116015 -2.144852 2.913336 -2.698878 2.046720 
4310 1.000000 0.400000 0.116382 -2.125479 2.949676 -2.509002 2.081123 
4320 1.000000 0.400000 0.117421 -2.110055 2.994949 -2.329169 2.121261 
4330 1.000000 0.400000 0.119758 -2.102545 3.044009 -2.153934 2.146186 
4340 1.000000 0.400000 0.123402 -2.104297 3.096887 -1.986739 2.238634 
4350 1.000000 0.400000 0.127059 -2.116950 3.148705 -1.817075 2.328666 
4360 1.000000 0.400000 0.129914 -2.140689 3.200496 -1.726895 2.486059 
4370 1.000000 0.400000 0.131017 -2.177104 3.251298 -1.655283 2.659934 
4380 1.000000 0.400000 0.130184 -2.228871 3.300704 -1.648183 2.857122 
4390 1.000000 0.400000 0.128650 -2.295295 3.344946 -1.673531 3.028105 
4400 1.000000 0.400000 0.127630 -2.373223 3.375200 -1.704029 3.219712 
4410 1.000000 0.400000 0.130530 -2.456438 3.386760 -1.766338 3.400823 
4420 1.000000 0.400000 0.136085 -2.527735 3.378416 -1.790464 3.570246 
4430 1.000000 0.400000 0.139084 -2.588992 3.355749 -1.870052 3.738780 
4440 1.000000 0.400000 0.139225 -2.644217 3.320840 -2.030334 3.834141 
4450 1.000000 0.400000 0.135414 -2.691928 3.273489 -2.208281 3.860533 
4460 1.000000 0.400000 0.128786 -2.732901 3.213135 -2.387896 3.880696 
4470 1.000000 0.400000 0.120669 -2.759590 3.144467 -2.580049 3.857534 
4480 1.000000 0.400000 0.114772 -2.768812 3.075094 -2.766971 3.869000 
4490 1.000000 0.400000 0.113525 -2.766689 3.024802 -2.866015 4.022639 
4500 1.000000 0.400000 0.114544 -2.762893 2.993920 -2.966634 4.167647 
4510 1.000000 0.400000 0.115727 -2.757059 2.970813 -3.156874 4.151699 
4520 1.000000 0.400000 0.116506 -2.748058 2.949568 -3.315597 4.043744 
4530 1.000000 0.400000 0.116741 -2.735781 2.929729 -3.465230 3.935149 
4540 1.000000 0.400000 0.116475 -2.720528 2.911551 -3.551436 3.782939 
4550 1.000000 0.400000 0.115547 -2.700907 2.893786 -3.621805 3.612225 
4560 1.000000 0.400000 0.114028 -2.676534 2.877637 -3.653484 3.423213 
4570 1.000000 0.400000 0.112432 -2.648717 2.864871 -3.704191 3.252714 
4580 1.000000 0.400000 0.111333 -2.619581 2.857070 -3.725423 3.057959 
4590 1.000000 0.400000 0.111085 -2.591048 2.854460 -3.739211 2.867232 
4600 1.000000 0.400000 0.111569 -2.563275 2.856568 -3.696105 2.684871 
4610 1.000000 0.400000 0.112587 -2.536480 2.863000 -3.640705 2.505169 
4620 1.000000 0.400000 0.113821 -2.511167 2.873694 -3.533721 2.349981 
4630 1.000000 0.400000 0.114953 -2.487039 2.888823 -3.394846 2.218326 
4640 1.000000 0.400000 0.115770 -2.463481 2.909195 -3.239624 2.147519 
4650 1.000000 0.400000 0.116251 -2.440621 2.935562 -3.054728 2.105472 
4660 1.000000 0.400000 0.116413 -2.420924 2.968084 -2.866375 2.066661 
4670 1.000000 0.400000 0.116781 -2.405425 3.006442 -2.694732 2.101707 
4680 1.000000 0.400000 0.118014 -2.395174 3.052775 -2.505582 2.148414 
4690 1.000000 0.400000 0.120743 -2.393308 3.104920 -2.339367 2.221942 
4700 1.000000 0.400000 0.123948 -2.401400 3.154409 -2.151368 2.261576 
4710 1.000000 0.400000 0.126761 -2.419362 3.203307 -2.052756 2.429905 
4720 1.000000 0.400000 0.128254 -2.447560 3.250446 -1.939311 2.571904 
4730 1.000000 0.400000 0.127838 -2.487953 3.295943 -1.896115 2.753214 
4740 1.000000 0.400000 0.125902 -2.543071 3.339548 -1.920972 2.944851 
4750 1.000000 0.400000 0.124026 -2.613324 3.376931 -1.976319 3.120610 
4760 1.000000 0.400000 0.125339 -2.696938 3.401597 -2.031903 3.304900 
4770 1.000000 0.400000 0.132858 -2.782378 3.406148 -2.079981 3.471909 
4780 1.000000 0.400000 0.139138 -2.847973 3.393153 -2.068534 3.661475 
4790 1.000000 0.400000 0.141607 -2.902395 3.368466 -2.183645 3.813076 
4800 1.000000 0.400000 0.140142 -2.948614 3.333643 -2.341417 3.917360 
4810 1.000000 0.400000 0.135215 -2.989522 3.287553 -2.519522 3.950172 
4820 1.000000 0.400000 0.127479 -3.022650 3.230584 -2.710087 3.943394 
4830 1.000000 0.400000 0.118948 -3.045886 3.162258 -2.891787 3.906224 
4840 1.000000 0.400000 0.113438 -3.052245 3.096384 -3.072586 3.941585 
4850 1.000000 0.400000 0.112619 -3.049982 3.052582 -3.137092 4.120607 
4860 1.000000 0.400000 0.113982 -3.048112 3.026276 -3.102894 4.256219 
4870 1.000000 0.400000 0.116166 -3.048819 3.004826 -2.921819 4.291666 
4880 1.000000 0.400000 0.118799 -3.052322 2.985705 -2.729619 4.266874 
4890 1.000000 0.400000 0.121518 -3.058532 2.967370 -2.557617 4.176709 
4900 1.000000 0.400000 0.124145 -3.067421 2.949659 -2.419329 4.073382 
4910 1.000000 0.400000 0.126515 -3.079075 2.932583 -2.296492 3.929959 
4920 1.000000 0.400000 0.128529 -3.094500 2.915345 -2.217292 3.772823 
4930 1.000000 0.400000 0.130025 -3.113590 2.899156 -2.162696 3.591178 
4940 1.000000 0.400000 0.130898 -3.137651 2.884084 -2.154727 3.401708 
4950 1.000000 0.400000 0.131228 -3.168518 2.870511 -2.190222 3.210513 
4960 1.000000 0.400000 0.131281 -3.206003 2.860125 -2.246067 3.042245 
4970 1.000000 0.400000 0.131684 -3.251449 2.854036 -2.347302 2.877345 
4980 1.000000 0.400000 0.134031 -3.303180 2.857080 -2.455572 2.716456 
4990 1.000000 0.400000 0.136066 -3.356847 2.871533 -2.542765 2.541061 
5000 1.000000 0.400000 0.136492 -3.406884 2.897107 -2.700788 2.426293 
5010 1.000000 0.400000 0.134940 -3.456438 2.935628 -2.884572 2.387563 
5020 1.000000 0.400000 0.131028 -3.502486 2.987953 -3.070668 2.377635 
5030 1.000000 0.400000 0.126175 -3.544100 3.056367 -3.254007 2.429874 
5040 1.000000 0.400000 0.123121 -3.573305 3.139773 -3.435586 2.502627 
5050 1.000000 0.400000 0.126308 -3.582183 3.228755 -3.611805 2.564574 
5060 1.000000 0.400000 0.132854 -3.569919 3.308046 -3.783324 2.587504 
5070 1.000000 0.400000 0.136402 -3.544305 3.369363 -3.958290 2.671554 
5080 1.000000 0.400000 0.135671 -3.509007 3.417518 -4.089608 2.800843 
5090 1.000000 0.400000 0.131423 -3.464935 3.456276 -4.143887 2.982861 
5100 1.000000 0.400000 0.124499 -3.408360 3.488983 -4.112323 3.168475 
5110 1.000000 0.400000 0.117279 -3.340760 3.512102 -4.086044 3.355583 
5120 1.000000 0.400000 0.113352 -3.280820 3.518854 -4.195160 3.495777 
5130 1.000000 0.400000 0.113062 -3.242109 3.517730 -4.347066 3.615712 
5140 1.000000 0.400000 0.113930 -3.216176 3.513821 -4.398595 3.792313 
5150 1.000000 0.400000 0.114611 -3.192519 3.506320 -4.324035 3.967538 
5160 1.000000 0.400000 0.114969 -3.170440 3.495519 -4.204059 4.093183 
5170 1.000000 0.400000 0.114867 -3.149508 3.481003 -4.073547 4.233582 
5180 1.000000 0.400000 0.114385 -3.131266 3.463624 -3.947558 4.358140 
5190 1.000000 0.400000 0.113483 -3.114093 3.442372 -3.779628 4.389435 
5200 1.000000 0.400000 0.112380 -3.099853 3.417832 -3.594689 4.437969 
5210 1.000000 0.400000 0.111419 -3.089506 3.390429 -3.402575 4.469794 
5220 1.000000 0.400000 0.110971 -3.083424 3.360770 -3.225726 4.485817 
5230 1.000000 0.400000 0.111369 -3.082340 3.331373 -3.035544 4.466012 
5240 1.000000 0.400000 0.112445 -3.086006 3.303325 -2.842156 4.440805 
5250 1.000000 0.400000 0.113858 -3.093991 3.276624 -2.676613 4.364077 
5260 1.000000 0.400000 0.115262 -3.105989 3.251871 -2.527438 4.242926 
5270 1.000000 0.400000 0.116437 -3.123046 3.227079 -2.447394 4.086467 
5280 1.000000 0.400000 0.117187 -3.146743 3.201446 -2.391989 3.901959 
5290 1.000000 0.400000 0.117488 -3.178015 3.176812 -2.361369 3.719789 
5300 1.000000 0.400000 0.117573 -3.215901 3.156100 -2.342148 3.543128 
5310 1.000000 0.400000 0.118220 -3.260783 3.139884 -2.379390 3.365858 
5320 1.000000 0.400000 0.119720 -3.312010 3.130655 -2.437538 3.190928 
5330 1.000000 0.400000 0.123571 -3.367216 3.131502 -2.529547 3.028204 
5340 1.000000 0.400000 0.127756 -3.423529 3.144402 -2.628034 2.868229 
5350 1.000000 0.400000 0.130860 -3.478214 3.169041 -2.772403 2.745690 
5360 1.000000 0.400000 0.131841 -3.530761 3.206910 -2.954709 2.688791 
5370 1.000000 0.400000 0.130629 -3.580158 3.258956 -3.127188 2.684209 
5380 1.000000 0.400000 0.128774 -3.624641 3.324712 -3.305486 2.709970 
5390 1.000000 0.400000 0.128132 -3.657964 3.405273 -3.491425 2.758183 
5400 1.000000 0.400000 0.131923 -3.671083 3.490959 -3.671755 2.793393 
5410 1.000000 0.400000 0.137570 -3.662757 3.565916 -3.861149 2.829252 
5420 1.000000 0.400000 0.140999 -3.639651 3.628297 -4.032487 2.903638 
5430 1.000000 0.400000 0.140194 -3.606241 3.678319 -4.118083 3.057758 
5440 1.000000 0.400000 0.136262 -3.564335 3.720564 -4.234688 3.193386 
5450 1.000000 0.400000 0.129336 -3.512203 3.755850 -4.199687 3.380902 
5460 1.000000 0.400000 0.120699 -3.447697 3.783326 -4.170673 3.570376 
5470 1.000000 0.400000 0.113821 -3.382979 3.794668 -4.218449 3.755059 
5480 1.000000 0.400000 0.111127 -3.332841 3.793019 -4.324730 3.902918 
5490 1.000000 0.400000 0.111292 -3.301107 3.788031 -4.454346 4.035441 
5500 1.000000 0.400000 0.112044 -3.277442 3.780932 -4.417962 4.227555 
5510 1.000000 0.400000 0.112570 -3.256090 3.770493 -4.307004 4.387269 
5520 1.000000 0.400000 0.112779 -3.236365 3.756956 -4.178468 4.509115 
5530 1.000000 0.400000 0.112523 -3.217731 3.739518 -4.015650 4.605923 
5540 1.000000 0.400000 0.111856 -3.200928 3.717952 -3.839201 4.668147 
5550 1.000000 0.400000 0.111135 -3.187270 3.693332 -3.669258 4.721782 
5560 1.000000 0.400000 0.110609 -3.177066 3.665354 -3.478319 4.750444 
5570 1.000000 0.400000 0.110641 -3.171456 3.634870 -3.286649 4.720377 
5580 1.000000 0.400000 0.111498 -3.170844 3.604699 -3.112421 4.768540 
5590 1.000000 0.400000 0.112973 -3.174363 3.578693 -2.919901 4.748456 
5600 1.000000 0.400000 0.114570 -3.181886 3.554027 -2.745692 4.666233 
5610 1.000000 0.400000 0.116036 -3.193361 3.529666 -2.636433 4.532346 
5620 1.000000 0.400000 0.117188 -3.210120 3.504233 -2.533547 4.378286 
5630 1.000000 0.400000 0.117791 -3.232676 3.479658 -2.468095 4.194497 
5640 1.000000 0.400000 0.117802 -3.262674 3.455692 -2.437120 4.009583 
5650 1.000000 0.400000 0.117405 -3.300263 3.434896 -2.453460 3.832003 
5660 1.000000 0.400000 0.117474 -3.347023 3.417997 -2.497759 3.641120 
5670 1.000000 0.400000 0.119132 -3.403882 3.406927 -2.568000 3.476374 
5680 1.000000 0.400000 0.123240 -3.461572 3.408029 -2.647785 3.300140 
5690 1.000000 0.400000 0.127590 -3.518665 3.421598 -2.736782 3.150685 
5700 1.000000 0.400000 0.130810 -3.574036 3.447187 -2.879192 3.020326 
5710 1.000000 0.400000 0.131354 -3.624559 3.485324 -3.043279 2.931083 
5720 1.000000 0.400000 0.129380 -3.668941 3.534771 -3.202384 2.929343 
5730 1.000000 0.400000 0.126869 -3.710510 3.598628 -3.395653 2.966504 
5740 1.000000 0.400000 0.125314 -3.741011 3.677015 -3.578860 3.016321 
5750 1.000000 0.400000 0.128715 -3.753862 3.761206 -3.748032 3.064348 
5760 1.000000 0.400000 0.134233 -3.746686 3.834884 -3.935384 3.078924 
5770 1.000000 0.400000 0.137520 -3.725442 3.895160 -4.095853 3.166539 
5780 1.000000 0.400000 0.137263 -3.692416 3.946692 -4.230082 3.307006 
5790 1.000000 0.400000 0.133387 -3.650340 3.988848 -4.305815 3.462472 
5800 1.000000 0.400000 0.126892 -3.601608 4.020736 -4.320212 3.633749 
5810 1.000000 0.400000 0.119146 -3.543087 4.045144 -4.317423 3.820258 
5820 1.000000 0.400000 0.112725 -3.482943 4.055663 -4.350243 4.002498 
5830 1.000000 0.400000 0.110178 -3.437062 4.054495 -4.457103 4.160276 
5840 1.000000 0.400000 0.110316 -3.407488 4.050607 -4.578781 4.278707 
5850 1.000000 0.400000 0.110945 -3.383602 4.043938 -4.531616 4.461858 
5860 1.000000 0.400000 0.111539 -3.361764 4.034318 -4.435295 4.596823 
5870 1.000000 0.400000 0.111915 -3.341305 4.021560 -4.336211 4.747272 
5880 1.000000 0.400000 0.112015 -3.323080 4.005864 -4.179109 4.858775 
5890 1.000000 0.400000 0.111864 -3.307093 3.987173 -4.024570 4.965459 
5900 1.000000 0.400000 0.111480 -3.293208 3.964775 -3.835205 4.982708 
5910 1.000000 0.400000 0.111066 -3.281696 3.938122 -3.649087 5.005421 
5920 1.000000 0.400000 0.111173 -3.274699 3.910062 -3.469567 5.018416 
5930 1.000000 0.400000 0.111884 -3.272002 3.880000 -3.285192 5.010758 
5940 1.000000 0.400000 0.113236 -3.273939 3.851928 -3.103735 4.996815 
5950 1.000000 0.400000 0.114836 -3.280240 3.824899 -2.943269 4.915575 
5960 1.000000 0.400000 0.116366 -3.291028 3.798284 -2.779617 4.828684 
5970 1.000000 0.400000 0.117585 -3.306740 3.772037 -2.670386 4.664729 
5980 1.000000 0.400000 0.118268 -3.327694 3.746884 -2.574979 4.516792 
5990 1.000000 0.400000 0.118255 -3.355514 3.722592 -2.551263 4.321329 
6000 1.000000 0.400000 0.117764 -3.392824 3.698643 -2.588956 4.138527 
6010 1.000000 0.400000 0.117661 -3.441078 3.677010 -2.628153 3.952850 
6020 1.000000 0.400000 0.118535 -3.495697 3.664256 -2.664466 3.767745 
6030 1.000000 0.400000 0.121847 -3.554632 3.662416 -2.752162 3.601020 
6040 1.000000 0.400000 0.126684 -3.616484 3.674284 -2.853214 3.434158 
6050 1.000000 0.400000 0.130399 -3.675288 3.699301 -2.985419 3.302086 
6060 1.000000 0.400000 0.131440 -3.728907 3.737749 -3.140811 3.202554 
6070 1.000000 0.400000 0.131532 -3.781540 3.789061 -3.320664 3.253186 
6080 1.000000 0.400000 0.130504 -3.829295 3.855954 -3.503002 3.257999 
6090 1.000000 0.400000 0.129573 -3.862664 3.934430 -3.688056 3.281367 
6100 1.000000 0.400000 0.131986 -3.875983 4.016432 -3.873920 3.297048 
6110 1.000000 0.400000 0.135988 -3.868603 4.088073 -4.061836 3.331133 
6120 1.000000 0.400000 0.138025 -3.847757 4.145867 -4.241178 3.394237 
6130 1.000000 0.400000 0.136655 -3.815923 4.194780 -4.355615 3.553686 
6140 1.000000 0.400000 0.131942 -3.773511 4.236809 -4.428933 3.718396 
6150 1.000000 0.400000 0.124556 -3.721609 4.270478 -4.434615 3.906845 
6160 1.000000 0.400000 0.116032 -3.659912 4.294414 -4.426497 4.091328 
6170 1.000000 0.400000 0.110108 -3.601318 4.303463 -4.508349 4.252160 
6180 1.000000 0.400000 0.108683 -3.562379 4.303615 -4.657455 4.367944 
6190 1.000000 0.400000 0.109032 -3.535156 4.300274 -4.718160 4.535391 
6200 1.000000 0.400000 0.109714 -3.511690 4.293572 -4.669050 4.721645 
6210 1.000000 0.400000 0.110418 -3.490670 4.283827 -4.573732 4.883927 
6220 1.000000 0.400000 0.110968 -3.471499 4.271057 -4.448129 5.033965 
6230 1.000000 0.400000 0.111250 -3.454154 4.255081 -4.284804 5.142210 
6240 1.000000 0.400000 0.111242 -3.438360 4.235207 -4.108116 5.213596 
6250 1.000000 0.400000 0.111140 -3.425225 4.211936 -3.921663 5.277441 
6260 1.000000 0.400000 0.111186 -3.415384 4.185598 -3.731597 5.285659 
6270 1.000000 0.400000 0.111642 -3.409760 4.156775 -3.541583 5.267576 
6280 1.000000 0.400000 0.112692 -3.408801 4.128033 -3.357261 5.279405 
6290 1.000000 0.400000 0.114149 -3.412559 4.099827 -3.174630 5.211560 
6300 1.000000 0.400000 0.115707 -3.420579 4.073347 -3.004723 5.145992 
6310 1.000000 0.400000 0.117126 -3.433558 4.046464 -2.869625 5.010166 
6320 1.000000 0.400000 0.118115 -3.451838 4.019988 -2.762389 4.861497 
6330 1.000000 0.400000 0.118448 -3.476277 3.994549 -2.728269 4.675519 
6340 1.000000 0.400000 0.118196 -3.510548 3.967763 -2.728743 4.480643 
6350 1.000000 0.400000 0.117667 -3.554228 3.944168 -2.744513 4.294103 
6360 1.000000 0.400000 0.117773 -3.606303 3.927560 -2.779182 4.105961 
6370 1.000000 0.400000 0.119804 -3.666100 3.918892 -2.856552 3.949346 
6380 1.000000 0.400000 0.125351 -3.729640 3.921702 -2.943157 3.788458 
6390 1.000000 0.400000 0.130557 -3.791994 3.939180 -3.046876 3.626634 
6400 1.000000 0.400000 0.133623 -3.848458 3.969329 -3.186651 3.505348 
6410 1.000000 0.400000 0.133461 -3.898110 4.011501 -3.364942 3.439223 
6420 1.000000 0.400000 0.131210 -3.944378 4.067728 -3.547704 3.446443 
6430 1.000000 0.400000 0.127091 -3.980652 4.138228 -3.741297 3.487753 
6440 1.000000 0.400000 0.125620 -4.003113 4.221107 -3.907247 3.552571 
6450 1.000000 0.400000 0.129211 -4.005214 4.302965 -4.091524 3.569202 
6460 1.000000 0.400000 0.132966 -3.991524 4.366567 -4.273439 3.573418 
6470 1.000000 0.400000 0.134172 -3.968444 4.416558 -4.423932 3.668516 
6480 1.000000 0.400000 0.132616 -3.937188 4.458878 -4.551509 3.807762 
6490 1.000000 0.400000 0.128236 -3.898979 4.492658 -4.627709 3.973886 
6500 1.000000 0.400000 0.121670 -3.851440 4.520757 -4.641493 4.155689 
6510 1.000000 0.400000 0.114611 -3.797264 4.540117 -4.624824 4.340517 
6520 1.000000 0.400000 0.109516 -3.743530 4.547591 -4.670606 4.507811 
6530 1.000000 0.400000 0.108249 -3.705741 4.547186 -4.820154 4.610452 
6540 1.000000 0.400000 0.108793 -3.679617 4.544010 -4.870969 4.782647 
6550 1.000000 0.400000 0.109620 -3.656917 4.537555 -4.830721 4.963324 
6560 1.000000 0.400000 0.110408 -3.635875 4.527998 -4.717291 5.116057 
6570 1.000000 0.400000 0.111035 -3.616616 4.515385 -4.597031 5.267536 
6580 1.000000 0.400000 0.111371 -3.598648 4.499259 -4.437781 5.363671 
6590 1.000000 0.400000 0.111387 -3.581891 4.478987 -4.256450 5.429552 
6600 1.000000 0.400000 0.111286 -3.567758 4.455003 -4.077686 5.501024 
6610 1.000000 0.400000 0.111439 -3.557823 4.429320 -3.892474 5.531308 
6620 1.000000 0.400000 0.111981 -3.551831 4.401378 -3.709023 5.537516 
6630 1.000000 0.400000 0.113017 -3.550294 4.372267 -3.526428 5.499757 
6640 1.000000 0.400000 0.114509 -3.553323 4.341941 -3.354924 5.429696 
6650 1.000000 0.400000 0.116196 -3.561831 4.311340 -3.177324 5.343783 
6660 1.000000 0.400000 0.117649 -3.575564 4.282430 -3.032478 5.219388 
6670 1.000000 0.400000 0.118514 -3.595435 4.254144 -2.937422 5.051284 
6680 1.000000 0.400000 0.118592 -3.623326 4.225599 -2.887991 4.864156 
6690 1.000000 0.400000 0.117988 -3.660858 4.197706 -2.887444 4.674776 
6700 1.000000 0.400000 0.117220 -3.707158 4.174569 -2.885204 4.488580 
6710 1.000000 0.400000 0.117872 -3.763001 4.157112 -2.971635 4.342804 
6720 1.000000 0.400000 0.120980 -3.824914 4.148498 -3.027255 4.160688 
6730 1.000000 0.400000 0.126657 -3.887941 4.154260 -3.105934 3.987410 
6740 1.000000 0.400000 0.131348 -3.949113 4.174087 -3.235815 3.850894 
6750 1.000000 0.400000 0.134450 -4.008833 4.208250 -3.398686 3.763379 
6760 1.000000 0.400000 0.134579 -4.063438 4.256865 -3.577614 3.701674 
6770 1.000000 0.400000 0.131480 -4.108468 4.318944 -3.760817 3.676504 
6780 1.000000 0.400000 0.127885 -4.142591 4.393980 -3.924494 3.757536 
