6780 0 -4.278209 4.222463 2.245451 -3.924494 3.757536
6780 1 -4.107763 4.412552 1.811361 -3.924494 3.757536
6780 2 -4.169093 4.345884 1.966873 -3.924494 3.757536
6780 3 -4.060708 4.353175 1.770833 -3.924494 3.757536
6780 4 -4.213551 4.474663 1.994049 -3.924494 3.757536
6780 5 -4.267756 4.326232 2.122838 -3.924494 3.757536
6780 6 -4.081837 4.475706 1.796183 -3.924494 3.757536
6780 7 -4.116514 4.531422 1.811611 -3.924494 3.757536
6780 8 -4.121558 4.445007 1.839227 -3.924494 3.757536
6780 9 -4.240653 4.256098 2.176231 -3.924494 3.757536
6780 10 -4.163436 4.452563 1.963179 -3.924494 3.757536
6780 11 -4.145508 4.504648 1.862443 -3.924494 3.757536
6780 12 -4.047914 4.435370 1.729962 -3.924494 3.757536
6780 13 -4.173312 4.305481 2.019993 -3.924494 3.757536
6780 14 -3.992804 4.461909 1.625132 -3.924494 3.757536
6780 15 -4.225186 4.307850 2.094448 -3.924494 3.757536
6780 16 -4.262189 4.205481 2.217619 -3.924494 3.757536
6780 17 -4.089654 4.508736 1.789783 -3.924494 3.757536
6780 18 -4.118994 4.426198 1.872051 -3.924494 3.757536
6780 19 -4.094664 4.378248 1.782934 -3.924494 3.757536
6780 20 -4.190175 4.269862 2.022476 -3.924494 3.757536
6780 21 -4.146603 4.326441 1.955269 -3.924494 3.757536
6780 22 -4.108900 4.393314 1.862967 -3.924494 3.757536
6780 23 -4.013033 4.511566 1.656124 -3.924494 3.757536
6780 24 -4.089225 4.346629 1.808731 -3.924494 3.757536
6780 25 -4.021441 4.408986 1.693063 -3.924494 3.757536
6780 26 -4.274308 4.173248 2.295020 -3.924494 3.757536
6780 27 -4.202657 4.302675 2.022307 -3.924494 3.757536
6780 28 -4.053814 4.378807 1.740858 -3.924494 3.757536
6780 29 -4.175985 4.363729 1.987757 -3.924494 3.757536
6780 30 -4.139522 4.545173 1.869667 -3.924494 3.757536
6780 31 -4.207775 4.281904 2.108147 -3.924494 3.757536
6780 32 -4.201761 4.385551 1.985345 -3.924494 3.757536
6780 33 -4.204655 4.366894 2.039816 -3.924494 3.757536
6780 34 -4.201764 4.347195 2.020649 -3.924494 3.757536
6780 35 -4.177397 4.403182 1.966230 -3.924494 3.757536
6780 36 -4.095988 4.566544 1.792968 -3.924494 3.757536
6780 37 -4.273291 4.297405 2.197923 -3.924494 3.757536
6780 38 -4.055102 4.472627 1.713251 -3.924494 3.757536
6780 39 -4.024806 4.431921 1.656246 -3.924494 3.757536
6780 40 -4.060106 4.398684 1.728557 -3.924494 3.757536
6780 41 -4.116659 4.331777 1.860169 -3.924494 3.757536
6780 42 -4.132125 4.391220 1.862294 -3.924494 3.757536
6780 43 -4.086582 4.538212 1.781075 -3.924494 3.757536
6780 44 -4.026449 4.570719 1.664994 -3.924494 3.757536
6780 45 -4.088906 4.454385 1.759408 -3.924494 3.757536
6780 46 -4.255919 4.382774 2.072787 -3.924494 3.757536
6780 47 -4.229519 4.221341 2.173521 -3.924494 3.757536
6780 48 -4.157084 4.293531 1.942123 -3.924494 3.757536
6780 49 -4.196011 4.243938 2.081030 -3.924494 3.757536
6780 50 -4.156485 4.271358 1.985090 -3.924494 3.757536
6780 51 -4.113998 4.507450 1.834244 -3.924494 3.757536
6780 52 -4.025449 4.485255 1.659142 -3.924494 3.757536
6780 53 -4.072399 4.423521 1.726062 -3.924494 3.757536
6780 54 -4.205661 4.203851 2.118506 -3.924494 3.757536
6780 55 -4.088563 4.435800 1.830948 -3.924494 3.757536
6780 56 -4.240041 4.184587 2.203967 -3.924494 3.757536
6780 57 -4.211411 4.401109 1.996745 -3.924494 3.757536
6780 58 -4.108120 4.462478 1.833161 -3.924494 3.757536
6780 59 -4.115574 4.478816 1.798071 -3.924494 3.757536
6780 60 -4.167654 4.425109 1.919408 -3.924494 3.757536
6780 61 -4.128284 4.366133 1.881234 -3.924494 3.757536
6780 62 -4.191525 4.426331 2.000571 -3.924494 3.757536
6780 63 -4.231071 4.435484 2.004204 -3.924494 3.757536
6780 64 -4.196051 4.448207 1.974572 -3.924494 3.757536
6780 65 -4.184441 4.476075 1.930329 -3.924494 3.757536
6780 66 -4.082459 4.404138 1.824478 -3.924494 3.757536
6780 67 -4.223557 4.246048 2.098082 -3.924494 3.757536
6780 68 -4.149466 4.373367 1.937359 -3.924494 3.757536
6780 69 -4.110943 4.294947 1.872146 -3.924494 3.757536
6780 70 -4.247864 4.294312 2.104936 -3.924494 3.757536
6780 71 -4.143492 4.347688 1.909237 -3.924494 3.757536
6780 72 -4.023120 4.544860 1.681401 -3.924494 3.757536
6780 73 -4.158052 4.474849 1.886596 -3.924494 3.757536
6780 74 -4.229628 4.350104 2.040000 -3.924494 3.757536
6780 75 -4.200566 4.327379 2.051383 -3.924494 3.757536
6780 76 -4.171420 4.511243 1.926200 -3.924494 3.757536
6780 77 -4.058978 4.452449 1.760076 -3.924494 3.757536
6780 78 -3.992602 4.536719 1.594864 -3.924494 3.757536
6780 79 -4.134429 4.485060 1.894942 -3.924494 3.757536
6780 80 -4.245732 4.362940 2.093429 -3.924494 3.757536
6780 81 -4.234291 4.327912 2.104078 -3.924494 3.757536
6780 82 -4.143062 4.446479 1.883803 -3.924494 3.757536
6780 83 -4.060353 4.567452 1.736329 -3.924494 3.757536
6780 84 -4.165093 4.243877 2.021445 -3.924494 3.757536
6780 85 -4.149763 4.401379 1.938815 -3.924494 3.757536
6780 86 -4.107881 4.358780 1.861782 -3.924494 3.757536
6780 87 -3.985798 4.499110 1.598566 -3.924494 3.757536
6780 88 -4.172280 4.383545 1.944391 -3.924494 3.757536
6780 89 -4.127131 4.310221 1.936903 -3.924494 3.757536
6780 90 -4.047259 4.498139 1.729294 -3.924494 3.757536
6780 91 -4.176402 4.325097 1.979258 -3.924494 3.757536
6780 92 -4.073769 4.495370 1.730574 -3.924494 3.757536
6780 93 -4.280521 4.251370 2.200024 -3.924494 3.757536
6780 94 -4.061857 4.532552 1.748333 -3.924494 3.757536
6780 95 -4.248182 4.273320 2.155364 -3.924494 3.757536
6780 96 -4.144073 4.421370 1.877510 -3.924494 3.757536
6780 97 -4.041518 4.520621 1.692985 -3.924494 3.757536
6780 98 -4.228940 4.411446 2.077331 -3.924494 3.757536
6780 99 -4.023022 4.462354 1.685540 -3.924494 3.757536
