10 1.000000 0.400000 0.797557 -0.043939 -0.019843 0.191257 -1.974596 
20 1.000000 0.400000 0.804251 -0.055207 0.060056 0.370231 -2.041527 
30 1.000000 0.400000 0.813748 -0.069587 0.128277 0.541890 -2.113658 
40 1.000000 0.400000 0.823756 -0.086186 0.187363 0.734245 -2.142666 
50 1.000000 0.400000 0.833254 -0.104776 0.239772 0.923773 -2.107051 
60 1.000000 0.400000 0.841874 -0.125449 0.287540 1.107204 -2.046651 
70 1.000000 0.400000 0.849275 -0.148062 0.331575 1.286899 -1.980610 
80 1.000000 0.400000 0.854961 -0.172047 0.371752 1.446853 -1.877934 
90 1.000000 0.400000 0.859184 -0.197903 0.409526 1.574433 -1.735225 
100 1.000000 0.400000 0.861755 -0.225695 0.445165 1.696722 -1.585614 
110 1.000000 0.400000 0.862780 -0.255813 0.479313 1.780978 -1.413423 
120 1.000000 0.400000 0.862584 -0.288417 0.512447 1.828512 -1.243748 
130 1.000000 0.400000 0.861133 -0.323641 0.544575 1.885590 -1.063470 
140 1.000000 0.400000 0.858282 -0.361219 0.575140 1.919107 -0.885959 
150 1.000000 0.400000 0.854150 -0.401397 0.604233 1.925962 -0.696935 
160 1.000000 0.400000 0.849009 -0.444336 0.631845 1.943980 -0.524275 
170 1.000000 0.400000 0.842915 -0.489384 0.657286 1.947480 -0.332537 
180 1.000000 0.400000 0.836030 -0.536204 0.680179 1.945293 -0.153979 
190 1.000000 0.400000 0.828659 -0.585537 0.700789 1.917727 0.040340 
200 1.000000 0.400000 0.821503 -0.637109 0.718709 1.891396 0.221807 
210 1.000000 0.400000 0.814969 -0.690531 0.733813 1.824002 0.397705 
220 1.000000 0.400000 0.809958 -0.746677 0.746304 1.743766 0.562271 
230 1.000000 0.400000 0.806655 -0.805036 0.755658 1.664028 0.733242 
240 1.000000 0.400000 0.805606 -0.865329 0.761704 1.566023 0.874396 
250 1.000000 0.400000 0.806958 -0.926167 0.764261 1.515737 1.043890 
260 1.000000 0.400000 0.809803 -0.986413 0.762487 1.449710 1.219143 
270 1.000000 0.400000 0.813688 -1.045135 0.756544 1.389616 1.385733 
280 1.000000 0.400000 0.818298 -1.102466 0.746678 1.315865 1.558503 
290 1.000000 0.400000 0.822639 -1.157373 0.732835 1.232678 1.732077 
300 1.000000 0.400000 0.826267 -1.209029 0.715811 1.166994 1.887535 
310 1.000000 0.400000 0.829034 -1.258595 0.695700 1.054872 2.037278 
320 1.000000 0.400000 0.830345 -1.305712 0.672386 0.937062 2.193235 
330 1.000000 0.400000 0.829968 -1.350596 0.645938 0.791491 2.322729 
340 1.000000 0.400000 0.827690 -1.392906 0.616751 0.653954 2.453225 
350 1.000000 0.400000 0.823300 -1.432699 0.584798 0.486120 2.548893 
360 1.000000 0.400000 0.816682 -1.470202 0.549963 0.316490 2.649469 
370 1.000000 0.400000 0.807978 -1.505728 0.512048 0.123366 2.680868 
380 1.000000 0.400000 0.797619 -1.539868 0.470643 -0.067183 2.703516 
390 1.000000 0.400000 0.785465 -1.572139 0.425813 -0.257048 2.710066 
400 1.000000 0.400000 0.771475 -1.601565 0.378436 -0.439761 2.757293 
410 1.000000 0.400000 0.755221 -1.627276 0.329159 -0.632639 2.779529 
420 1.000000 0.400000 0.737575 -1.650126 0.277273 -0.818488 2.755003 
430 1.000000 0.400000 0.718353 -1.669367 0.223344 -1.007147 2.740643 
440 1.000000 0.400000 0.698171 -1.685131 0.167388 -1.184986 2.679380 
450 1.000000 0.400000 0.677422 -1.697089 0.109753 -1.373892 2.640528 
460 1.000000 0.400000 0.656470 -1.704846 0.051060 -1.540208 2.572371 
470 1.000000 0.400000 0.636454 -1.708727 -0.009029 -1.721459 2.518142 
480 1.000000 0.400000 0.617818 -1.708186 -0.068379 -1.894953 2.458207 
490 1.000000 0.400000 0.601140 -1.703316 -0.126174 -2.079781 2.423415 
500 1.000000 0.400000 0.586967 -1.694230 -0.182352 -2.253505 2.332378 
510 1.000000 0.400000 0.575923 -1.681042 -0.237361 -2.427056 2.254815 
520 1.000000 0.400000 0.568143 -1.664408 -0.289886 -2.588939 2.174402 
530 1.000000 0.400000 0.562923 -1.644883 -0.338989 -2.762597 2.112915 
540 1.000000 0.400000 0.558975 -1.623245 -0.383803 -2.942451 2.050951 
550 1.000000 0.400000 0.555591 -1.599442 -0.425418 -3.085480 1.921411 
560 1.000000 0.400000 0.552400 -1.573089 -0.465038 -3.238560 1.821600 
570 1.000000 0.400000 0.548509 -1.545182 -0.501427 -3.372404 1.677066 
580 1.000000 0.400000 0.543753 -1.514834 -0.536005 -3.454296 1.506420 
590 1.000000 0.400000 0.538374 -1.482533 -0.568854 -3.519085 1.358992 
600 1.000000 0.400000 0.532083 -1.447898 -0.599932 -3.594845 1.177862 
610 1.000000 0.400000 0.524719 -1.410647 -0.629239 -3.659683 0.997543 
620 1.000000 0.400000 0.516570 -1.371360 -0.656309 -3.709355 0.818222 
630 1.000000 0.400000 0.507874 -1.329822 -0.681150 -3.731323 0.626224 
640 1.000000 0.400000 0.499182 -1.285414 -0.704221 -3.676375 0.447960 
650 1.000000 0.400000 0.491310 -1.237920 -0.726135 -3.656061 0.283504 
660 1.000000 0.400000 0.484460 -1.188050 -0.745799 -3.641837 0.100154 
670 1.000000 0.400000 0.479043 -1.135321 -0.763069 -3.586335 -0.082617 
680 1.000000 0.400000 0.475510 -1.079650 -0.777619 -3.509269 -0.253124 
690 1.000000 0.400000 0.474175 -1.022021 -0.788832 -3.487914 -0.440866 
700 1.000000 0.400000 0.474952 -0.963891 -0.796023 -3.456724 -0.625724 
710 1.000000 0.400000 0.477379 -0.906703 -0.798859 -3.446100 -0.820163 
720 1.000000 0.400000 0.480924 -0.850916 -0.797460 -3.403594 -1.011778 
730 1.000000 0.400000 0.485271 -0.796165 -0.792552 -3.361742 -1.166375 
740 1.000000 0.400000 0.489744 -0.744103 -0.784648 -3.327288 -1.334787 
750 1.000000 0.400000 0.494060 -0.693310 -0.773270 -3.236336 -1.505702 
760 1.000000 0.400000 0.497867 -0.644108 -0.758581 -3.152909 -1.676546 
770 1.000000 0.400000 0.500897 -0.596664 -0.740804 -3.047681 -1.832605 
780 1.000000 0.400000 0.503146 -0.550128 -0.719819 -2.926499 -1.976777 
790 1.000000 0.400000 0.504272 -0.505253 -0.695802 -2.782291 -2.105790 
800 1.000000 0.400000 0.504075 -0.462368 -0.668825 -2.652772 -2.252833 
810 1.000000 0.400000 0.502497 -0.421318 -0.638932 -2.488521 -2.353683 
820 1.000000 0.400000 0.499500 -0.382188 -0.606236 -2.328868 -2.449266 
830 1.000000 0.400000 0.495061 -0.344746 -0.570556 -2.152838 -2.520867 
840 1.000000 0.400000 0.489394 -0.308113 -0.531228 -1.973292 -2.539451 
850 1.000000 0.400000 0.482543 -0.272920 -0.488811 -1.793621 -2.565546 
860 1.000000 0.400000 0.474349 -0.239839 -0.443293 -1.615493 -2.611801 
870 1.000000 0.400000 0.464866 -0.208750 -0.394333 -1.430100 -2.589236 
880 1.000000 0.400000 0.454370 -0.179339 -0.341622 -1.258531 -2.549690 
890 1.000000 0.400000 0.443046 -0.151502 -0.284737 -1.076449 -2.502519 
900 1.000000 0.400000 0.431112 -0.126278 -0.224449 -0.916772 -2.457488 
910 1.000000 0.400000 0.418988 -0.103393 -0.160351 -0.766441 -2.359343 
920 1.000000 0.400000 0.406943 -0.083118 -0.091833 -0.594922 -2.274712 
930 1.000000 0.400000 0.395282 -0.066751 -0.019624 -0.421138 -2.205399 
940 1.000000 0.400000 0.384784 -0.054344 0.055936 -0.275878 -2.096903 
950 1.000000 0.400000 0.375655 -0.047411 0.133488 -0.105285 -2.023901 
960 1.000000 0.400000 0.368269 -0.046394 0.211772 0.057433 -1.944187 
970 1.000000 0.400000 0.362902 -0.050926 0.291226 0.194466 -1.816496 
980 1.000000 0.400000 0.359349 -0.061587 0.371571 0.331332 -1.682581 
990 1.000000 0.400000 0.357180 -0.078802 0.451660 0.490551 -1.570298 
1000 1.000000 0.400000 0.355679 -0.102386 0.529344 0.640559 -1.467176 
1010 1.000000 0.400000 0.354324 -0.132049 0.604498 0.752103 -1.306531 
1020 1.000000 0.400000 0.352486 -0.167903 0.677033 0.859278 -1.148866 
1030 1.000000 0.400000 0.350247 -0.209978 0.748776 0.922597 -0.974346 
1040 1.000000 0.400000 0.347180 -0.257240 0.816903 0.997838 -0.820369 
1050 1.000000 0.400000 0.343662 -0.310276 0.884426 1.009745 -0.638430 
1060 1.000000 0.400000 0.339327 -0.368971 0.949557 1.037935 -0.463591 
1070 1.000000 0.400000 0.333914 -0.433342 1.010857 1.066393 -0.284514 
1080 1.000000 0.400000 0.327927 -0.503492 1.069786 1.031104 -0.099890 
1090 1.000000 0.400000 0.321537 -0.580657 1.126802 0.971707 0.088580 
1100 1.000000 0.400000 0.315292 -0.664860 1.181927 0.883422 0.251219 
1110 1.000000 0.400000 0.309664 -0.755498 1.233882 0.819783 0.435874 
1120 1.000000 0.400000 0.305033 -0.852558 1.280917 0.723576 0.601678 
1130 1.000000 0.400000 0.302647 -0.955946 1.323006 0.632713 0.775051 
1140 1.000000 0.400000 0.303132 -1.063842 1.357380 0.567695 0.949711 
1150 1.000000 0.400000 0.306938 -1.174127 1.382811 0.460332 1.101113 
1160 1.000000 0.400000 0.313894 -1.283119 1.397809 0.457699 1.293548 
1170 1.000000 0.400000 0.321924 -1.385206 1.400582 0.449234 1.485061 
1180 1.000000 0.400000 0.330160 -1.480247 1.393843 0.415780 1.661683 
1190 1.000000 0.400000 0.337995 -1.570148 1.378530 0.346603 1.843560 
1200 1.000000 0.400000 0.344717 -1.654930 1.355679 0.253392 2.010874 
1210 1.000000 0.400000 0.350018 -1.734383 1.326418 0.149854 2.158713 
1220 1.000000 0.400000 0.353662 -1.808555 1.291490 0.027855 2.304979 
1230 1.000000 0.400000 0.355880 -1.879275 1.250924 -0.127247 2.411242 
1240 1.000000 0.400000 0.356503 -1.946205 1.204972 -0.291952 2.494553 
1250 1.000000 0.400000 0.356046 -2.011405 1.153312 -0.475064 2.529767 
1260 1.000000 0.400000 0.353931 -2.072479 1.096596 -0.646770 2.592093 
1270 1.000000 0.400000 0.350116 -2.129573 1.034486 -0.836921 2.628883 
1280 1.000000 0.400000 0.344376 -2.181150 0.967910 -1.022665 2.667136 
1290 1.000000 0.400000 0.336866 -2.227355 0.896764 -1.220515 2.666570 
1300 1.000000 0.400000 0.328158 -2.269292 0.820511 -1.401908 2.621972 
1310 1.000000 0.400000 0.318502 -2.306465 0.739306 -1.579927 2.560855 
1320 1.000000 0.400000 0.308310 -2.337974 0.654376 -1.764726 2.546899 
1330 1.000000 0.400000 0.297725 -2.362035 0.567540 -1.952234 2.507043 
1340 1.000000 0.400000 0.287229 -2.378127 0.479677 -2.138161 2.473740 
1350 1.000000 0.400000 0.277576 -2.386340 0.392863 -2.313763 2.422202 
1360 1.000000 0.400000 0.269315 -2.387357 0.305848 -2.481615 2.329892 
1370 1.000000 0.400000 0.262503 -2.380530 0.221209 -2.664631 2.264543 
1380 1.000000 0.400000 0.257030 -2.366330 0.140173 -2.849808 2.202516 
1390 1.000000 0.400000 0.252476 -2.345793 0.064375 -3.030636 2.142772 
1400 1.000000 0.400000 0.248313 -2.319828 -0.006194 -3.191711 2.039327 
1410 1.000000 0.400000 0.244143 -2.288923 -0.072116 -3.346441 1.925778 
1420 1.000000 0.400000 0.239671 -2.253678 -0.133665 -3.459329 1.783935 
1430 1.000000 0.400000 0.234826 -2.213642 -0.192803 -3.560479 1.626712 
1440 1.000000 0.400000 0.229503 -2.168713 -0.249898 -3.630444 1.450158 
1450 1.000000 0.400000 0.223527 -2.119444 -0.303166 -3.708300 1.292311 
1460 1.000000 0.400000 0.217034 -2.066220 -0.352797 -3.760472 1.105432 
1470 1.000000 0.400000 0.210080 -2.008836 -0.398908 -3.789336 0.925946 
1480 1.000000 0.400000 0.202876 -1.948913 -0.439614 -3.864164 0.748192 
1490 1.000000 0.400000 0.195522 -1.885602 -0.475741 -3.859405 0.555153 
1500 1.000000 0.400000 0.188279 -1.818425 -0.507735 -3.834014 0.366490 
1510 1.000000 0.400000 0.181462 -1.746941 -0.535917 -3.782815 0.183074 
1520 1.000000 0.400000 0.175498 -1.672326 -0.558885 -3.743108 -0.006163 
1530 1.000000 0.400000 0.170813 -1.594187 -0.577143 -3.667373 -0.174220 
1540 1.000000 0.400000 0.167770 -1.514022 -0.589639 -3.592674 -0.343807 
1550 1.000000 0.400000 0.166470 -1.434428 -0.595261 -3.569160 -0.534625 
1560 1.000000 0.400000 0.166658 -1.357355 -0.593820 -3.534438 -0.724968 
1570 1.000000 0.400000 0.167914 -1.282975 -0.585906 -3.468339 -0.907955 
1580 1.000000 0.400000 0.169804 -1.211128 -0.571983 -3.377447 -1.076652 
1590 1.000000 0.400000 0.172110 -1.140807 -0.552484 -3.267247 -1.222374 
1600 1.000000 0.400000 0.174537 -1.072800 -0.528166 -3.146962 -1.343425 
1610 1.000000 0.400000 0.176854 -1.007401 -0.499352 -3.044831 -1.494429 
1620 1.000000 0.400000 0.178882 -0.944568 -0.465645 -2.889424 -1.607088 
1630 1.000000 0.400000 0.180514 -0.884006 -0.426946 -2.724616 -1.695625 
1640 1.000000 0.400000 0.181672 -0.826266 -0.383391 -2.560384 -1.805921 
1650 1.000000 0.400000 0.182227 -0.772427 -0.335589 -2.396052 -1.900152 
1660 1.000000 0.400000 0.182156 -0.722697 -0.283755 -2.213335 -1.965722 
1670 1.000000 0.400000 0.181629 -0.676118 -0.227347 -2.020945 -1.982304 
1680 1.000000 0.400000 0.180670 -0.633678 -0.167155 -1.837843 -2.012770 
1690 1.000000 0.400000 0.179516 -0.594703 -0.102805 -1.653650 -2.000225 
1700 1.000000 0.400000 0.178341 -0.559534 -0.034068 -1.458843 -1.994627 
1710 1.000000 0.400000 0.177386 -0.528713 0.038349 -1.280847 -1.955391 
1720 1.000000 0.400000 0.176718 -0.503697 0.113532 -1.089826 -1.918851 
1730 1.000000 0.400000 0.176654 -0.483954 0.192232 -0.910270 -1.855362 
1740 1.000000 0.400000 0.177401 -0.470093 0.273562 -0.735522 -1.769399 
1750 1.000000 0.400000 0.179223 -0.461840 0.358142 -0.571697 -1.672301 
1760 1.000000 0.400000 0.181777 -0.460809 0.443229 -0.392091 -1.593101 
1770 1.000000 0.400000 0.184838 -0.467063 0.528390 -0.225650 -1.490496 
1780 1.000000 0.400000 0.188182 -0.480381 0.613015 -0.082709 -1.370947 
1790 1.000000 0.400000 0.191543 -0.500603 0.696665 0.057470 -1.250496 
1800 1.000000 0.400000 0.194613 -0.527521 0.778491 0.188613 -1.108387 
1810 1.000000 0.400000 0.197310 -0.561531 0.859736 0.279050 -0.934191 
1820 1.000000 0.400000 0.199532 -0.602448 0.939866 0.351608 -0.774356 
1830 1.000000 0.400000 0.201267 -0.649604 1.018471 0.430419 -0.603045 
1840 1.000000 0.400000 0.202482 -0.703790 1.095791 0.427009 -0.410963 
1850 1.000000 0.400000 0.203108 -0.764447 1.170885 0.477410 -0.242637 
1860 1.000000 0.400000 0.202869 -0.831133 1.241695 0.502914 -0.061269 
1870 1.000000 0.400000 0.202387 -0.904549 1.311110 0.428023 0.108648 
1880 1.000000 0.400000 0.201801 -0.984939 1.378776 0.406579 0.299955 
1890 1.000000 0.400000 0.201027 -1.072315 1.442746 0.385613 0.483940 
1900 1.000000 0.400000 0.200207 -1.165540 1.501335 0.306747 0.651931 
1910 1.000000 0.400000 0.199842 -1.264408 1.554231 0.254551 0.824225 
1920 1.000000 0.400000 0.200779 -1.369588 1.601864 0.163662 0.992242 
1930 1.000000 0.400000 0.203177 -1.479481 1.641085 0.113955 1.173662 
1940 1.000000 0.400000 0.207339 -1.591607 1.669970 0.026596 1.341337 
1950 1.000000 0.400000 0.214009 -1.707164 1.690324 -0.059105 1.485172 
1960 1.000000 0.400000 0.222615 -1.819999 1.699888 -0.144366 1.658369 
1970 1.000000 0.400000 0.232102 -1.929481 1.697643 -0.187086 1.847135 
1980 1.000000 0.400000 0.240737 -2.030536 1.684861 -0.233061 2.021651 
1990 1.000000 0.400000 0.248004 -2.125617 1.663132 -0.319736 2.188804 
2000 1.000000 0.400000 0.254281 -2.216725 1.633219 -0.444159 2.334481 
2010 1.000000 0.400000 0.259161 -2.303383 1.595515 -0.603552 2.444959 
2020 1.000000 0.400000 0.262328 -2.384129 1.551295 -0.723552 2.584959 
2030 1.000000 0.400000 0.264162 -2.461401 1.500417 -0.908889 2.648184 
2040 1.000000 0.400000 0.264454 -2.534571 1.442751 -1.087297 2.699041 
2050 1.000000 0.400000 0.263262 -2.603036 1.379320 -1.262495 2.761510 
2060 1.000000 0.400000 0.260455 -2.666445 1.309757 -1.454765 2.798463 
2070 1.000000 0.400000 0.256273 -2.724340 1.235134 -1.623052 2.774638 
2080 1.000000 0.400000 0.251131 -2.777733 1.155121 -1.815939 2.775231 
2090 1.000000 0.400000 0.244719 -2.824486 1.070213 -2.008661 2.759415 
2100 1.000000 0.400000 0.237369 -2.863478 0.982147 -2.186628 2.749759 
2110 1.000000 0.400000 0.229467 -2.894387 0.891871 -2.369295 2.714045 
2120 1.000000 0.400000 0.221508 -2.917028 0.800072 -2.554073 2.716675 
2130 1.000000 0.400000 0.214029 -2.931037 0.709268 -2.724673 2.678310 
2140 1.000000 0.400000 0.207515 -2.937041 0.620172 -2.907951 2.608799 
2150 1.000000 0.400000 0.202093 -2.935246 0.532532 -3.076927 2.575923 
2160 1.000000 0.400000 0.197865 -2.926338 0.448697 -3.252794 2.501033 
2170 1.000000 0.400000 0.194412 -2.910629 0.370142 -3.429300 2.442115 
2180 1.000000 0.400000 0.191420 -2.888761 0.295253 -3.593950 2.343094 
2190 1.000000 0.400000 0.188664 -2.861424 0.223736 -3.725596 2.229380 
2200 1.000000 0.400000 0.185905 -2.828790 0.155541 -3.865021 2.092484 
2210 1.000000 0.400000 0.182811 -2.790949 0.091359 -4.001108 1.950016 
2220 1.000000 0.400000 0.179312 -2.748375 0.031148 -4.113131 1.793898 
2230 1.000000 0.400000 0.175377 -2.701521 -0.024553 -4.210265 1.629682 
2240 1.000000 0.400000 0.171048 -2.649906 -0.077496 -4.267276 1.455976 
2250 1.000000 0.400000 0.166342 -2.594365 -0.126093 -4.322751 1.271791 
2260 1.000000 0.400000 0.161408 -2.535497 -0.170279 -4.375147 1.105208 
2270 1.000000 0.400000 0.156349 -2.473227 -0.210082 -4.378510 0.909987 
2280 1.000000 0.400000 0.151295 -2.406470 -0.246970 -4.346273 0.734197 
2290 1.000000 0.400000 0.146432 -2.335497 -0.280400 -4.274385 0.569091 
2300 1.000000 0.400000 0.141967 -2.260024 -0.309933 -4.227728 0.385085 
2310 1.000000 0.400000 0.138239 -2.182701 -0.333251 -4.234584 0.199643 
2320 1.000000 0.400000 0.135480 -2.104714 -0.349864 -4.200047 0.014471 
2330 1.000000 0.400000 0.133847 -2.025796 -0.360151 -4.141556 -0.162450 
2340 1.000000 0.400000 0.133356 -1.947839 -0.363747 -4.113089 -0.355513 
2350 1.000000 0.400000 0.133913 -1.870420 -0.361184 -4.018419 -0.513351 
2360 1.000000 0.400000 0.135348 -1.793537 -0.352290 -3.943865 -0.685519 
2370 1.000000 0.400000 0.137392 -1.718177 -0.337517 -3.825617 -0.834741 
2380 1.000000 0.400000 0.139758 -1.645605 -0.316811 -3.732721 -1.003288 
2390 1.000000 0.400000 0.142172 -1.576022 -0.290430 -3.612528 -1.157581 
2400 1.000000 0.400000 0.144432 -1.510089 -0.258930 -3.496695 -1.304568 
2410 1.000000 0.400000 0.146474 -1.447108 -0.222459 -3.336038 -1.416463 
2420 1.000000 0.400000 0.148230 -1.386480 -0.180671 -3.158126 -1.504421 
2430 1.000000 0.400000 0.149664 -1.328681 -0.133636 -2.977693 -1.585364 
2440 1.000000 0.400000 0.150777 -1.273865 -0.081833 -2.802961 -1.637696 
2450 1.000000 0.400000 0.151538 -1.223306 -0.026000 -2.638968 -1.707404 
2460 1.000000 0.400000 0.152024 -1.177034 0.033537 -2.446506 -1.732852 
2470 1.000000 0.400000 0.152375 -1.133801 0.098282 -2.255160 -1.717437 
2480 1.000000 0.400000 0.152623 -1.095604 0.166436 -2.068626 -1.761465 
2490 1.000000 0.400000 0.152897 -1.062908 0.237651 -1.875722 -1.746446 
2500 1.000000 0.400000 0.153406 -1.035399 0.312406 -1.686985 -1.686948 
2510 1.000000 0.400000 0.154539 -1.011945 0.391922 -1.524032 -1.605901 
2520 1.000000 0.400000 0.156278 -0.994466 0.473601 -1.343825 -1.545013 
2530 1.000000 0.400000 0.158921 -0.981981 0.558486 -1.201935 -1.460588 
2540 1.000000 0.400000 0.162282 -0.975868 0.644908 -1.029222 -1.375445 
2550 1.000000 0.400000 0.166061 -0.977140 0.731507 -0.863602 -1.277565 
2560 1.000000 0.400000 0.170186 -0.985438 0.818360 -0.718999 -1.157830 
2570 1.000000 0.400000 0.174492 -1.000739 0.905400 -0.572842 -1.033765 
2580 1.000000 0.400000 0.178807 -1.023283 0.992623 -0.440726 -0.894239 
2590 1.000000 0.400000 0.182802 -1.052828 1.078168 -0.337211 -0.746405 
2600 1.000000 0.400000 0.186396 -1.089348 1.162675 -0.242002 -0.581148 
2610 1.000000 0.400000 0.189564 -1.132787 1.245878 -0.181039 -0.403626 
2620 1.000000 0.400000 0.192148 -1.183566 1.327486 -0.129997 -0.231297 
2630 1.000000 0.400000 0.194271 -1.241106 1.407454 -0.113928 -0.044157 
2640 1.000000 0.400000 0.195838 -1.305717 1.485152 -0.097594 0.135327 
2650 1.000000 0.400000 0.196833 -1.377554 1.559928 -0.075223 0.330636 
2660 1.000000 0.400000 0.197101 -1.456553 1.630132 -0.090082 0.520078 
2670 1.000000 0.400000 0.196547 -1.541420 1.693758 -0.091239 0.704981 
2680 1.000000 0.400000 0.195846 -1.632586 1.752368 -0.160585 0.870305 
2690 1.000000 0.400000 0.195688 -1.730038 1.806708 -0.208386 1.051931 
2700 1.000000 0.400000 0.196287 -1.832898 1.854489 -0.288314 1.217030 
2710 1.000000 0.400000 0.198576 -1.941657 1.895996 -0.387415 1.383162 
2720 1.000000 0.400000 0.203312 -2.055983 1.929843 -0.491384 1.552965 
2730 1.000000 0.400000 0.210191 -2.172140 1.953402 -0.523328 1.722799 
2740 1.000000 0.400000 0.218968 -2.286995 1.966388 -0.643050 1.869944 
2750 1.000000 0.400000 0.228741 -2.396515 1.968259 -0.646977 2.047041 
2760 1.000000 0.400000 0.237770 -2.498050 1.959167 -0.681816 2.236044 
2770 1.000000 0.400000 0.245621 -2.593798 1.940967 -0.755799 2.405666 
2780 1.000000 0.400000 0.252307 -2.684806 1.914633 -0.875824 2.549723 
2790 1.000000 0.400000 0.257697 -2.771371 1.880854 -1.012630 2.683869 
2800 1.000000 0.400000 0.261956 -2.854277 1.840562 -1.158243 2.757423 
2810 1.000000 0.400000 0.265106 -2.933854 1.794124 -1.303401 2.873125 
2820 1.000000 0.400000 0.266419 -3.007883 1.741512 -1.475227 2.959935 
2830 1.000000 0.400000 0.266378 -3.077932 1.683121 -1.628351 3.020728 
2840 1.000000 0.400000 0.265157 -3.143469 1.620260 -1.797331 3.027342 
2850 1.000000 0.400000 0.262999 -3.205480 1.552425 -1.964834 3.067137 
2860 1.000000 0.400000 0.259159 -3.260421 1.480760 -2.135371 3.082175 
2870 1.000000 0.400000 0.254160 -3.309876 1.404901 -2.326618 3.117739 
2880 1.000000 0.400000 0.248060 -3.353486 1.324518 -2.509301 3.067037 
2890 1.000000 0.400000 0.241194 -3.390935 1.240446 -2.690558 3.042225 
2900 1.000000 0.400000 0.233882 -3.421409 1.153918 -2.869579 3.018425 
2910 1.000000 0.400000 0.226594 -3.445134 1.064580 -3.039830 2.968855 
2920 1.000000 0.400000 0.219686 -3.460895 0.974636 -3.222501 2.920813 
2930 1.000000 0.400000 0.213647 -3.468561 0.886317 -3.404830 2.903486 
2940 1.000000 0.400000 0.208510 -3.467818 0.801175 -3.594973 2.855810 
2950 1.000000 0.400000 0.204236 -3.459507 0.720009 -3.783650 2.809837 
2960 1.000000 0.400000 0.200704 -3.444504 0.642162 -3.949223 2.729157 
2970 1.000000 0.400000 0.197756 -3.423697 0.567425 -4.103990 2.634307 
2980 1.000000 0.400000 0.195008 -3.397718 0.497349 -4.257543 2.549604 
2990 1.000000 0.400000 0.192256 -3.367009 0.430869 -4.388989 2.420843 
3000 1.000000 0.400000 0.189300 -3.331598 0.367559 -4.475930 2.273429 
3010 1.000000 0.400000 0.186079 -3.291490 0.306557 -4.606761 2.130323 
3020 1.000000 0.400000 0.182427 -3.246921 0.248904 -4.679677 1.966310 
3030 1.000000 0.400000 0.178338 -3.197704 0.194057 -4.739201 1.785038 
3040 1.000000 0.400000 0.173760 -3.143965 0.142760 -4.793639 1.611563 
3050 1.000000 0.400000 0.168906 -3.087202 0.095852 -4.835449 1.445531 
3060 1.000000 0.400000 0.163743 -3.025873 0.052024 -4.857922 1.262613 
3070 1.000000 0.400000 0.158458 -2.960547 0.011756 -4.834043 1.082925 
3080 1.000000 0.400000 0.153164 -2.891637 -0.023967 -4.855953 0.893546 
3090 1.000000 0.400000 0.148095 -2.820189 -0.053937 -4.824516 0.707543 
3100 1.000000 0.400000 0.143523 -2.746283 -0.078699 -4.808575 0.524392 
3110 1.000000 0.400000 0.139654 -2.670098 -0.097621 -4.762725 0.340150 
3120 1.000000 0.400000 0.136749 -2.591935 -0.110730 -4.692227 0.174148 
3130 1.000000 0.400000 0.135005 -2.512439 -0.118015 -4.632426 -0.005117 
3140 1.000000 0.400000 0.134484 -2.434077 -0.118449 -4.593005 -0.193117 
3150 1.000000 0.400000 0.134969 -2.358375 -0.112473 -4.537055 -0.368680 
3160 1.000000 0.400000 0.136236 -2.284288 -0.100590 -4.455825 -0.529247 
3170 1.000000 0.400000 0.138051 -2.212278 -0.083397 -4.344288 -0.674401 
3180 1.000000 0.400000 0.140179 -2.142103 -0.060791 -4.222427 -0.811867 
3190 1.000000 0.400000 0.142419 -2.074131 -0.032904 -4.101948 -0.953420 
3200 1.000000 0.400000 0.144687 -2.007727 -0.000246 -3.951859 -1.042839 
3210 1.000000 0.400000 0.146716 -1.944663 0.037303 -3.813206 -1.180477 
3220 1.000000 0.400000 0.148394 -1.885931 0.078973 -3.670237 -1.283662 
3230 1.000000 0.400000 0.149763 -1.830224 0.125057 -3.505322 -1.378121 
3240 1.000000 0.400000 0.150759 -1.778638 0.175059 -3.329956 -1.445195 
3250 1.000000 0.400000 0.151528 -1.729516 0.229528 -3.162772 -1.480322 
3260 1.000000 0.400000 0.152058 -1.684000 0.288055 -2.968689 -1.496192 
3270 1.000000 0.400000 0.152397 -1.642179 0.351136 -2.774228 -1.493813 
3280 1.000000 0.400000 0.152768 -1.603855 0.418955 -2.584475 -1.478885 
3290 1.000000 0.400000 0.153228 -1.570523 0.490268 -2.407215 -1.450783 
3300 1.000000 0.400000 0.154208 -1.540241 0.566762 -2.227711 -1.383897 
3310 1.000000 0.400000 0.155721 -1.515252 0.647086 -2.057061 -1.319937 
3320 1.000000 0.400000 0.158031 -1.495487 0.731018 -1.879522 -1.240993 
3330 1.000000 0.400000 0.161328 -1.481110 0.818565 -1.723169 -1.139956 
3340 1.000000 0.400000 0.165280 -1.473784 0.906725 -1.565480 -1.080272 
3350 1.000000 0.400000 0.169621 -1.473632 0.994181 -1.390110 -1.003623 
3360 1.000000 0.400000 0.174378 -1.480510 1.082493 -1.238740 -0.888929 
3370 1.000000 0.400000 0.179332 -1.494556 1.171073 -1.096991 -0.760495 
3380 1.000000 0.400000 0.184060 -1.515978 1.258278 -0.959634 -0.639665 
3390 1.000000 0.400000 0.188269 -1.544579 1.343111 -0.824091 -0.500541 
3400 1.000000 0.400000 0.191780 -1.580096 1.425252 -0.719356 -0.346421 
3410 1.000000 0.400000 0.194652 -1.622062 1.505058 -0.647865 -0.183366 
3420 1.000000 0.400000 0.196942 -1.670700 1.583248 -0.592239 -0.012952 
3430 1.000000 0.400000 0.198647 -1.726315 1.660110 -0.558791 0.177881 
3440 1.000000 0.400000 0.199771 -1.789528 1.735581 -0.548279 0.374557 
3450 1.000000 0.400000 0.200206 -1.860224 1.808325 -0.533065 0.567132 
3460 1.000000 0.400000 0.199581 -1.937805 1.875576 -0.528443 0.760984 
3470 1.000000 0.400000 0.198551 -2.021985 1.939004 -0.588350 0.929627 
3480 1.000000 0.400000 0.197739 -2.112874 1.999502 -0.637343 1.112712 
3490 1.000000 0.400000 0.196827 -2.208908 2.053037 -0.651377 1.276937 
3500 1.000000 0.400000 0.196333 -2.308364 2.098952 -0.720841 1.447722 
3510 1.000000 0.400000 0.197185 -2.413036 2.138520 -0.822015 1.605263 
3520 1.000000 0.400000 0.200490 -2.523516 2.172541 -0.926195 1.752525 
3530 1.000000 0.400000 0.206949 -2.638834 2.200128 -1.062932 1.891799 
3540 1.000000 0.400000 0.215579 -2.754611 2.219035 -1.112184 2.049851 
3550 1.000000 0.400000 0.225432 -2.865072 2.226433 -1.106118 2.173086 
3560 1.000000 0.400000 0.236600 -2.963790 2.236459 -1.089249 1.979068 
3570 1.000000 0.400000 0.248400 -3.053444 2.254608 -1.152281 1.810180 
3580 1.000000 0.400000 0.260015 -3.135881 2.278678 -1.213318 1.646711 
3590 1.000000 0.400000 0.271365 -3.214264 2.308823 -1.339140 1.517064 
3600 1.000000 0.400000 0.281896 -3.287799 2.344212 -1.434895 1.357601 
3610 1.000000 0.400000 0.291123 -3.355662 2.384219 -1.567525 1.219487 
3620 1.000000 0.400000 0.298844 -3.417400 2.427668 -1.692147 1.111169 
3630 1.000000 0.400000 0.305479 -3.475062 2.475130 -1.854725 1.012619 
3640 1.000000 0.400000 0.310958 -3.528504 2.526556 -2.028527 0.946601 
3650 1.000000 0.400000 0.315691 -3.579189 2.582770 -2.215603 0.917057 
3660 1.000000 0.400000 0.319908 -3.627163 2.643847 -2.394553 0.940424 
3670 1.000000 0.400000 0.323819 -3.672051 2.709472 -2.585073 0.930276 
3680 1.000000 0.400000 0.327414 -3.712954 2.779872 -2.781411 0.942047 
3690 1.000000 0.400000 0.331187 -3.749839 2.855412 -2.971814 0.995324 
3700 1.000000 0.400000 0.335254 -3.781442 2.934771 -3.151746 1.011401 
3710 1.000000 0.400000 0.339559 -3.806358 3.015919 -3.343801 1.049720 
3720 1.000000 0.400000 0.344485 -3.824646 3.099534 -3.522031 1.120507 
3730 1.000000 0.400000 0.350412 -3.836856 3.184644 -3.685596 1.174382 
3740 1.000000 0.400000 0.357132 -3.842406 3.270845 -3.860032 1.258180 
3750 1.000000 0.400000 0.363923 -3.840725 3.355768 -4.015730 1.329933 
3760 1.000000 0.400000 0.370562 -3.832445 3.438913 -4.187743 1.404199 
3770 1.000000 0.400000 0.376803 -3.817361 3.521269 -4.321656 1.541814 
3780 1.000000 0.400000 0.382519 -3.796144 3.602270 -4.460418 1.647415 
3790 1.000000 0.400000 0.387178 -3.768626 3.681170 -4.582246 1.788225 
3800 1.000000 0.400000 0.390140 -3.735239 3.756124 -4.721137 1.912816 
3810 1.000000 0.400000 0.391978 -3.696001 3.829660 -4.790335 2.072804 
3820 1.000000 0.400000 0.392326 -3.650891 3.900736 -4.862790 2.252391 
3830 1.000000 0.400000 0.391170 -3.599661 3.969643 -4.918425 2.423926 
3840 1.000000 0.400000 0.388171 -3.542812 4.034755 -4.979834 2.605352 
3850 1.000000 0.400000 0.382961 -3.481583 4.093960 -5.055556 2.766870 
3860 1.000000 0.400000 0.375702 -3.415922 4.147631 -5.087609 2.957889 
3870 1.000000 0.400000 0.366752 -3.345018 4.197117 -5.080787 3.148360 
3880 1.000000 0.400000 0.355907 -3.269804 4.240525 -5.087851 3.345074 
3890 1.000000 0.400000 0.343467 -3.190566 4.277849 -5.060223 3.527800 
3900 1.000000 0.400000 0.329918 -3.108332 4.308723 -5.038671 3.720330 
3910 1.000000 0.400000 0.315541 -3.023350 4.332806 -4.977143 3.897759 
3920 1.000000 0.400000 0.300813 -2.935610 4.350077 -4.903006 4.080822 
3930 1.000000 0.400000 0.286346 -2.845208 4.360407 -4.806961 4.247149 
3940 1.000000 0.400000 0.272931 -2.753491 4.363366 -4.716619 4.406998 
3950 1.000000 0.400000 0.261204 -2.663855 4.358291 -4.659976 4.584768 
3960 1.000000 0.400000 0.251527 -2.576293 4.346015 -4.545303 4.717970 
3970 1.000000 0.400000 0.243788 -2.491904 4.326675 -4.465598 4.885811 
3980 1.000000 0.400000 0.237530 -2.412129 4.300770 -4.372307 5.052498 
3990 1.000000 0.400000 0.232114 -2.337422 4.268929 -4.248441 5.188443 
4000 1.000000 0.400000 0.227008 -2.267578 4.231737 -4.130981 5.341607 
4010 1.000000 0.400000 0.221733 -2.203271 4.189763 -3.977908 5.459776 
4020 1.000000 0.400000 0.216093 -2.143086 4.142857 -3.809080 5.558028 
4030 1.000000 0.400000 0.210019 -2.088004 4.091977 -3.651994 5.656163 
4040 1.000000 0.400000 0.203559 -2.036922 4.036795 -3.475522 5.706424 
4050 1.000000 0.400000 0.196948 -1.990578 3.978619 -3.305493 5.748916 
4060 1.000000 0.400000 0.190227 -1.947657 3.915980 -3.113202 5.760768 
4070 1.000000 0.400000 0.183630 -1.907754 3.848298 -2.929349 5.709722 
4080 1.000000 0.400000 0.177500 -1.871895 3.775867 -2.732787 5.688912 
4090 1.000000 0.400000 0.172300 -1.841694 3.699886 -2.537609 5.670136 
4100 1.000000 0.400000 0.168547 -1.817534 3.621110 -2.355457 5.653530 
4110 1.000000 0.400000 0.166630 -1.800362 3.542085 -2.167051 5.617141 
4120 1.000000 0.400000 0.166505 -1.790188 3.463289 -1.980521 5.601064 
4130 1.000000 0.400000 0.167931 -1.786852 3.386318 -1.795351 5.563257 
4140 1.000000 0.400000 0.170534 -1.789950 3.310784 -1.611772 5.503400 
4150 1.000000 0.400000 0.173835 -1.799123 3.237538 -1.435711 5.435924 
4160 1.000000 0.400000 0.177443 -1.813982 3.166853 -1.259708 5.365159 
4170 1.000000 0.400000 0.180885 -1.833742 3.100586 -1.088069 5.283263 
4180 1.000000 0.400000 0.184080 -1.858310 3.037053 -0.942116 5.175717 
4190 1.000000 0.400000 0.186874 -1.887208 2.976318 -0.800995 5.042885 
4200 1.000000 0.400000 0.189174 -1.920484 2.918295 -0.695316 4.894216 
4210 1.000000 0.400000 0.191019 -1.958176 2.862120 -0.596917 4.739145 
4220 1.000000 0.400000 0.192332 -2.000243 2.808266 -0.519874 4.563311 
4230 1.000000 0.400000 0.193116 -2.046191 2.756981 -0.434272 4.420524 
4240 1.000000 0.400000 0.193303 -2.095731 2.708969 -0.399971 4.242986 
4250 1.000000 0.400000 0.192931 -2.149286 2.663990 -0.362600 4.055142 
4260 1.000000 0.400000 0.192045 -2.207484 2.621664 -0.344319 3.868180 
4270 1.000000 0.400000 0.190843 -2.269603 2.582384 -0.358277 3.693135 
4280 1.000000 0.400000 0.189282 -2.334662 2.547698 -0.361802 3.506663 
4290 1.000000 0.400000 0.187731 -2.404918 2.515860 -0.421372 3.323325 
4300 1.000000 0.400000 0.186315 -2.478890 2.488454 -0.472425 3.157426 
4310 1.000000 0.400000 0.185374 -2.556662 2.465472 -0.531775 2.970775 
4320 1.000000 0.400000 0.185031 -2.636885 2.448279 -0.590076 2.801599 
4330 1.000000 0.400000 0.185407 -2.719522 2.436577 -0.664960 2.629594 
4340 1.000000 0.400000 0.186472 -2.802609 2.431482 -0.753620 2.460141 
4350 1.000000 0.400000 0.188555 -2.886008 2.433146 -0.851078 2.304226 
4360 1.000000 0.400000 0.191613 -2.971322 2.441501 -0.974123 2.159816 
4370 1.000000 0.400000 0.194661 -3.056942 2.456919 -1.096816 2.007040 
4380 1.000000 0.400000 0.197789 -3.142509 2.479613 -1.254978 1.887637 
4390 1.000000 0.400000 0.200563 -3.226727 2.509704 -1.395132 1.752512 
4400 1.000000 0.400000 0.202936 -3.310013 2.546973 -1.569874 1.671391 
4410 1.000000 0.400000 0.204395 -3.389838 2.591198 -1.730017 1.569647 
4420 1.000000 0.400000 0.204892 -3.466154 2.642278 -1.900334 1.500916 
4430 1.000000 0.400000 0.204477 -3.539028 2.699740 -2.080450 1.436680 
4440 1.000000 0.400000 0.203147 -3.607918 2.763139 -2.255624 1.414993 
4450 1.000000 0.400000 0.201005 -3.673494 2.833041 -2.437603 1.396022 
4460 1.000000 0.400000 0.198140 -3.734917 2.909070 -2.631652 1.421671 
4470 1.000000 0.400000 0.194744 -3.792161 2.991144 -2.803515 1.450304 
4480 1.000000 0.400000 0.191124 -3.845351 3.079508 -2.984577 1.505533 
4490 1.000000 0.400000 0.187804 -3.894857 3.174516 -3.150209 1.610652 
4500 1.000000 0.400000 0.185476 -3.940993 3.276371 -3.307643 1.699995 
4510 1.000000 0.400000 0.184401 -3.980106 3.381753 -3.454915 1.771465 
4520 1.000000 0.400000 0.185560 -4.013645 3.492018 -3.590786 1.906174 
4530 1.000000 0.400000 0.189599 -4.040754 3.607572 -3.740694 2.024135 
4540 1.000000 0.400000 0.196480 -4.058588 3.726691 -3.911533 2.115214 
4550 1.000000 0.400000 0.205621 -4.066209 3.845811 -4.046558 2.219633 
4560 1.000000 0.400000 0.216121 -4.063125 3.963372 -4.208186 2.301741 
4570 1.000000 0.400000 0.225861 -4.049461 4.072387 -4.309832 2.325057 
4580 1.000000 0.400000 0.236741 -4.041393 4.172751 -4.124629 2.305172 
4590 1.000000 0.400000 0.248293 -4.042954 4.264904 -3.938217 2.278861 
4600 1.000000 0.400000 0.259591 -4.051999 4.349891 -3.760801 2.311289 
4610 1.000000 0.400000 0.270293 -4.067510 4.429138 -3.584932 2.372000 
4620 1.000000 0.400000 0.279996 -4.088454 4.502636 -3.407421 2.432708 
