4620 0 -3.693109 4.637089 1.689984 -3.407421 2.432708
4620 1 -4.269214 4.499388 1.971867 -3.407421 2.432708
4620 2 -4.067024 4.531711 1.872961 -3.407421 2.432708
4620 3 -3.940160 4.488114 1.824352 -3.407421 2.432708
4620 4 -3.825103 4.546811 1.755815 -3.407421 2.432708
4620 5 -4.103617 4.499998 1.901556 -3.407421 2.432708
4620 6 -3.978744 4.506006 1.835284 -3.407421 2.432708
4620 7 -4.110415 4.427148 1.913638 -3.407421 2.432708
4620 8 -4.132800 4.475778 1.906944 -3.407421 2.432708
4620 9 -4.351388 4.465087 2.004265 -3.407421 2.432708
4620 10 -3.854778 4.532413 1.782064 -3.407421 2.432708
4620 11 -3.844596 4.619472 1.776383 -3.407421 2.432708
4620 12 -3.713908 4.554762 1.706442 -3.407421 2.432708
4620 13 -3.972044 4.604446 1.814604 -3.407421 2.432708
4620 14 -3.814048 4.642521 1.744174 -3.407421 2.432708
4620 15 -4.140631 4.502399 1.916181 -3.407421 2.432708
4620 16 -4.225911 4.436241 1.964471 -3.407421 2.432708
4620 17 -3.882627 4.593423 1.774093 -3.407421 2.432708
4620 18 -3.653839 4.644140 1.664329 -3.407421 2.432708
4620 19 -3.907191 4.553112 1.795214 -3.407421 2.432708
4620 20 -4.063303 4.502580 1.884608 -3.407421 2.432708
4620 21 -4.448113 4.431057 2.039396 -3.407421 2.432708
4620 22 -4.005944 4.590100 1.834322 -3.407421 2.432708
4620 23 -3.781025 4.529153 1.748302 -3.407421 2.432708
4620 24 -3.936448 4.591477 1.811084 -3.407421 2.432708
4620 25 -3.795737 4.599295 1.753325 -3.407421 2.432708
4620 26 -3.970105 4.569994 1.824618 -3.407421 2.432708
4620 27 -3.854440 4.492454 1.780039 -3.407421 2.432708
4620 28 -3.971935 4.472927 1.849582 -3.407421 2.432708
4620 29 -4.264246 4.436734 1.971699 -3.407421 2.432708
4620 30 -4.204135 4.493973 1.941700 -3.407421 2.432708
4620 31 -3.797802 4.563156 1.752124 -3.407421 2.432708
4620 32 -4.398096 4.467005 2.018886 -3.407421 2.432708
4620 33 -4.407234 4.407080 2.044117 -3.407421 2.432708
4620 34 -4.064182 4.469762 1.876624 -3.407421 2.432708
4620 35 -4.226140 4.405085 1.971948 -3.407421 2.432708
4620 36 -4.177137 4.423303 1.949843 -3.407421 2.432708
4620 37 -4.181947 4.545376 1.924791 -3.407421 2.432708
4620 38 -4.307576 4.381579 2.011090 -3.407421 2.432708
4620 39 -4.581432 4.334881 2.144718 -3.407421 2.432708
4620 40 -3.765493 4.576848 1.734419 -3.407421 2.432708
4620 41 -3.952218 4.523111 1.820877 -3.407421 2.432708
4620 42 -3.902347 4.637754 1.777513 -3.407421 2.432708
4620 43 -4.437117 4.387862 2.057954 -3.407421 2.432708
4620 44 -3.883364 4.519326 1.792527 -3.407421 2.432708
4620 45 -4.390589 4.435222 2.019294 -3.407421 2.432708
4620 46 -4.348404 4.433334 2.000571 -3.407421 2.432708
4620 47 -4.003836 4.530139 1.857057 -3.407421 2.432708
4620 48 -4.238301 4.478352 1.968765 -3.407421 2.432708
4620 49 -4.238143 4.512723 1.955497 -3.407421 2.432708
4620 50 -4.175329 4.454023 1.937991 -3.407421 2.432708
4620 51 -3.831513 4.591157 1.743544 -3.407421 2.432708
4620 52 -4.211067 4.461915 1.928600 -3.407421 2.432708
4620 53 -4.009502 4.496145 1.848502 -3.407421 2.432708
4620 54 -4.088582 4.587083 1.873343 -3.407421 2.432708
4620 55 -3.769280 4.624733 1.726925 -3.407421 2.432708
4620 56 -4.180424 4.514299 1.920609 -3.407421 2.432708
4620 57 -4.079152 4.558842 1.869294 -3.407421 2.432708
4620 58 -4.300547 4.482055 1.974875 -3.407421 2.432708
4620 59 -3.936497 4.562460 1.822127 -3.407421 2.432708
4620 60 -4.170519 4.482707 1.926557 -3.407421 2.432708
4620 61 -4.099106 4.525669 1.885054 -3.407421 2.432708
4620 62 -4.314173 4.451118 1.995254 -3.407421 2.432708
4620 63 -3.908070 4.498430 1.810339 -3.407421 2.432708
4620 64 -4.221549 4.540093 1.930645 -3.407421 2.432708
4620 65 -4.481502 4.333934 2.103592 -3.407421 2.432708
4620 66 -4.116995 4.549619 1.894541 -3.407421 2.432708
4620 67 -3.880579 4.561228 1.790617 -3.407421 2.432708
4620 68 -3.735380 4.592488 1.733180 -3.407421 2.432708
4620 69 -4.072607 4.440552 1.894562 -3.407421 2.432708
4620 70 -4.358434 4.376731 2.035564 -3.407421 2.432708
4620 71 -4.512980 4.377082 2.097671 -3.407421 2.432708
4620 72 -3.912505 4.608588 1.799497 -3.407421 2.432708
4620 73 -4.095507 4.474006 1.907756 -3.407421 2.432708
4620 74 -4.481903 4.404825 2.066633 -3.407421 2.432708
4620 75 -4.554792 4.367307 2.103375 -3.407421 2.432708
4620 76 -3.923298 4.528953 1.816258 -3.407421 2.432708
4620 77 -4.150309 4.567094 1.897936 -3.407421 2.432708
4620 78 -4.466843 4.366551 2.067356 -3.407421 2.432708
4620 79 -4.033519 4.519512 1.872837 -3.407421 2.432708
4620 80 -3.850963 4.569041 1.774269 -3.407421 2.432708
4620 81 -4.274576 4.405765 1.989764 -3.407421 2.432708
4620 82 -3.747781 4.542456 1.725456 -3.407421 2.432708
4620 83 -3.709288 4.610563 1.707447 -3.407421 2.432708
4620 84 -4.333214 4.497184 1.988197 -3.407421 2.432708
4620 85 -4.271561 4.464100 1.975600 -3.407421 2.432708
4620 86 -4.014000 4.561635 1.838878 -3.407421 2.432708
4620 87 -3.813439 4.510694 1.772522 -3.407421 2.432708
4620 88 -4.007648 4.456692 1.871492 -3.407421 2.432708
4620 89 -4.035791 4.479796 1.874756 -3.407421 2.432708
4620 90 -4.402046 4.364771 2.052479 -3.407421 2.432708
4620 91 -4.134403 4.447600 1.942414 -3.407421 2.432708
4620 92 -4.041191 4.601511 1.858194 -3.407421 2.432708
4620 93 -4.145053 4.529807 1.901012 -3.407421 2.432708
4620 94 -3.976411 4.543010 1.841680 -3.407421 2.432708
4620 95 -4.359667 4.406535 2.021448 -3.407421 2.432708
4620 96 -4.307967 4.420937 2.009637 -3.407421 2.432708
4620 97 -3.684902 4.577887 1.681117 -3.407421 2.432708
4620 98 -4.042137 4.551762 1.862531 -3.407421 2.432708
4620 99 -4.542920 4.320963 2.112752 -3.407421 2.432708
