10 1.000000 1.000000 0.788199 -0.058192 -0.042297 -0.005179 -1.510786 
20 1.000000 1.000000 0.787353 -0.059559 -0.006324 -0.326613 -1.294050 
30 1.000000 1.000000 0.787497 -0.054947 0.024773 -0.741532 -1.284570 
40 1.000000 1.000000 0.782121 -0.043037 0.051448 -1.168704 -1.075572 
50 1.000000 1.000000 0.764885 -0.018649 0.075348 -1.278676 -0.644385 
60 1.000000 1.000000 0.741935 0.027169 0.098440 -1.011608 -0.356310 
70 1.000000 1.000000 0.733982 0.067315 0.119982 -1.015725 -0.612381 
80 1.000000 1.000000 0.733060 0.092443 0.145199 -0.680992 -0.917232 
90 1.000000 1.000000 0.734596 0.109317 0.176564 -0.283457 -1.066770 
100 1.000000 1.000000 0.736288 0.117449 0.208767 0.191066 -1.160625 
110 1.000000 1.000000 0.735862 0.117563 0.238780 0.666727 -1.217696 
120 1.000000 1.000000 0.730015 0.110439 0.264111 1.081545 -1.056442 
130 1.000000 1.000000 0.714310 0.093117 0.288740 1.342334 -0.682326 
140 1.000000 1.000000 0.684472 0.059353 0.309910 1.212534 -0.285701 
150 1.000000 1.000000 0.663821 0.008309 0.334301 1.101470 -0.116690 
160 1.000000 1.000000 0.653525 -0.034625 0.344780 1.240802 0.312244 
170 1.000000 1.000000 0.639352 -0.074399 0.343960 1.140493 0.774852 
180 1.000000 1.000000 0.622027 -0.114329 0.327723 0.826762 1.099090 
190 1.000000 1.000000 0.608831 -0.147439 0.291874 0.540213 1.243188 
200 1.000000 1.000000 0.605349 -0.174301 0.262111 0.808777 1.066745 
210 1.000000 1.000000 0.605511 -0.206412 0.244124 1.006107 0.631217 
220 1.000000 1.000000 0.606033 -0.240805 0.236663 1.064983 0.151486 
230 1.000000 1.000000 0.605376 -0.278528 0.239672 0.929448 -0.313194 
240 1.000000 1.000000 0.597409 -0.316156 0.256806 0.625392 -0.679787 
250 1.000000 1.000000 0.571474 -0.348263 0.293342 0.187282 -0.803965 
260 1.000000 1.000000 0.532614 -0.367203 0.357054 -0.214823 -0.600515 
270 1.000000 1.000000 0.515258 -0.375931 0.433877 -0.060114 -0.514653 
280 1.000000 1.000000 0.507445 -0.398525 0.482045 0.317390 -0.376558 
290 1.000000 1.000000 0.493524 -0.440904 0.519003 0.457902 0.039525 
300 1.000000 1.000000 0.483678 -0.505560 0.542021 0.486565 0.473670 
310 1.000000 1.000000 0.480197 -0.563592 0.537982 0.476254 0.944647 
320 1.000000 1.000000 0.475781 -0.605111 0.516331 0.276396 1.365380 
330 1.000000 1.000000 0.463262 -0.634618 0.479461 -0.134223 1.527559 
340 1.000000 1.000000 0.444317 -0.650583 0.426195 -0.599321 1.503745 
350 1.000000 1.000000 0.430529 -0.644246 0.372842 -1.035412 1.486360 
360 1.000000 1.000000 0.422918 -0.627801 0.339661 -1.459244 1.399458 
370 1.000000 1.000000 0.412790 -0.602763 0.315695 -1.673040 1.052724 
380 1.000000 1.000000 0.400727 -0.562268 0.297252 -1.676528 0.611333 
390 1.000000 1.000000 0.394375 -0.519680 0.292843 -1.812775 0.164349 
400 1.000000 1.000000 0.390670 -0.483160 0.302407 -1.640674 -0.258664 
410 1.000000 1.000000 0.384659 -0.448697 0.326580 -1.271767 -0.562416 
420 1.000000 1.000000 0.373410 -0.415686 0.374286 -0.796734 -0.554011 
430 1.000000 1.000000 0.361475 -0.401130 0.448775 -0.373483 -0.427459 
440 1.000000 1.000000 0.360332 -0.419788 0.523208 0.081845 -0.371387 
450 1.000000 1.000000 0.353002 -0.458150 0.567708 0.411436 -0.034141 
460 1.000000 1.000000 0.336105 -0.525769 0.599886 0.264748 0.393134 
470 1.000000 1.000000 0.330896 -0.604154 0.605344 0.333182 0.827213 
480 1.000000 1.000000 0.325276 -0.660243 0.579587 0.152007 1.274699 
490 1.000000 1.000000 0.311513 -0.700798 0.527514 -0.298292 1.406048 
500 1.000000 1.000000 0.299573 -0.719469 0.460730 -0.627631 1.569753 
510 1.000000 1.000000 0.296558 -0.729332 0.420571 -0.215851 1.637756 
520 1.000000 1.000000 0.296196 -0.748414 0.392153 0.150057 1.348583 
530 1.000000 1.000000 0.295120 -0.780779 0.368540 0.279505 0.886366 
540 1.000000 1.000000 0.292245 -0.833329 0.352481 0.183504 0.445774 
550 1.000000 1.000000 0.286665 -0.898471 0.358756 -0.009727 0.033323 
560 1.000000 1.000000 0.275712 -0.969811 0.402614 -0.402949 -0.218446 
570 1.000000 1.000000 0.256951 -1.019680 0.492542 -0.849286 -0.189361 
580 1.000000 1.000000 0.245903 -1.011492 0.603487 -1.273997 -0.141716 
590 1.000000 1.000000 0.249257 -1.003801 0.671286 -0.934312 -0.405278 
600 1.000000 1.000000 0.253881 -1.019583 0.724577 -0.504226 -0.205199 
610 1.000000 1.000000 0.251808 -1.062370 0.774665 -0.347951 0.237966 
620 1.000000 1.000000 0.237161 -1.144901 0.811362 -0.434399 0.675182 
630 1.000000 1.000000 0.224345 -1.253341 0.800817 -0.605928 1.104310 
640 1.000000 1.000000 0.212065 -1.327665 0.731995 -0.935315 1.404941 
650 1.000000 1.000000 0.207196 -1.371147 0.675605 -0.586763 1.358771 
660 1.000000 1.000000 0.207619 -1.416819 0.651680 -0.354457 0.965168 
670 1.000000 1.000000 0.209219 -1.476634 0.647329 -0.531662 0.530839 
680 1.000000 1.000000 0.209156 -1.546508 0.674224 -0.819041 0.157422 
690 1.000000 1.000000 0.200869 -1.607276 0.746048 -1.282693 0.087063 
700 1.000000 1.000000 0.187977 -1.624014 0.863194 -1.764300 0.180701 
710 1.000000 1.000000 0.178007 -1.571325 0.956348 -2.096152 0.437547 
720 1.000000 1.000000 0.174117 -1.507232 1.021262 -2.001290 0.234493 
730 1.000000 1.000000 0.178304 -1.486989 1.082640 -1.591981 0.086866 
740 1.000000 1.000000 0.182460 -1.496003 1.144903 -1.137609 0.227900 
750 1.000000 1.000000 0.178744 -1.539867 1.206289 -0.880638 0.640109 
760 1.000000 1.000000 0.162637 -1.637482 1.259456 -1.044064 1.088512 
770 1.000000 1.000000 0.158784 -1.772383 1.277766 -1.080141 1.077019 
780 1.000000 1.000000 0.167937 -1.851731 1.334899 -1.383781 0.748063 
790 1.000000 1.000000 0.171839 -1.887989 1.424742 -1.778108 0.550678 
800 1.000000 1.000000 0.170696 -1.877427 1.511808 -2.181938 0.765166 
810 1.000000 1.000000 0.158181 -1.816395 1.587269 -2.405312 1.151785 
820 1.000000 1.000000 0.138443 -1.703356 1.645779 -2.325145 1.271024 
830 1.000000 1.000000 0.137572 -1.647991 1.707586 -2.076383 0.867821 
840 1.000000 1.000000 0.143021 -1.632587 1.781319 -1.616869 0.912525 
850 1.000000 1.000000 0.147918 -1.652163 1.854723 -1.257467 1.088111 
860 1.000000 1.000000 0.147439 -1.714813 1.928940 -1.179558 1.489488 
870 1.000000 1.000000 0.138321 -1.837302 1.974604 -1.228080 1.965847 
880 1.000000 1.000000 0.128948 -1.959113 1.925210 -1.475348 2.372086 
890 1.000000 1.000000 0.126949 -2.045176 1.857813 -1.266980 2.220903 
900 1.000000 1.000000 0.132878 -2.118348 1.846902 -1.198502 1.754510 
910 1.000000 1.000000 0.138076 -2.191831 1.875659 -1.512177 1.425795 
920 1.000000 1.000000 0.134425 -2.260206 1.957888 -1.978815 1.375100 
930 1.000000 1.000000 0.125847 -2.280554 2.098920 -2.306823 1.535729 
940 1.000000 1.000000 0.126945 -2.238108 2.208228 -2.701938 1.566803 
950 1.000000 1.000000 0.120556 -2.157192 2.267787 -2.862993 2.004770 
960 1.000000 1.000000 0.118995 -2.094506 2.310284 -2.766951 1.565824 
970 1.000000 1.000000 0.123347 -2.063456 2.365782 -2.381934 1.384054 
980 1.000000 1.000000 0.128308 -2.059553 2.427710 -1.942001 1.468847 
990 1.000000 1.000000 0.130749 -2.087574 2.498465 -1.628119 1.798958 
1000 1.000000 1.000000 0.124643 -2.168744 2.568997 -1.582777 2.272374 
1010 1.000000 1.000000 0.117981 -2.315357 2.599780 -1.757943 2.674879 
1020 1.000000 1.000000 0.118413 -2.423024 2.544745 -1.942094 3.041515 
1030 1.000000 1.000000 0.117293 -2.486923 2.475664 -1.741784 2.987304 
1040 1.000000 1.000000 0.122543 -2.550569 2.454022 -1.562361 2.541888 
1050 1.000000 1.000000 0.127787 -2.615494 2.465288 -1.747772 2.109446 
1060 1.000000 1.000000 0.128007 -2.685287 2.515610 -2.158941 1.952984 
1070 1.000000 1.000000 0.119178 -2.744244 2.630116 -2.632957 2.074679 
1080 1.000000 1.000000 0.119212 -2.739037 2.777902 -2.694617 2.105611 
1090 1.000000 1.000000 0.130564 -2.779730 2.871729 -2.342822 2.292240 
1100 1.000000 1.000000 0.136262 -2.871786 2.938171 -2.250707 2.685674 
1110 1.000000 1.000000 0.139673 -3.000255 2.948968 -2.332655 3.134450 
1120 1.000000 1.000000 0.131049 -3.093235 2.883301 -2.680578 3.421441 
1130 1.000000 1.000000 0.117431 -3.160595 2.773205 -2.683515 3.386249 
1140 1.000000 1.000000 0.119172 -3.225507 2.726787 -2.336743 3.077141 
1150 1.000000 1.000000 0.124497 -3.287394 2.717282 -2.280584 2.653085 
1160 1.000000 1.000000 0.129298 -3.353948 2.738733 -2.586679 2.295989 
1170 1.000000 1.000000 0.128547 -3.425815 2.809355 -3.061209 2.231449 
1180 1.000000 1.000000 0.120760 -3.460339 2.939928 -3.458770 2.413187 
1190 1.000000 1.000000 0.119002 -3.417938 3.060530 -3.849323 2.537745 
1200 1.000000 1.000000 0.114683 -3.332772 3.134723 -3.848747 2.546170 
1210 1.000000 1.000000 0.118933 -3.295823 3.200406 -3.555200 2.284115 
1220 1.000000 1.000000 0.125611 -3.295702 3.270100 -3.068681 2.343764 
1230 1.000000 1.000000 0.129053 -3.333631 3.344013 -2.833086 2.726729 
1240 1.000000 1.000000 0.123684 -3.427173 3.413432 -2.788996 3.171115 
1250 1.000000 1.000000 0.116713 -3.576646 3.427183 -3.064657 3.557695 
1260 1.000000 1.000000 0.115455 -3.674927 3.363240 -3.153728 3.927930 
1270 1.000000 1.000000 0.118491 -3.742103 3.321852 -2.814295 3.640756 
1280 1.000000 1.000000 0.125313 -3.807413 3.317518 -2.855956 3.162234 
1290 1.000000 1.000000 0.129878 -3.872581 3.344789 -3.122438 2.822376 
1300 1.000000 1.000000 0.127236 -3.935457 3.415829 -3.582056 2.817097 
1310 1.000000 1.000000 0.119877 -3.971167 3.553957 -3.994866 3.016530 
1320 1.000000 1.000000 0.118055 -3.917124 3.676469 -4.363571 3.200182 
1330 1.000000 1.000000 0.114221 -3.834144 3.745158 -4.373189 3.109188 
1340 1.000000 1.000000 0.118764 -3.802729 3.808580 -4.042234 2.819489 
1350 1.000000 1.000000 0.125029 -3.802326 3.874712 -3.629962 2.953512 
1360 1.000000 1.000000 0.129388 -3.839594 3.952756 -3.381888 3.350319 
1370 1.000000 1.000000 0.123467 -3.931171 4.018631 -3.361313 3.751743 
1380 1.000000 1.000000 0.117508 -4.081018 4.034498 -3.528825 4.185501 
1390 1.000000 1.000000 0.114872 -4.179013 3.966022 -3.604546 4.492062 
1400 1.000000 1.000000 0.119061 -4.251341 3.931204 -3.306403 4.118658 
1410 1.000000 1.000000 0.126178 -4.319193 3.934313 -3.410884 3.687250 
1420 1.000000 1.000000 0.130407 -4.392773 3.976328 -3.813631 3.432585 
1430 1.000000 1.000000 0.125938 -4.459029 4.080027 -4.256234 3.556492 
1440 1.000000 1.000000 0.121263 -4.457709 4.226151 -4.683734 3.676859 
1450 1.000000 1.000000 0.114979 -4.371478 4.319449 -4.934467 3.862485 
1460 1.000000 1.000000 0.117635 -4.323349 4.392579 -4.610450 3.535582 
1470 1.000000 1.000000 0.124786 -4.319278 4.465577 -4.160466 3.545150 
1480 1.000000 1.000000 0.129319 -4.354040 4.539689 -3.873856 3.910457 
1490 1.000000 1.000000 0.126237 -4.441907 4.610139 -3.856187 4.335047 
1500 1.000000 1.000000 0.120100 -4.589347 4.626043 -4.058096 4.771139 
1510 1.000000 1.000000 0.115700 -4.691554 4.549569 -4.252600 5.100894 
1520 1.000000 1.000000 0.117562 -4.761653 4.499184 -3.905082 4.869477 
1530 1.000000 1.000000 0.124111 -4.828894 4.487324 -3.889587 4.442435 
1540 1.000000 1.000000 0.129491 -4.897091 4.509506 -4.132623 4.056604 
1550 1.000000 1.000000 0.127729 -4.965419 4.577714 -4.585367 3.983964 
1560 1.000000 1.000000 0.118452 -5.002231 4.706443 -4.979781 4.166362 
1570 1.000000 1.000000 0.117671 -4.955214 4.835461 -5.420137 4.318817 
1580 1.000000 1.000000 0.114854 -4.880546 4.903281 -5.405265 4.211503 
1590 1.000000 1.000000 0.120123 -4.854804 4.970589 -4.980676 4.040538 
1600 1.000000 1.000000 0.126549 -4.864331 5.042630 -4.537965 4.197243 
1610 1.000000 1.000000 0.127318 -4.916989 5.114651 -4.322664 4.622597 
1620 1.000000 1.000000 0.118505 -5.026717 5.165945 -4.399835 5.051666 
1630 1.000000 1.000000 0.116950 -5.165760 5.153224 -4.542925 5.432007 
1640 1.000000 1.000000 0.115149 -5.247967 5.085413 -4.826525 5.714694 
1650 1.000000 1.000000 0.114132 -5.299926 5.020838 -4.540243 5.615164 
1660 1.000000 1.000000 0.119204 -5.359779 4.994785 -4.362729 5.195760 
1670 1.000000 1.000000 0.124698 -5.422868 4.998188 -4.512705 4.749363 
1680 1.000000 1.000000 0.125878 -5.491161 5.038468 -4.889366 4.470152 
1690 1.000000 1.000000 0.120218 -5.561555 5.136811 -5.318512 4.630097 
1700 1.000000 1.000000 0.116292 -5.566647 5.288435 -5.776145 4.704367 
1710 1.000000 1.000000 0.113907 -5.491876 5.379174 -6.065459 4.843825 
1720 1.000000 1.000000 0.117968 -5.451210 5.449826 -5.704015 4.547748 
1730 1.000000 1.000000 0.125454 -5.450009 5.522685 -5.242476 4.595953 
1740 1.000000 1.000000 0.129905 -5.487920 5.598397 -5.004369 4.996202 
1750 1.000000 1.000000 0.125844 -5.580611 5.669036 -4.983675 5.429290 
1760 1.000000 1.000000 0.118576 -5.730099 5.680052 -5.174826 5.839578 
1770 1.000000 1.000000 0.114789 -5.829243 5.607419 -5.344042 6.119496 
1780 1.000000 1.000000 0.117426 -5.899806 5.562931 -5.022802 5.848013 
1790 1.000000 1.000000 0.123606 -5.963358 5.558686 -5.004179 5.412326 
1800 1.000000 1.000000 0.127947 -6.029187 5.586707 -5.307168 5.087255 
1810 1.000000 1.000000 0.126877 -6.100858 5.663344 -5.765248 5.091094 
1820 1.000000 1.000000 0.121354 -6.133553 5.807584 -6.179740 5.267987 
1830 1.000000 1.000000 0.118744 -6.074437 5.922771 -6.561431 5.486545 
1840 1.000000 1.000000 0.114753 -5.994214 5.990546 -6.497048 5.309305 
1850 1.000000 1.000000 0.120322 -5.968923 6.059279 -6.080596 5.086963 
1860 1.000000 1.000000 0.126793 -5.978926 6.129439 -5.709241 5.316298 
1870 1.000000 1.000000 0.130261 -6.032185 6.211500 -5.481339 5.720347 
1880 1.000000 1.000000 0.122454 -6.153848 6.270748 -5.599917 6.184217 
1890 1.000000 1.000000 0.118834 -6.292917 6.246954 -5.727910 6.601008 
1900 1.000000 1.000000 0.114995 -6.374851 6.169603 -5.704979 6.660847 
1910 1.000000 1.000000 0.120574 -6.448294 6.143742 -5.536437 6.233395 
1920 1.000000 1.000000 0.127272 -6.516774 6.155319 -5.670950 5.807287 
1930 1.000000 1.000000 0.129882 -6.590507 6.207688 -6.077314 5.678003 
1940 1.000000 1.000000 0.123763 -6.649858 6.324399 -6.562367 5.750405 
1950 1.000000 1.000000 0.119104 -6.619440 6.466945 -6.981389 5.895965 
1960 1.000000 1.000000 0.114898 -6.539332 6.546785 -7.065588 5.931504 
1970 1.000000 1.000000 0.119897 -6.507837 6.618680 -6.670780 5.696351 
1980 1.000000 1.000000 0.126981 -6.514388 6.690887 -6.263313 5.864293 
1990 1.000000 1.000000 0.130038 -6.563237 6.767295 -6.022500 6.244824 
2000 1.000000 1.000000 0.124009 -6.679298 6.831635 -6.111652 6.712738 
2010 1.000000 1.000000 0.118765 -6.819184 6.808698 -6.292878 7.124158 
2020 1.000000 1.000000 0.115462 -6.903530 6.735481 -6.211647 7.177763 
2030 1.000000 1.000000 0.121742 -6.980079 6.713416 -6.063536 6.766911 
2040 1.000000 1.000000 0.129192 -7.054643 6.730008 -6.276851 6.358140 
2050 1.000000 1.000000 0.129584 -7.125510 6.793163 -6.717474 6.204428 
2060 1.000000 1.000000 0.120632 -7.165215 6.923290 -7.185159 6.350517 
2070 1.000000 1.000000 0.118741 -7.115439 7.055412 -7.557633 6.589855 
2080 1.000000 1.000000 0.116399 -7.041348 7.127837 -7.520188 6.376893 
2090 1.000000 1.000000 0.122263 -7.020957 7.196548 -7.070148 6.240876 
2100 1.000000 1.000000 0.129175 -7.036694 7.272345 -6.676520 6.479374 
2110 1.000000 1.000000 0.128734 -7.098042 7.342919 -6.479826 6.918607 
2120 1.000000 1.000000 0.119661 -7.225272 7.388176 -6.683617 7.349162 
2130 1.000000 1.000000 0.118957 -7.355051 7.351799 -6.775029 7.763966 
2140 1.000000 1.000000 0.114672 -7.424794 7.272377 -6.845312 7.866957 
2150 1.000000 1.000000 0.118221 -7.486723 7.234911 -6.539768 7.538075 
2160 1.000000 1.000000 0.124333 -7.551080 7.231182 -6.628062 7.094233 
2170 1.000000 1.000000 0.128054 -7.621909 7.262703 -6.944592 6.768563 
2180 1.000000 1.000000 0.124182 -7.693499 7.348357 -7.395266 6.809587 
2190 1.000000 1.000000 0.118486 -7.714833 7.499594 -7.845449 6.970146 
2200 1.000000 1.000000 0.115646 -7.644383 7.599589 -8.230606 7.167452 
2210 1.000000 1.000000 0.117099 -7.591860 7.667090 -7.975368 6.816954 
2220 1.000000 1.000000 0.123179 -7.581496 7.732335 -7.517652 6.744523 
2230 1.000000 1.000000 0.128365 -7.603246 7.801147 -7.164100 7.023641 
2240 1.000000 1.000000 0.127088 -7.669979 7.870651 -7.129836 7.472396 
2250 1.000000 1.000000 0.119606 -7.803567 7.916341 -7.249877 7.899914 
2260 1.000000 1.000000 0.116692 -7.928175 7.864684 -7.459774 8.323476 
2270 1.000000 1.000000 0.116628 -8.000497 7.809030 -7.149229 8.200405 
2280 1.000000 1.000000 0.122688 -8.066451 7.798086 -7.109769 7.742077 
2290 1.000000 1.000000 0.128717 -8.138333 7.823144 -7.413078 7.360647 
2300 1.000000 1.000000 0.127980 -8.206517 7.892598 -7.823982 7.301601 
2310 1.000000 1.000000 0.120563 -8.243287 8.022023 -8.243536 7.467271 
2320 1.000000 1.000000 0.117373 -8.187021 8.146942 -8.662770 7.698377 
2330 1.000000 1.000000 0.116365 -8.121888 8.221253 -8.524819 7.421501 
2340 1.000000 1.000000 0.123291 -8.103610 8.294707 -8.131159 7.396298 
2350 1.000000 1.000000 0.129821 -8.119935 8.365271 -7.747714 7.566881 
2360 1.000000 1.000000 0.131535 -8.183579 8.444295 -7.640964 8.028407 
2370 1.000000 1.000000 0.121895 -8.308891 8.489759 -7.751149 8.441039 
2380 1.000000 1.000000 0.119231 -8.446486 8.449810 -7.945659 8.828643 
2390 1.000000 1.000000 0.114502 -8.517120 8.368934 -7.889992 8.951517 
2400 1.000000 1.000000 0.117795 -8.577634 8.335613 -7.626111 8.602070 
2410 1.000000 1.000000 0.123529 -8.641483 8.334501 -7.691450 8.149575 
2420 1.000000 1.000000 0.127456 -8.713994 8.367793 -8.062537 7.867723 
2430 1.000000 1.000000 0.122139 -8.773806 8.450082 -8.497031 7.843479 
2440 1.000000 1.000000 0.116727 -8.789154 8.595250 -8.930780 8.034114 
2450 1.000000 1.000000 0.114982 -8.719904 8.694875 -9.263455 8.196430 
2460 1.000000 1.000000 0.118380 -8.677891 8.764785 -8.955406 7.836104 
2470 1.000000 1.000000 0.125680 -8.676321 8.835960 -8.510561 7.961825 
2480 1.000000 1.000000 0.130220 -8.713071 8.910687 -8.174907 8.281199 
2490 1.000000 1.000000 0.125218 -8.796072 8.971781 -8.190060 8.661306 
2500 1.000000 1.000000 0.119374 -8.939519 8.998339 -8.423722 9.082563 
2510 1.000000 1.000000 0.117556 -9.048420 8.940315 -8.557627 9.471282 
2520 1.000000 1.000000 0.113344 -9.107436 8.864855 -8.423061 9.488546 
2530 1.000000 1.000000 0.117196 -9.167353 8.834135 -8.232954 9.078018 
2540 1.000000 1.000000 0.123103 -9.232654 8.834048 -8.302100 8.624305 
2550 1.000000 1.000000 0.126327 -9.305238 8.871130 -8.689414 8.362517 
2560 1.000000 1.000000 0.121951 -9.371990 8.960053 -9.090312 8.393524 
2570 1.000000 1.000000 0.117291 -9.387556 9.105519 -9.521250 8.577865 
2580 1.000000 1.000000 0.114743 -9.307777 9.210176 -9.838740 8.845901 
2590 1.000000 1.000000 0.116071 -9.249480 9.276432 -9.659734 8.444892 
2600 1.000000 1.000000 0.121822 -9.236709 9.340103 -9.213997 8.344953 
