10 1.000000 0.400000 0.804009 0.047091 0.062096 0.050757 -1.817101 
20 1.000000 0.400000 0.803902 0.043750 0.107791 0.209309 -1.739756 
30 1.000000 0.400000 0.807304 0.038112 0.148568 0.393794 -1.787726 
40 1.000000 0.400000 0.811946 0.030633 0.184963 0.579943 -1.775701 
50 1.000000 0.400000 0.816654 0.021560 0.217776 0.772303 -1.754574 
60 1.000000 0.400000 0.820894 0.010710 0.248236 0.955142 -1.685392 
70 1.000000 0.400000 0.824439 -0.001927 0.277182 1.084453 -1.566813 
80 1.000000 0.400000 0.827401 -0.016751 0.305839 1.219960 -1.431886 
90 1.000000 0.400000 0.829332 -0.033918 0.333995 1.339069 -1.288295 
100 1.000000 0.400000 0.830499 -0.053713 0.362306 1.401842 -1.118516 
110 1.000000 0.400000 0.830298 -0.076370 0.390059 1.490488 -0.941497 
120 1.000000 0.400000 0.828628 -0.101699 0.416537 1.564569 -0.773051 
130 1.000000 0.400000 0.825831 -0.130398 0.442690 1.583267 -0.593222 
140 1.000000 0.400000 0.822179 -0.162448 0.467788 1.595290 -0.396656 
150 1.000000 0.400000 0.818118 -0.198079 0.491857 1.590834 -0.219463 
160 1.000000 0.400000 0.813701 -0.237302 0.513930 1.571877 -0.029277 
170 1.000000 0.400000 0.809799 -0.280552 0.534491 1.517571 0.135289 
180 1.000000 0.400000 0.806370 -0.326655 0.552059 1.491696 0.326772 
190 1.000000 0.400000 0.803567 -0.375975 0.565955 1.426440 0.513404 
200 1.000000 0.400000 0.801867 -0.427884 0.575741 1.380584 0.694958 
210 1.000000 0.400000 0.801208 -0.480805 0.580659 1.292845 0.864257 
220 1.000000 0.400000 0.801287 -0.533678 0.580293 1.231554 1.041358 
230 1.000000 0.400000 0.801445 -0.584578 0.574510 1.179014 1.229022 
240 1.000000 0.400000 0.800857 -0.632348 0.563747 1.109212 1.404572 
250 1.000000 0.400000 0.799054 -0.676344 0.548781 1.014779 1.562089 
260 1.000000 0.400000 0.795939 -0.717270 0.530183 0.928183 1.720448 
270 1.000000 0.400000 0.791122 -0.755487 0.507881 0.776273 1.846181 
280 1.000000 0.400000 0.784597 -0.791392 0.481811 0.635879 1.954055 
290 1.000000 0.400000 0.776286 -0.823783 0.453022 0.480486 2.061468 
300 1.000000 0.400000 0.766410 -0.853040 0.421651 0.320709 2.114078 
310 1.000000 0.400000 0.755156 -0.879538 0.387319 0.133543 2.155086 
320 1.000000 0.400000 0.742627 -0.902420 0.350943 -0.031246 2.220165 
330 1.000000 0.400000 0.728797 -0.921267 0.313368 -0.203699 2.260906 
340 1.000000 0.400000 0.713770 -0.936090 0.274841 -0.391756 2.282045 
350 1.000000 0.400000 0.697316 -0.946597 0.236646 -0.579800 2.331301 
360 1.000000 0.400000 0.679807 -0.953243 0.198320 -0.767467 2.309554 
370 1.000000 0.400000 0.661591 -0.956140 0.160118 -0.961519 2.283165 
380 1.000000 0.400000 0.643311 -0.955489 0.123460 -1.145655 2.279058 
390 1.000000 0.400000 0.625767 -0.951579 0.088036 -1.323592 2.212197 
400 1.000000 0.400000 0.609867 -0.944625 0.053550 -1.504687 2.151197 
410 1.000000 0.400000 0.596237 -0.934695 0.020150 -1.663299 2.038256 
420 1.000000 0.400000 0.585262 -0.922080 -0.011755 -1.836204 1.958290 
430 1.000000 0.400000 0.576436 -0.907059 -0.041637 -1.999929 1.870690 
440 1.000000 0.400000 0.568991 -0.890174 -0.069027 -2.158007 1.756902 
450 1.000000 0.400000 0.562141 -0.871253 -0.094548 -2.279678 1.613379 
460 1.000000 0.400000 0.555765 -0.850104 -0.118968 -2.356372 1.464192 
470 1.000000 0.400000 0.549529 -0.826552 -0.142187 -2.436369 1.287202 
480 1.000000 0.400000 0.543533 -0.800648 -0.163782 -2.511102 1.115369 
490 1.000000 0.400000 0.538364 -0.771921 -0.184390 -2.519432 0.929631 
500 1.000000 0.400000 0.534630 -0.740052 -0.203862 -2.519765 0.757535 
510 1.000000 0.400000 0.532919 -0.705565 -0.221591 -2.532708 0.581747 
520 1.000000 0.400000 0.533431 -0.670601 -0.236072 -2.614919 0.408711 
530 1.000000 0.400000 0.535613 -0.637399 -0.246589 -2.700882 0.238248 
540 1.000000 0.400000 0.538837 -0.606020 -0.253763 -2.762581 0.059378 
550 1.000000 0.400000 0.542639 -0.575900 -0.258130 -2.809080 -0.130089 
560 1.000000 0.400000 0.546416 -0.548008 -0.260013 -2.878023 -0.307525 
570 1.000000 0.400000 0.550004 -0.521342 -0.259788 -2.858981 -0.491685 
580 1.000000 0.400000 0.553442 -0.494973 -0.257615 -2.825596 -0.679413 
590 1.000000 0.400000 0.556275 -0.469564 -0.253546 -2.785315 -0.867218 
600 1.000000 0.400000 0.558394 -0.444726 -0.247652 -2.717775 -1.037656 
610 1.000000 0.400000 0.559819 -0.419620 -0.239696 -2.590550 -1.182333 
620 1.000000 0.400000 0.560218 -0.394544 -0.229670 -2.477796 -1.333988 
630 1.000000 0.400000 0.559265 -0.369570 -0.217355 -2.346084 -1.472937 
640 1.000000 0.400000 0.556799 -0.344717 -0.202660 -2.202701 -1.589081 
650 1.000000 0.400000 0.552467 -0.320512 -0.185684 -2.057322 -1.703930 
660 1.000000 0.400000 0.546037 -0.296780 -0.166020 -1.877305 -1.751652 
670 1.000000 0.400000 0.537618 -0.272263 -0.142738 -1.689721 -1.792478 
680 1.000000 0.400000 0.526749 -0.248142 -0.115916 -1.508759 -1.821044 
690 1.000000 0.400000 0.513524 -0.224171 -0.084975 -1.327020 -1.793682 
700 1.000000 0.400000 0.498028 -0.200826 -0.049733 -1.137049 -1.795500 
710 1.000000 0.400000 0.480322 -0.179484 -0.010601 -0.958737 -1.769470 
720 1.000000 0.400000 0.460920 -0.159406 0.033613 -0.784587 -1.698001 
730 1.000000 0.400000 0.440264 -0.141272 0.083578 -0.609982 -1.620914 
740 1.000000 0.400000 0.419493 -0.126283 0.138743 -0.459847 -1.519233 
750 1.000000 0.400000 0.400065 -0.113683 0.201084 -0.316260 -1.386878 
760 1.000000 0.400000 0.383541 -0.106442 0.268509 -0.159647 -1.279854 
770 1.000000 0.400000 0.371523 -0.105410 0.340790 -0.015523 -1.147177 
780 1.000000 0.400000 0.364755 -0.112145 0.416416 0.113437 -1.006041 
790 1.000000 0.400000 0.362939 -0.127094 0.494064 0.249352 -0.873278 
800 1.000000 0.400000 0.364148 -0.150707 0.569663 0.390698 -0.755686 
810 1.000000 0.400000 0.365619 -0.182629 0.639075 0.532026 -0.626195 
820 1.000000 0.400000 0.366319 -0.222309 0.703873 0.627979 -0.474131 
830 1.000000 0.400000 0.365491 -0.268295 0.762810 0.714531 -0.305517 
840 1.000000 0.400000 0.363166 -0.321156 0.817489 0.763223 -0.128174 
850 1.000000 0.400000 0.358878 -0.380312 0.866103 0.800624 0.062767 
860 1.000000 0.400000 0.353666 -0.446224 0.910083 0.779624 0.242816 
870 1.000000 0.400000 0.347709 -0.517208 0.946851 0.766450 0.432083 
880 1.000000 0.400000 0.342090 -0.593102 0.975863 0.749805 0.624895 
890 1.000000 0.400000 0.338323 -0.672719 0.996925 0.655495 0.777682 
900 1.000000 0.400000 0.337958 -0.754321 1.009280 0.622298 0.966742 
910 1.000000 0.400000 0.340330 -0.835242 1.011328 0.549073 1.137511 
920 1.000000 0.400000 0.344500 -0.913951 1.003583 0.474894 1.315949 
930 1.000000 0.400000 0.348083 -0.986111 0.987053 0.442882 1.494087 
940 1.000000 0.400000 0.349400 -1.050963 0.963339 0.333964 1.651855 
950 1.000000 0.400000 0.348271 -1.110391 0.933044 0.211599 1.790392 
960 1.000000 0.400000 0.345151 -1.167188 0.896340 0.060254 1.848491 
970 1.000000 0.400000 0.339925 -1.220677 0.853831 -0.112649 1.923644 
980 1.000000 0.400000 0.332063 -1.271025 0.804153 -0.292162 1.962615 
990 1.000000 0.400000 0.321610 -1.316993 0.747818 -0.483426 1.987244 
1000 1.000000 0.400000 0.308571 -1.357866 0.684430 -0.678975 1.985042 
1010 1.000000 0.400000 0.293880 -1.394298 0.613836 -0.850315 1.918389 
1020 1.000000 0.400000 0.278004 -1.423963 0.537129 -1.041031 1.897601 
1030 1.000000 0.400000 0.261905 -1.444428 0.456878 -1.208889 1.815802 
1040 1.000000 0.400000 0.246903 -1.457274 0.370420 -1.359761 1.708205 
1050 1.000000 0.400000 0.234837 -1.459503 0.286314 -1.540185 1.695896 
1060 1.000000 0.400000 0.225998 -1.451727 0.209418 -1.717641 1.676351 
1070 1.000000 0.400000 0.219664 -1.436422 0.142828 -1.907393 1.675982 
1080 1.000000 0.400000 0.214672 -1.415657 0.085474 -2.082754 1.614245 
1090 1.000000 0.400000 0.210292 -1.390606 0.034599 -2.242216 1.526557 
1100 1.000000 0.400000 0.206083 -1.361971 -0.010398 -2.405040 1.442329 
1110 1.000000 0.400000 0.201781 -1.329589 -0.051132 -2.499403 1.275049 
1120 1.000000 0.400000 0.197202 -1.292287 -0.089743 -2.573180 1.103381 
1130 1.000000 0.400000 0.192415 -1.251258 -0.124118 -2.661012 0.936005 
1140 1.000000 0.400000 0.187524 -1.207019 -0.154103 -2.704663 0.754303 
1150 1.000000 0.400000 0.182573 -1.159094 -0.179812 -2.718701 0.561338 
1160 1.000000 0.400000 0.177849 -1.108076 -0.200774 -2.749017 0.376227 
1170 1.000000 0.400000 0.173721 -1.056111 -0.215859 -2.745878 0.183488 
1180 1.000000 0.400000 0.170378 -1.002074 -0.225552 -2.714685 -0.006716 
1190 1.000000 0.400000 0.168135 -0.946650 -0.229760 -2.661358 -0.183892 
1200 1.000000 0.400000 0.167018 -0.892462 -0.227963 -2.638478 -0.380785 
1210 1.000000 0.400000 0.166804 -0.840876 -0.220569 -2.575782 -0.555694 
1220 1.000000 0.400000 0.167241 -0.790676 -0.208198 -2.520427 -0.728841 
1230 1.000000 0.400000 0.167939 -0.743917 -0.191581 -2.413097 -0.876826 
1240 1.000000 0.400000 0.168700 -0.698674 -0.170297 -2.288922 -1.021473 
1250 1.000000 0.400000 0.169266 -0.655958 -0.144646 -2.142727 -1.132350 
1260 1.000000 0.400000 0.169465 -0.615421 -0.114633 -1.994759 -1.251774 
1270 1.000000 0.400000 0.169233 -0.577807 -0.080448 -1.832012 -1.335759 
1280 1.000000 0.400000 0.168613 -0.541682 -0.041128 -1.648089 -1.350231 
1290 1.000000 0.400000 0.167694 -0.507125 0.003942 -1.457070 -1.380202 
1300 1.000000 0.400000 0.166429 -0.476208 0.054079 -1.264854 -1.388722 
1310 1.000000 0.400000 0.165108 -0.449226 0.109374 -1.076102 -1.390006 
1320 1.000000 0.400000 0.163888 -0.428205 0.167869 -0.883769 -1.384951 
1330 1.000000 0.400000 0.163243 -0.412436 0.230946 -0.706487 -1.302909 
1340 1.000000 0.400000 0.163504 -0.402919 0.297482 -0.547928 -1.229775 
1350 1.000000 0.400000 0.164951 -0.399609 0.367129 -0.376995 -1.160000 
1360 1.000000 0.400000 0.167232 -0.404202 0.438141 -0.218005 -1.045819 
1370 1.000000 0.400000 0.170150 -0.416631 0.510285 -0.091621 -0.926268 
1380 1.000000 0.400000 0.173247 -0.436713 0.581970 0.037361 -0.801025 
1390 1.000000 0.400000 0.175850 -0.464992 0.652157 0.157284 -0.654752 
1400 1.000000 0.400000 0.177848 -0.501784 0.721673 0.216655 -0.481548 
1410 1.000000 0.400000 0.179254 -0.547096 0.790755 0.286668 -0.315449 
1420 1.000000 0.400000 0.179536 -0.601109 0.856965 0.304613 -0.131811 
1430 1.000000 0.400000 0.178915 -0.664234 0.920522 0.300756 0.047627 
1440 1.000000 0.400000 0.177274 -0.736560 0.979562 0.301704 0.243139 
1450 1.000000 0.400000 0.175242 -0.818667 1.033907 0.248513 0.425634 
1460 1.000000 0.400000 0.172891 -0.908075 1.078755 0.219863 0.605955 
1470 1.000000 0.400000 0.172544 -1.004860 1.116237 0.135332 0.767399 
1480 1.000000 0.400000 0.174729 -1.105795 1.142228 0.071815 0.928082 
1490 1.000000 0.400000 0.179618 -1.206543 1.154975 0.007575 1.106961 
1500 1.000000 0.400000 0.186583 -1.302906 1.153001 -0.025105 1.290049 
1510 1.000000 0.400000 0.192673 -1.388754 1.138634 -0.062560 1.472348 
1520 1.000000 0.400000 0.197014 -1.466577 1.114499 -0.149469 1.643436 
1530 1.000000 0.400000 0.199279 -1.536517 1.082333 -0.254709 1.780867 
1540 1.000000 0.400000 0.199791 -1.601694 1.042722 -0.417852 1.876134 
1550 1.000000 0.400000 0.198179 -1.660211 0.996933 -0.563915 1.982466 
1560 1.000000 0.400000 0.194544 -1.713925 0.943797 -0.751174 2.022794 
1570 1.000000 0.400000 0.189474 -1.764951 0.882533 -0.934302 2.023876 
1580 1.000000 0.400000 0.182723 -1.809458 0.814800 -1.117192 2.037026 
1590 1.000000 0.400000 0.175073 -1.848252 0.741044 -1.280117 1.988716 
1600 1.000000 0.400000 0.166830 -1.879989 0.661325 -1.458832 1.957059 
1610 1.000000 0.400000 0.158596 -1.901296 0.579218 -1.653735 1.933751 
1620 1.000000 0.400000 0.151330 -1.911480 0.497357 -1.838221 1.922172 
1630 1.000000 0.400000 0.145886 -1.910781 0.421900 -2.027432 1.927181 
1640 1.000000 0.400000 0.142203 -1.901874 0.355867 -2.216184 1.941919 
1650 1.000000 0.400000 0.139682 -1.887315 0.298329 -2.389811 1.914469 
1660 1.000000 0.400000 0.137771 -1.868416 0.247303 -2.565774 1.856321 
1670 1.000000 0.400000 0.136055 -1.844940 0.199955 -2.718239 1.751832 
1680 1.000000 0.400000 0.134362 -1.817357 0.156489 -2.849094 1.614263 
1690 1.000000 0.400000 0.132569 -1.785579 0.115661 -2.934671 1.458957 
1700 1.000000 0.400000 0.130667 -1.750304 0.078763 -3.058020 1.315751 
1710 1.000000 0.400000 0.128666 -1.711267 0.045129 -3.115167 1.144680 
1720 1.000000 0.400000 0.126715 -1.669596 0.015906 -3.166873 0.971674 
1730 1.000000 0.400000 0.124835 -1.624133 -0.009697 -3.198069 0.778814 
1740 1.000000 0.400000 0.123211 -1.575574 -0.030875 -3.213375 0.593186 
1750 1.000000 0.400000 0.122117 -1.525497 -0.046744 -3.229745 0.400433 
1760 1.000000 0.400000 0.121650 -1.472832 -0.057721 -3.204913 0.215739 
1770 1.000000 0.400000 0.121979 -1.420452 -0.063571 -3.194972 0.045878 
1780 1.000000 0.400000 0.123002 -1.368729 -0.063939 -3.165148 -0.142564 
1790 1.000000 0.400000 0.124471 -1.321111 -0.059374 -3.150997 -0.327720 
1800 1.000000 0.400000 0.126210 -1.274647 -0.050067 -3.076523 -0.498241 
1810 1.000000 0.400000 0.127983 -1.230421 -0.036442 -2.987724 -0.673349 
1820 1.000000 0.400000 0.129768 -1.186106 -0.018045 -2.832125 -0.789352 
1830 1.000000 0.400000 0.131410 -1.141774 0.005325 -2.693644 -0.914383 
1840 1.000000 0.400000 0.132825 -1.098119 0.033899 -2.514990 -0.991461 
1850 1.000000 0.400000 0.133866 -1.055875 0.067895 -2.342783 -1.072930 
1860 1.000000 0.400000 0.134419 -1.016284 0.107088 -2.167887 -1.151028 
1870 1.000000 0.400000 0.134541 -0.979662 0.151411 -1.978272 -1.191669 
1880 1.000000 0.400000 0.134438 -0.945075 0.201893 -1.794658 -1.158404 
1890 1.000000 0.400000 0.134373 -0.912823 0.259132 -1.608040 -1.129878 
1900 1.000000 0.400000 0.134515 -0.885375 0.322221 -1.420685 -1.095874 
1910 1.000000 0.400000 0.135303 -0.863629 0.391009 -1.231117 -1.051508 
1920 1.000000 0.400000 0.137024 -0.849273 0.463631 -1.048716 -0.989242 
1930 1.000000 0.400000 0.139884 -0.842905 0.539623 -0.873778 -0.912763 
1940 1.000000 0.400000 0.143677 -0.845411 0.617234 -0.710361 -0.805186 
1950 1.000000 0.400000 0.147853 -0.857555 0.694821 -0.542867 -0.704628 
1960 1.000000 0.400000 0.152225 -0.878882 0.772785 -0.442649 -0.537968 
1970 1.000000 0.400000 0.156368 -0.909909 0.850711 -0.327376 -0.394788 
1980 1.000000 0.400000 0.159739 -0.949320 0.925458 -0.241338 -0.232724 
1990 1.000000 0.400000 0.161893 -0.998684 0.996857 -0.176001 -0.048295 
2000 1.000000 0.400000 0.162708 -1.058073 1.064249 -0.131242 0.142662 
2010 1.000000 0.400000 0.162359 -1.127432 1.127030 -0.119666 0.335908 
2020 1.000000 0.400000 0.161434 -1.206016 1.184723 -0.167815 0.515804 
2030 1.000000 0.400000 0.160200 -1.293324 1.234528 -0.217842 0.700208 
2040 1.000000 0.400000 0.160352 -1.389765 1.277186 -0.298310 0.872257 
2050 1.000000 0.400000 0.163053 -1.492905 1.309269 -0.373559 1.042803 
2060 1.000000 0.400000 0.168121 -1.596818 1.327051 -0.409628 1.229225 
2070 1.000000 0.400000 0.174986 -1.694734 1.328886 -0.434627 1.416557 
2080 1.000000 0.400000 0.181667 -1.783133 1.317523 -0.456544 1.592163 
2090 1.000000 0.400000 0.186636 -1.863682 1.295793 -0.555783 1.759004 
2100 1.000000 0.400000 0.189585 -1.936131 1.265287 -0.645963 1.931629 
2110 1.000000 0.400000 0.190572 -2.002710 1.226801 -0.802120 2.037574 
2120 1.000000 0.400000 0.189566 -2.064228 1.180481 -0.974443 2.125721 
2130 1.000000 0.400000 0.186671 -2.121452 1.126040 -1.162506 2.173109 
2140 1.000000 0.400000 0.181975 -2.173073 1.064364 -1.343312 2.198637 
2150 1.000000 0.400000 0.175829 -2.217501 0.997553 -1.511309 2.199606 
2160 1.000000 0.400000 0.168855 -2.256893 0.924152 -1.667309 2.179549 
2170 1.000000 0.400000 0.161383 -2.287615 0.847715 -1.857843 2.171015 
2180 1.000000 0.400000 0.153772 -2.309035 0.767363 -2.041041 2.127114 
2190 1.000000 0.400000 0.147155 -2.320227 0.687632 -2.219251 2.134461 
2200 1.000000 0.400000 0.142176 -2.320779 0.615220 -2.412772 2.162223 
2210 1.000000 0.400000 0.138716 -2.313348 0.550777 -2.587390 2.157997 
2220 1.000000 0.400000 0.136396 -2.300336 0.494101 -2.782909 2.145517 
2230 1.000000 0.400000 0.134723 -2.282984 0.443476 -2.939693 2.086498 
2240 1.000000 0.400000 0.133271 -2.261171 0.396534 -3.091743 1.967940 
2250 1.000000 0.400000 0.131844 -2.234662 0.352154 -3.224251 1.830106 
2260 1.000000 0.400000 0.130348 -2.203828 0.310544 -3.323221 1.683925 
2270 1.000000 0.400000 0.128763 -2.168538 0.270973 -3.404618 1.525631 
2280 1.000000 0.400000 0.127060 -2.129648 0.235776 -3.506439 1.355352 
2290 1.000000 0.400000 0.125327 -2.087635 0.205031 -3.554493 1.180496 
2300 1.000000 0.400000 0.123650 -2.042058 0.178187 -3.610879 0.996823 
2310 1.000000 0.400000 0.122248 -1.994367 0.156599 -3.638377 0.804661 
2320 1.000000 0.400000 0.121278 -1.944432 0.140014 -3.652059 0.617108 
2330 1.000000 0.400000 0.120934 -1.894760 0.129097 -3.664450 0.427481 
2340 1.000000 0.400000 0.121234 -1.845224 0.123516 -3.646208 0.239668 
2350 1.000000 0.400000 0.122118 -1.795681 0.123050 -3.599475 0.055671 
2360 1.000000 0.400000 0.123464 -1.747213 0.127591 -3.550892 -0.124991 
2370 1.000000 0.400000 0.125147 -1.699042 0.136983 -3.467967 -0.297993 
2380 1.000000 0.400000 0.126937 -1.652183 0.151233 -3.358406 -0.455118 
2390 1.000000 0.400000 0.128725 -1.605669 0.170391 -3.223358 -0.579373 
2400 1.000000 0.400000 0.130369 -1.559916 0.194686 -3.074708 -0.702489 
2410 1.000000 0.400000 0.131735 -1.515459 0.223870 -2.927193 -0.801248 
2420 1.000000 0.400000 0.132750 -1.472984 0.258145 -2.761612 -0.896583 
2430 1.000000 0.400000 0.133294 -1.433351 0.297515 -2.583880 -0.966931 
2440 1.000000 0.400000 0.133510 -1.396595 0.341429 -2.420277 -1.015852 
2450 1.000000 0.400000 0.133403 -1.363969 0.389482 -2.230580 -1.025889 
2460 1.000000 0.400000 0.133244 -1.334087 0.443571 -2.050135 -0.980710 
2470 1.000000 0.400000 0.133478 -1.306586 0.503970 -1.879095 -0.936128 
2480 1.000000 0.400000 0.134216 -1.284904 0.567778 -1.704625 -0.927280 
2490 1.000000 0.400000 0.135710 -1.269399 0.635038 -1.535499 -0.864605 
2500 1.000000 0.400000 0.138195 -1.260178 0.705570 -1.388446 -0.780786 
2510 1.000000 0.400000 0.141781 -1.257589 0.779592 -1.226253 -0.687534 
2520 1.000000 0.400000 0.146042 -1.263053 0.854629 -1.086441 -0.580091 
2530 1.000000 0.400000 0.150874 -1.276614 0.931580 -0.934274 -0.470370 
2540 1.000000 0.400000 0.155238 -1.299412 1.006295 -0.791075 -0.333911 
2550 1.000000 0.400000 0.158907 -1.331179 1.079131 -0.681661 -0.178164 
2560 1.000000 0.400000 0.161687 -1.372234 1.150316 -0.632184 0.003168 
2570 1.000000 0.400000 0.163738 -1.422618 1.220438 -0.555769 0.177867 
2580 1.000000 0.400000 0.164104 -1.481692 1.284397 -0.506952 0.361605 
2590 1.000000 0.400000 0.163221 -1.549741 1.343213 -0.519984 0.553702 
2600 1.000000 0.400000 0.161992 -1.627591 1.398556 -0.597068 0.717271 
2610 1.000000 0.400000 0.162320 -1.714774 1.452797 -0.679821 0.873698 
2620 1.000000 0.400000 0.163886 -1.809202 1.499201 -0.707730 1.056310 
2630 1.000000 0.400000 0.166742 -1.907449 1.532560 -0.749478 1.236495 
2640 1.000000 0.400000 0.171393 -2.008086 1.552192 -0.807943 1.422856 
2650 1.000000 0.400000 0.178064 -2.106289 1.556584 -0.841496 1.615781 
2660 1.000000 0.400000 0.184375 -2.193538 1.547183 -0.860208 1.799674 
2670 1.000000 0.400000 0.189223 -2.273575 1.527711 -0.922245 1.965849 
2680 1.000000 0.400000 0.192432 -2.346216 1.499895 -1.020201 2.122779 
2690 1.000000 0.400000 0.193683 -2.412201 1.464625 -1.165142 2.251527 
2700 1.000000 0.400000 0.192869 -2.472940 1.421739 -1.331073 2.355649 
2710 1.000000 0.400000 0.190250 -2.530287 1.370749 -1.518071 2.393387 
2720 1.000000 0.400000 0.185863 -2.582914 1.312312 -1.692782 2.430088 
2730 1.000000 0.400000 0.179792 -2.629093 1.247598 -1.884543 2.446392 
2740 1.000000 0.400000 0.172283 -2.668212 1.176771 -2.071657 2.444409 
2750 1.000000 0.400000 0.164188 -2.700853 1.100471 -2.235602 2.404726 
2760 1.000000 0.400000 0.155905 -2.724658 1.020285 -2.416904 2.363061 
2770 1.000000 0.400000 0.148304 -2.738102 0.939206 -2.602089 2.358773 
2780 1.000000 0.400000 0.142330 -2.740497 0.863892 -2.794439 2.362640 
2790 1.000000 0.400000 0.138018 -2.733931 0.794735 -2.982335 2.358431 
2800 1.000000 0.400000 0.135116 -2.720668 0.733937 -3.163561 2.334264 
2810 1.000000 0.400000 0.133114 -2.702704 0.680520 -3.344615 2.302676 
2820 1.000000 0.400000 0.131555 -2.680914 0.633206 -3.511487 2.209107 
2830 1.000000 0.400000 0.130062 -2.654512 0.588833 -3.647469 2.079312 
2840 1.000000 0.400000 0.128574 -2.623909 0.547408 -3.750092 1.924832 
2850 1.000000 0.400000 0.127048 -2.589075 0.508594 -3.832238 1.778491 
2860 1.000000 0.400000 0.125590 -2.552067 0.474833 -3.955806 1.632485 
2870 1.000000 0.400000 0.124155 -2.511334 0.444158 -3.969401 1.447925 
2880 1.000000 0.400000 0.122858 -2.467386 0.417427 -4.024379 1.264642 
2890 1.000000 0.400000 0.121804 -2.419893 0.394735 -4.028889 1.074071 
2900 1.000000 0.400000 0.121233 -2.369791 0.376759 -4.063656 0.900269 
2910 1.000000 0.400000 0.121300 -2.318952 0.363994 -4.045248 0.710595 
2920 1.000000 0.400000 0.122034 -2.267150 0.356617 -4.015668 0.521598 
2930 1.000000 0.400000 0.123373 -2.215178 0.354459 -3.990037 0.338812 
2940 1.000000 0.400000 0.125164 -2.163930 0.357819 -3.934006 0.151100 
2950 1.000000 0.400000 0.127170 -2.114480 0.366393 -3.885373 -0.020055 
2960 1.000000 0.400000 0.129220 -2.066840 0.379536 -3.797791 -0.194733 
2970 1.000000 0.400000 0.131126 -2.021021 0.397524 -3.667773 -0.342673 
2980 1.000000 0.400000 0.132803 -1.976157 0.420343 -3.557022 -0.484017 
2990 1.000000 0.400000 0.134061 -1.934124 0.447314 -3.391490 -0.586767 
3000 1.000000 0.400000 0.134924 -1.893231 0.479551 -3.230446 -0.680696 
3010 1.000000 0.400000 0.135295 -1.854254 0.516738 -3.041373 -0.729326 
3020 1.000000 0.400000 0.135249 -1.817691 0.559089 -2.872389 -0.761378 
3030 1.000000 0.400000 0.134909 -1.783594 0.606571 -2.691487 -0.764918 
3040 1.000000 0.400000 0.134455 -1.751570 0.660476 -2.497057 -0.741491 
3050 1.000000 0.400000 0.134160 -1.722384 0.721806 -2.308319 -0.682689 
3060 1.000000 0.400000 0.134342 -1.698564 0.788778 -2.122881 -0.669870 
3070 1.000000 0.400000 0.135311 -1.682055 0.859012 -1.944629 -0.592655 
3080 1.000000 0.400000 0.137572 -1.672149 0.935171 -1.783656 -0.481171 
3090 1.000000 0.400000 0.141310 -1.669643 1.015307 -1.628823 -0.399244 
3100 1.000000 0.400000 0.145793 -1.676104 1.094646 -1.484938 -0.299021 
3110 1.000000 0.400000 0.150649 -1.691669 1.173878 -1.327313 -0.196051 
3120 1.000000 0.400000 0.155158 -1.716546 1.251154 -1.220816 -0.037203 
3130 1.000000 0.400000 0.158983 -1.750066 1.325845 -1.114478 0.101655 
3140 1.000000 0.400000 0.161777 -1.791982 1.396844 -1.007088 0.232410 
3150 1.000000 0.400000 0.163376 -1.841370 1.463196 -0.968708 0.415420 
3160 1.000000 0.400000 0.164297 -1.900560 1.528649 -0.954833 0.607816 
3170 1.000000 0.400000 0.164207 -1.969749 1.590265 -0.968099 0.803573 
3180 1.000000 0.400000 0.163273 -2.048885 1.646314 -0.999742 0.996144 
3190 1.000000 0.400000 0.162227 -2.136142 1.694875 -1.034143 1.171835 
3200 1.000000 0.400000 0.162183 -2.231558 1.734847 -1.101186 1.348687 
3210 1.000000 0.400000 0.165019 -2.334111 1.765576 -1.205497 1.510310 
3220 1.000000 0.400000 0.170434 -2.438683 1.782747 -1.245337 1.696673 
3230 1.000000 0.400000 0.177426 -2.536396 1.783665 -1.269280 1.882601 
3240 1.000000 0.400000 0.183588 -2.622510 1.771528 -1.267328 2.077423 
3250 1.000000 0.400000 0.187646 -2.698072 1.750302 -1.333027 2.252514 
3260 1.000000 0.400000 0.189971 -2.767286 1.720723 -1.449158 2.401677 
3270 1.000000 0.400000 0.190399 -2.830624 1.683845 -1.595485 2.518871 
3280 1.000000 0.400000 0.189102 -2.889306 1.640175 -1.758078 2.589758 
3290 1.000000 0.400000 0.186356 -2.945441 1.588793 -1.939306 2.640595 
3300 1.000000 0.400000 0.182074 -2.997873 1.529731 -2.124799 2.653412 
3310 1.000000 0.400000 0.176183 -3.043907 1.464277 -2.308085 2.685940 
3320 1.000000 0.400000 0.168958 -3.082047 1.393560 -2.493109 2.674939 
3330 1.000000 0.400000 0.160949 -3.112908 1.316883 -2.681497 2.639451 
3340 1.000000 0.400000 0.152883 -3.134000 1.237500 -2.861901 2.619192 
3350 1.000000 0.400000 0.145748 -3.144627 1.159008 -3.048060 2.619203 
3360 1.000000 0.400000 0.140183 -3.144821 1.086017 -3.241612 2.595660 
3370 1.000000 0.400000 0.136261 -3.136847 1.019934 -3.428624 2.601790 
3380 1.000000 0.400000 0.133627 -3.122877 0.962445 -3.620067 2.590025 
3390 1.000000 0.400000 0.131770 -3.104563 0.911017 -3.784220 2.536904 
3400 1.000000 0.400000 0.130288 -3.082251 0.864137 -3.925634 2.440508 
3410 1.000000 0.400000 0.128914 -3.055413 0.819659 -4.028065 2.286071 
3420 1.000000 0.400000 0.127551 -3.024187 0.777839 -4.165193 2.148669 
3430 1.000000 0.400000 0.126160 -2.989256 0.740353 -4.263132 1.980775 
3440 1.000000 0.400000 0.124738 -2.951075 0.707050 -4.336833 1.822226 
3450 1.000000 0.400000 0.123422 -2.910466 0.677994 -4.451571 1.666588 
3460 1.000000 0.400000 0.122250 -2.867324 0.653176 -4.451829 1.479973 
3470 1.000000 0.400000 0.121327 -2.820512 0.631873 -4.462986 1.288693 
3480 1.000000 0.400000 0.120840 -2.770484 0.614991 -4.456921 1.095873 
3490 1.000000 0.400000 0.120955 -2.718899 0.603342 -4.456060 0.904361 
3500 1.000000 0.400000 0.121745 -2.666305 0.597141 -4.409097 0.723962 
3510 1.000000 0.400000 0.123167 -2.614030 0.596369 -4.396972 0.530409 
3520 1.000000 0.400000 0.124993 -2.564205 0.600936 -4.356010 0.354339 
3530 1.000000 0.400000 0.127045 -2.515587 0.610404 -4.281557 0.172592 
3540 1.000000 0.400000 0.129180 -2.467456 0.624777 -4.141980 0.048382 
3550 1.000000 0.400000 0.131255 -2.419719 0.644107 -4.026795 -0.101389 
3560 1.000000 0.400000 0.133029 -2.373721 0.668584 -3.897835 -0.245466 
3570 1.000000 0.400000 0.134393 -2.329926 0.697849 -3.728493 -0.325520 
3580 1.000000 0.400000 0.135374 -2.286744 0.732992 -3.550299 -0.406263 
3590 1.000000 0.400000 0.135849 -2.246448 0.772960 -3.397782 -0.473802 
3600 1.000000 0.400000 0.135882 -2.209898 0.816969 -3.223349 -0.545887 
3610 1.000000 0.400000 0.135454 -2.177789 0.865203 -3.029037 -0.574060 
3620 1.000000 0.400000 0.134846 -2.149168 0.918809 -2.841680 -0.542562 
3630 1.000000 0.400000 0.134583 -2.122233 0.979822 -2.684759 -0.438697 
3640 1.000000 0.400000 0.135050 -2.099183 1.047298 -2.503185 -0.410992 
3650 1.000000 0.400000 0.136289 -2.083813 1.117486 -2.322695 -0.352704 
3660 1.000000 0.400000 0.138515 -2.076204 1.190678 -2.148386 -0.270479 
3670 1.000000 0.400000 0.142113 -2.075959 1.268823 -1.996374 -0.152493 
3680 1.000000 0.400000 0.146746 -2.084352 1.349603 -1.855561 -0.023010 
3690 1.000000 0.400000 0.152045 -2.102141 1.432402 -1.731884 0.126835 
3700 1.000000 0.400000 0.156828 -2.130106 1.512599 -1.602612 0.256518 
3710 1.000000 0.400000 0.161043 -2.167751 1.591159 -1.515697 0.428104 
3720 1.000000 0.400000 0.164027 -2.215073 1.665733 -1.439974 0.597699 
3730 1.000000 0.400000 0.165938 -2.272299 1.737306 -1.408067 0.783665 
3740 1.000000 0.400000 0.166674 -2.338878 1.803987 -1.379194 0.966665 
3750 1.000000 0.400000 0.165940 -2.414710 1.863227 -1.377776 1.163688 
3760 1.000000 0.400000 0.164059 -2.497678 1.912648 -1.383907 1.338875 
3770 1.000000 0.400000 0.162347 -2.587652 1.953300 -1.436204 1.526195 
3780 1.000000 0.400000 0.162256 -2.683894 1.984518 -1.522079 1.685305 
3790 1.000000 0.400000 0.165000 -2.785805 2.005575 -1.608252 1.853149 
3800 1.000000 0.400000 0.171027 -2.888526 2.013819 -1.670609 2.026845 
3810 1.000000 0.400000 0.177857 -2.982906 2.006706 -1.684572 2.213982 
3820 1.000000 0.400000 0.182851 -3.065310 1.988205 -1.728829 2.404927 
3830 1.000000 0.400000 0.185912 -3.137752 1.961320 -1.806306 2.561544 
3840 1.000000 0.400000 0.187519 -3.205340 1.927039 -1.948884 2.683956 
3850 1.000000 0.400000 0.187217 -3.266478 1.886146 -2.086537 2.775702 
3860 1.000000 0.400000 0.185618 -3.324105 1.838903 -2.243844 2.850911 
3870 1.000000 0.400000 0.182389 -3.376657 1.785232 -2.413727 2.911300 
3880 1.000000 0.400000 0.177390 -3.421521 1.726778 -2.596569 2.962824 
3890 1.000000 0.400000 0.171269 -3.460998 1.662924 -2.751927 2.959606 
3900 1.000000 0.400000 0.164357 -3.493151 1.595747 -2.940322 2.949578 
3910 1.000000 0.400000 0.156837 -3.518441 1.523275 -3.125361 2.937210 
3920 1.000000 0.400000 0.149494 -3.534705 1.449138 -3.308771 2.878406 
3930 1.000000 0.400000 0.143012 -3.541661 1.374890 -3.505246 2.881100 
3940 1.000000 0.400000 0.138086 -3.539266 1.307144 -3.693329 2.888833 
3950 1.000000 0.400000 0.134568 -3.529604 1.245992 -3.884420 2.871066 
3960 1.000000 0.400000 0.132094 -3.514703 1.190932 -4.039130 2.826882 
3970 1.000000 0.400000 0.130257 -3.495018 1.139247 -4.200753 2.725525 
3980 1.000000 0.400000 0.128790 -3.471198 1.092659 -4.368567 2.641729 
3990 1.000000 0.400000 0.127487 -3.443740 1.050343 -4.488436 2.507939 
4000 1.000000 0.400000 0.126204 -3.412219 1.011125 -4.613252 2.359198 
4010 1.000000 0.400000 0.124879 -3.376613 0.975277 -4.702146 2.183764 
4020 1.000000 0.400000 0.123593 -3.337564 0.943188 -4.768960 2.017199 
4030 1.000000 0.400000 0.122448 -3.295530 0.914780 -4.849781 1.865703 
4040 1.000000 0.400000 0.121599 -3.251831 0.891229 -4.881413 1.669893 
4050 1.000000 0.400000 0.121058 -3.205657 0.872245 -4.908525 1.476480 
4060 1.000000 0.400000 0.120999 -3.156489 0.857154 -4.878035 1.298563 
4070 1.000000 0.400000 0.121532 -3.105140 0.846762 -4.857161 1.123017 
4080 1.000000 0.400000 0.122739 -3.052875 0.841371 -4.807439 0.935055 
4090 1.000000 0.400000 0.124485 -3.000353 0.841353 -4.774544 0.753797 
4100 1.000000 0.400000 0.126541 -2.949956 0.846780 -4.726813 0.562669 
4110 1.000000 0.400000 0.128799 -2.899723 0.857195 -4.626073 0.410208 
4120 1.000000 0.400000 0.130974 -2.851609 0.872571 -4.529615 0.244401 
4130 1.000000 0.400000 0.132978 -2.804560 0.892897 -4.390887 0.120812 
4140 1.000000 0.400000 0.134730 -2.757933 0.918528 -4.239218 0.018099 
4150 1.000000 0.400000 0.136142 -2.712555 0.949310 -4.083482 -0.084731 
4160 1.000000 0.400000 0.137002 -2.669612 0.985455 -3.908971 -0.170763 
4170 1.000000 0.400000 0.137290 -2.629607 1.026987 -3.725985 -0.238548 
4180 1.000000 0.400000 0.137097 -2.592508 1.074088 -3.537398 -0.258714 
4190 1.000000 0.400000 0.136567 -2.558615 1.127228 -3.344359 -0.257962 
4200 1.000000 0.400000 0.135903 -2.528923 1.186364 -3.153915 -0.222790 
4210 1.000000 0.400000 0.135576 -2.503307 1.252638 -2.965247 -0.168641 
4220 1.000000 0.400000 0.136028 -2.483794 1.323794 -2.790698 -0.113337 
4230 1.000000 0.400000 0.137522 -2.472088 1.398824 -2.617117 -0.028842 
4240 1.000000 0.400000 0.140601 -2.467719 1.479434 -2.463690 0.087648 
4250 1.000000 0.400000 0.145063 -2.472253 1.563086 -2.312501 0.205047 
4260 1.000000 0.400000 0.149977 -2.486989 1.645782 -2.155471 0.310805 
4270 1.000000 0.400000 0.154770 -2.511933 1.727068 -2.043440 0.464344 
4280 1.000000 0.400000 0.159011 -2.546297 1.805912 -1.939431 0.613427 
4290 1.000000 0.400000 0.162490 -2.590460 1.882845 -1.857422 0.782718 
4300 1.000000 0.400000 0.164555 -2.644306 1.955128 -1.801033 0.959112 
4310 1.000000 0.400000 0.165432 -2.707976 2.023306 -1.794436 1.149779 
4320 1.000000 0.400000 0.166115 -2.780587 2.088995 -1.800446 1.312943 
4330 1.000000 0.400000 0.165874 -2.860773 2.146664 -1.809982 1.486591 
4340 1.000000 0.400000 0.165857 -2.948131 2.197111 -1.867136 1.660578 
4350 1.000000 0.400000 0.167266 -3.043977 2.240056 -1.956926 1.823671 
4360 1.000000 0.400000 0.171065 -3.145471 2.272111 -1.995453 2.010312 
4370 1.000000 0.400000 0.176407 -3.246263 2.288795 -2.010528 2.201901 
4380 1.000000 0.400000 0.182850 -3.338781 2.290328 -2.009723 2.384428 
4390 1.000000 0.400000 0.188318 -3.419273 2.280027 -2.019630 2.573492 
4400 1.000000 0.400000 0.192187 -3.491769 2.261633 -2.069313 2.734612 
4410 1.000000 0.400000 0.194457 -3.556835 2.236491 -2.152768 2.885424 
4420 1.000000 0.400000 0.195310 -3.616933 2.205623 -2.274735 3.012656 
4430 1.000000 0.400000 0.194501 -3.673071 2.168324 -2.440705 3.103116 
4440 1.000000 0.400000 0.192036 -3.725941 2.124190 -2.613364 3.177398 
4450 1.000000 0.400000 0.187936 -3.774669 2.073706 -2.794343 3.229405 
4460 1.000000 0.400000 0.182137 -3.818302 2.016833 -2.980160 3.248172 
4470 1.000000 0.400000 0.174975 -3.857382 1.953125 -3.167334 3.232351 
4480 1.000000 0.400000 0.166811 -3.891427 1.882556 -3.338678 3.198027 
4490 1.000000 0.400000 0.158252 -3.918698 1.807014 -3.530041 3.168109 
4500 1.000000 0.400000 0.149725 -3.935928 1.729076 -3.721038 3.130993 
4510 1.000000 0.400000 0.142181 -3.942853 1.651149 -3.910444 3.123592 
4520 1.000000 0.400000 0.136506 -3.939973 1.579342 -4.102193 3.109518 
4530 1.000000 0.400000 0.132634 -3.929573 1.515519 -4.286982 3.094460 
4540 1.000000 0.400000 0.130021 -3.913193 1.458578 -4.478636 3.068654 
4550 1.000000 0.400000 0.128188 -3.892121 1.408129 -4.645909 2.972749 
4560 1.000000 0.400000 0.126849 -3.867796 1.363143 -4.792861 2.911252 
4570 1.000000 0.400000 0.125720 -3.840032 1.321897 -4.912838 2.766587 
4580 1.000000 0.400000 0.124665 -3.808312 1.283801 -5.041979 2.627018 
4590 1.000000 0.400000 0.123701 -3.773819 1.249699 -5.129168 2.476453 
4600 1.000000 0.400000 0.122807 -3.735508 1.218379 -5.192693 2.294793 
4610 1.000000 0.400000 0.122047 -3.694383 1.191356 -5.264520 2.115873 
4620 1.000000 0.400000 0.121535 -3.650696 1.168652 -5.306312 1.932719 
4630 1.000000 0.400000 0.121376 -3.604070 1.149930 -5.297572 1.738038 
4640 1.000000 0.400000 0.121712 -3.554585 1.135579 -5.269751 1.552740 
4650 1.000000 0.400000 0.122630 -3.503340 1.126071 -5.268316 1.360684 
4660 1.000000 0.400000 0.124102 -3.452444 1.122166 -5.243930 1.172223 
4670 1.000000 0.400000 0.125951 -3.402758 1.123376 -5.196913 0.994545 
4680 1.000000 0.400000 0.128109 -3.352549 1.129536 -5.120581 0.824283 
4690 1.000000 0.400000 0.130358 -3.303146 1.140750 -5.031936 0.669623 
4700 1.000000 0.400000 0.132530 -3.254831 1.156711 -4.917926 0.515408 
4710 1.000000 0.400000 0.134428 -3.208327 1.177513 -4.808175 0.370591 
4720 1.000000 0.400000 0.136041 -3.162509 1.203167 -4.644685 0.279668 
4730 1.000000 0.400000 0.137202 -3.118695 1.233638 -4.487579 0.184458 
4740 1.000000 0.400000 0.137844 -3.077030 1.269066 -4.328651 0.102486 
4750 1.000000 0.400000 0.138165 -3.035403 1.310785 -4.143727 0.123605 
4760 1.000000 0.400000 0.138287 -2.993903 1.359287 -3.961368 0.120150 
4770 1.000000 0.400000 0.138119 -2.955338 1.414206 -3.774648 0.108807 
4780 1.000000 0.400000 0.137858 -2.920592 1.475921 -3.585992 0.144331 
4790 1.000000 0.400000 0.138001 -2.890401 1.544129 -3.406100 0.178750 
4800 1.000000 0.400000 0.139035 -2.865967 1.617735 -3.243126 0.235606 
4810 1.000000 0.400000 0.141157 -2.849606 1.694887 -3.059531 0.297523 
4820 1.000000 0.400000 0.144734 -2.841649 1.776711 -2.896306 0.409924 
4830 1.000000 0.400000 0.149768 -2.842937 1.862092 -2.729687 0.501031 
4840 1.000000 0.400000 0.155192 -2.854713 1.945802 -2.576421 0.606853 
4850 1.000000 0.400000 0.160551 -2.876218 2.027875 -2.458841 0.737970 
4860 1.000000 0.400000 0.165265 -2.907063 2.107078 -2.333250 0.873701 
4870 1.000000 0.400000 0.168909 -2.947846 2.183754 -2.244978 1.050270 
4880 1.000000 0.400000 0.171296 -2.998822 2.257608 -2.198233 1.231112 
4890 1.000000 0.400000 0.172136 -3.059511 2.326750 -2.135569 1.416686 
4900 1.000000 0.400000 0.171521 -3.130004 2.390581 -2.162069 1.605816 
4910 1.000000 0.400000 0.169901 -3.210305 2.448634 -2.157365 1.803743 
4920 1.000000 0.400000 0.167507 -3.298522 2.497319 -2.197619 1.987441 
4930 1.000000 0.400000 0.166223 -3.395484 2.538114 -2.285718 2.158550 
4940 1.000000 0.400000 0.167529 -3.498728 2.568378 -2.373596 2.319439 
4950 1.000000 0.400000 0.171975 -3.604262 2.585942 -2.404121 2.484422 
4960 1.000000 0.400000 0.178274 -3.698999 2.589026 -2.357118 2.640243 
4970 1.000000 0.400000 0.183826 -3.778701 2.581247 -2.345268 2.830449 
4980 1.000000 0.400000 0.187546 -3.848949 2.564887 -2.397652 3.018496 
4990 1.000000 0.400000 0.190037 -3.914646 2.541139 -2.505063 3.162319 
5000 1.000000 0.400000 0.190913 -3.975258 2.510615 -2.623574 3.309545 
5010 1.000000 0.400000 0.190149 -4.031100 2.474020 -2.776733 3.416958 
5020 1.000000 0.400000 0.187701 -4.083119 2.430898 -2.958284 3.482019 
5030 1.000000 0.400000 0.183647 -4.131964 2.380632 -3.145610 3.536311 
5040 1.000000 0.400000 0.177834 -4.175516 2.323809 -3.340192 3.573348 
5050 1.000000 0.400000 0.170606 -4.212894 2.261263 -3.528422 3.586499 
5060 1.000000 0.400000 0.162501 -4.244027 2.193745 -3.704260 3.548603 
5070 1.000000 0.400000 0.153870 -4.268675 2.120470 -3.893759 3.513710 
5080 1.000000 0.400000 0.145451 -4.284925 2.043656 -4.075761 3.467044 
5090 1.000000 0.400000 0.138216 -4.291096 1.967851 -4.264735 3.436668 
5100 1.000000 0.400000 0.132903 -4.288017 1.897881 -4.455187 3.458824 
5110 1.000000 0.400000 0.129490 -4.278137 1.836796 -4.636296 3.460590 
5120 1.000000 0.400000 0.127257 -4.262594 1.781217 -4.805937 3.412404 
5130 1.000000 0.400000 0.125887 -4.243143 1.731128 -4.970549 3.345544 
5140 1.000000 0.400000 0.125005 -4.219945 1.685058 -5.103550 3.247003 
5150 1.000000 0.400000 0.124350 -4.192948 1.643039 -5.252181 3.119373 
5160 1.000000 0.400000 0.123803 -4.162259 1.604806 -5.373784 2.974062 
5170 1.000000 0.400000 0.123305 -4.127953 1.569490 -5.449692 2.819407 
5180 1.000000 0.400000 0.122872 -4.090370 1.537128 -5.497119 2.652751 
5190 1.000000 0.400000 0.122529 -4.049415 1.508058 -5.567341 2.480025 
5200 1.000000 0.400000 0.122371 -4.006295 1.483598 -5.630272 2.304336 
5210 1.000000 0.400000 0.122498 -3.961593 1.464019 -5.674837 2.114237 
5220 1.000000 0.400000 0.122963 -3.914818 1.448940 -5.649375 1.931139 
5230 1.000000 0.400000 0.123894 -3.865549 1.437980 -5.632972 1.740751 
5240 1.000000 0.400000 0.125303 -3.814664 1.432113 -5.582121 1.549844 
5250 1.000000 0.400000 0.127162 -3.762629 1.431466 -5.524371 1.368869 
5260 1.000000 0.400000 0.129358 -3.710634 1.436167 -5.460350 1.186482 
5270 1.000000 0.400000 0.131695 -3.659063 1.446181 -5.369156 1.024606 
5280 1.000000 0.400000 0.134000 -3.608684 1.461040 -5.280631 0.911546 
5290 1.000000 0.400000 0.136220 -3.558849 1.480334 -5.162621 0.763738 
5300 1.000000 0.400000 0.138061 -3.510739 1.504649 -5.022367 0.650716 
5310 1.000000 0.400000 0.139398 -3.464945 1.533889 -4.873263 0.524587 
5320 1.000000 0.400000 0.140181 -3.420430 1.568865 -4.687166 0.475735 
5330 1.000000 0.400000 0.140347 -3.379269 1.608240 -4.535562 0.386367 
5340 1.000000 0.400000 0.139983 -3.339810 1.653732 -4.347133 0.385288 
5350 1.000000 0.400000 0.139257 -3.301723 1.706461 -4.155134 0.416183 
5360 1.000000 0.400000 0.138335 -3.266738 1.765927 -3.970832 0.417271 
5370 1.000000 0.400000 0.137482 -3.236769 1.831289 -3.785375 0.464790 
5380 1.000000 0.400000 0.137478 -3.210686 1.904139 -3.624537 0.533225 
5390 1.000000 0.400000 0.138745 -3.191180 1.982045 -3.460340 0.622328 
5400 1.000000 0.400000 0.141649 -3.179588 2.064613 -3.282092 0.691543 
5410 1.000000 0.400000 0.145950 -3.177986 2.149160 -3.118871 0.772538 
5420 1.000000 0.400000 0.150940 -3.185672 2.230943 -2.969071 0.857297 
5430 1.000000 0.400000 0.155965 -3.203053 2.311319 -2.824741 0.969411 
5440 1.000000 0.400000 0.160699 -3.229382 2.389759 -2.700346 1.105618 
5450 1.000000 0.400000 0.164484 -3.265312 2.465584 -2.610769 1.277252 
5460 1.000000 0.400000 0.167360 -3.311457 2.540236 -2.546040 1.462869 
5470 1.000000 0.400000 0.168838 -3.367000 2.610639 -2.508488 1.638440 
5480 1.000000 0.400000 0.169583 -3.432376 2.678947 -2.521952 1.812938 
5490 1.000000 0.400000 0.169367 -3.506268 2.741823 -2.500359 2.004081 
5500 1.000000 0.400000 0.168176 -3.589047 2.797257 -2.516126 2.183161 
5510 1.000000 0.400000 0.167384 -3.679473 2.845525 -2.583725 2.357744 
5520 1.000000 0.400000 0.168319 -3.777127 2.885619 -2.674711 2.506587 
5530 1.000000 0.400000 0.171605 -3.878264 2.913915 -2.698372 2.690943 
5540 1.000000 0.400000 0.176786 -3.978034 2.928002 -2.725520 2.869896 
5550 1.000000 0.400000 0.182298 -4.064893 2.927279 -2.687189 3.050508 
5560 1.000000 0.400000 0.186751 -4.138790 2.917084 -2.667615 3.232830 
5570 1.000000 0.400000 0.189653 -4.205662 2.899078 -2.744213 3.407792 
5580 1.000000 0.400000 0.191138 -4.267136 2.874347 -2.840721 3.544044 
5590 1.000000 0.400000 0.191335 -4.324503 2.843890 -2.974677 3.674352 
5600 1.000000 0.400000 0.190014 -4.378706 2.806871 -3.135512 3.783547 
5610 1.000000 0.400000 0.186924 -4.428458 2.763575 -3.304581 3.882672 
5620 1.000000 0.400000 0.182377 -4.474090 2.714521 -3.482573 3.903933 
5630 1.000000 0.400000 0.176422 -4.516395 2.658515 -3.679824 3.921524 
5640 1.000000 0.400000 0.169139 -4.552485 2.597243 -3.867036 3.950998 
5650 1.000000 0.400000 0.160963 -4.581260 2.531965 -4.053509 3.932995 
5660 1.000000 0.400000 0.152411 -4.603537 2.462115 -4.222650 3.877123 
5670 1.000000 0.400000 0.144181 -4.619237 2.388209 -4.398502 3.835667 
5680 1.000000 0.400000 0.137025 -4.626424 2.313317 -4.570962 3.780522 
5690 1.000000 0.400000 0.131667 -4.624645 2.241887 -4.761646 3.796446 
5700 1.000000 0.400000 0.128344 -4.615852 2.180026 -4.942755 3.811308 
5710 1.000000 0.400000 0.126315 -4.601663 2.124798 -5.113472 3.788669 
5720 1.000000 0.400000 0.125131 -4.583104 2.074504 -5.273796 3.699844 
5730 1.000000 0.400000 0.124382 -4.560172 2.028111 -5.436919 3.590679 
5740 1.000000 0.400000 0.123875 -4.533219 1.985707 -5.572934 3.455893 
5750 1.000000 0.400000 0.123473 -4.502094 1.946248 -5.685872 3.309247 
5760 1.000000 0.400000 0.123113 -4.467983 1.911124 -5.798750 3.153362 
5770 1.000000 0.400000 0.122791 -4.431104 1.880314 -5.893652 2.986536 
5780 1.000000 0.400000 0.122538 -4.390685 1.852819 -5.908164 2.813079 
5790 1.000000 0.400000 0.122460 -4.345722 1.827444 -5.931493 2.627445 
5800 1.000000 0.400000 0.122707 -4.297408 1.806127 -5.932012 2.432953 
5810 1.000000 0.400000 0.123389 -4.248233 1.790318 -5.981696 2.256622 
5820 1.000000 0.400000 0.124544 -4.198559 1.779758 -5.965633 2.065878 
5830 1.000000 0.400000 0.126134 -4.148053 1.774420 -5.946353 1.880295 
5840 1.000000 0.400000 0.128085 -4.097728 1.774187 -5.886271 1.698953 
5850 1.000000 0.400000 0.130296 -4.047988 1.778688 -5.843739 1.527020 
5860 1.000000 0.400000 0.132493 -3.999348 1.788128 -5.757786 1.355541 
5870 1.000000 0.400000 0.134712 -3.950315 1.802497 -5.620839 1.232312 
5880 1.000000 0.400000 0.136766 -3.900791 1.822233 -5.485060 1.095291 
5890 1.000000 0.400000 0.138455 -3.852025 1.847706 -5.323848 0.982010 
5900 1.000000 0.400000 0.139733 -3.803885 1.879126 -5.169552 0.888127 
5910 1.000000 0.400000 0.140352 -3.758889 1.915641 -5.003607 0.787651 
5920 1.000000 0.400000 0.140260 -3.717125 1.957613 -4.815107 0.746860 
5930 1.000000 0.400000 0.139640 -3.677630 2.005783 -4.634629 0.705937 
5940 1.000000 0.400000 0.138716 -3.640621 2.059859 -4.466190 0.717521 
5950 1.000000 0.400000 0.137527 -3.608425 2.118931 -4.274744 0.740080 
5960 1.000000 0.400000 0.136533 -3.580132 2.185022 -4.091565 0.796524 
5970 1.000000 0.400000 0.136372 -3.556703 2.256884 -3.950918 0.884991 
5980 1.000000 0.400000 0.137793 -3.537941 2.336135 -3.783924 0.978458 
5990 1.000000 0.400000 0.141078 -3.526996 2.420684 -3.627975 1.081123 
6000 1.000000 0.400000 0.145841 -3.526056 2.506729 -3.446351 1.150778 
6010 1.000000 0.400000 0.151553 -3.535669 2.593409 -3.302485 1.280111 
6020 1.000000 0.400000 0.157231 -3.556286 2.678356 -3.146789 1.399053 
6030 1.000000 0.400000 0.162298 -3.587469 2.760776 -3.041500 1.555765 
6040 1.000000 0.400000 0.166549 -3.627685 2.839999 -2.956265 1.689313 
6050 1.000000 0.400000 0.169542 -3.676867 2.914822 -2.896485 1.872484 
6060 1.000000 0.400000 0.171417 -3.736501 2.986819 -2.871980 2.061278 
6070 1.000000 0.400000 0.171915 -3.806018 3.053619 -2.851568 2.250210 
6080 1.000000 0.400000 0.171924 -3.884921 3.115921 -2.886765 2.425564 
6090 1.000000 0.400000 0.172004 -3.972728 3.172078 -2.955197 2.594867 
6100 1.000000 0.400000 0.172920 -4.069008 3.219913 -2.983577 2.786372 
6110 1.000000 0.400000 0.174527 -4.168134 3.252748 -3.006051 2.954266 
6120 1.000000 0.400000 0.177891 -4.266713 3.271890 -3.036472 3.146716 
6130 1.000000 0.400000 0.182398 -4.356787 3.276056 -2.992933 3.317558 
6140 1.000000 0.400000 0.186720 -4.434399 3.269399 -2.984789 3.506864 
6150 1.000000 0.400000 0.189670 -4.503855 3.254149 -3.039164 3.691317 
6160 1.000000 0.400000 0.191353 -4.566825 3.232239 -3.097792 3.862083 
6170 1.000000 0.400000 0.191454 -4.622658 3.205023 -3.211203 4.007880 
6180 1.000000 0.400000 0.190159 -4.674985 3.172003 -3.355878 4.128605 
6190 1.000000 0.400000 0.187298 -4.724024 3.132758 -3.535603 4.192933 
6200 1.000000 0.400000 0.183023 -4.770700 3.086803 -3.714130 4.268387 
6210 1.000000 0.400000 0.177194 -4.812159 3.035340 -3.904835 4.310699 
6220 1.000000 0.400000 0.170114 -4.849646 2.977669 -4.079491 4.300207 
6230 1.000000 0.400000 0.162251 -4.882038 2.915167 -4.252966 4.307305 
6240 1.000000 0.400000 0.153951 -4.907947 2.848804 -4.443493 4.287908 
6250 1.000000 0.400000 0.145589 -4.928129 2.777282 -4.596335 4.197428 
6260 1.000000 0.400000 0.138128 -4.940651 2.704708 -4.772774 4.196517 
6270 1.000000 0.400000 0.132133 -4.944091 2.634439 -4.961180 4.180273 
6280 1.000000 0.400000 0.127838 -4.939679 2.566962 -5.117258 4.151356 
6290 1.000000 0.400000 0.125353 -4.929534 2.506534 -5.297119 4.133898 
6300 1.000000 0.400000 0.124042 -4.913957 2.452673 -5.482506 4.100504 
6310 1.000000 0.400000 0.123441 -4.894359 2.404623 -5.651425 4.034414 
6320 1.000000 0.400000 0.123218 -4.871086 2.360949 -5.795093 3.914588 
6330 1.000000 0.400000 0.123157 -4.844236 2.320278 -5.919722 3.809341 
6340 1.000000 0.400000 0.123188 -4.814526 2.283573 -6.038895 3.661787 
6350 1.000000 0.400000 0.123170 -4.780377 2.248898 -6.095856 3.486848 
6360 1.000000 0.400000 0.123149 -4.742769 2.217250 -6.198338 3.324231 
6370 1.000000 0.400000 0.123188 -4.702108 2.189444 -6.243319 3.139580 
6380 1.000000 0.400000 0.123356 -4.658518 2.165562 -6.290079 2.962226 
6390 1.000000 0.400000 0.123797 -4.612301 2.145513 -6.265565 2.785096 
6400 1.000000 0.400000 0.124609 -4.562878 2.129344 -6.261312 2.599229 
6410 1.000000 0.400000 0.125870 -4.511158 2.118048 -6.248495 2.403949 
6420 1.000000 0.400000 0.127560 -4.458785 2.112371 -6.217991 2.211890 
6430 1.000000 0.400000 0.129610 -4.405692 2.112222 -6.156740 2.026998 
6440 1.000000 0.400000 0.131886 -4.352378 2.117717 -6.063296 1.856212 
6450 1.000000 0.400000 0.134196 -4.299454 2.128926 -5.977891 1.678377 
6460 1.000000 0.400000 0.136318 -4.248038 2.145617 -5.869471 1.525296 
6470 1.000000 0.400000 0.138114 -4.198052 2.167751 -5.736683 1.404691 
6480 1.000000 0.400000 0.139583 -4.148154 2.195545 -5.571940 1.306107 
6490 1.000000 0.400000 0.140397 -4.101405 2.228432 -5.426886 1.196646 
6500 1.000000 0.400000 0.140641 -4.055929 2.267589 -5.237897 1.143924 
6510 1.000000 0.400000 0.140230 -4.012703 2.313195 -5.050121 1.097130 
6520 1.000000 0.400000 0.139359 -3.972539 2.364388 -4.886464 1.085442 
6530 1.000000 0.400000 0.138177 -3.936218 2.420817 -4.710650 1.099776 
6540 1.000000 0.400000 0.136989 -3.903697 2.483335 -4.527098 1.125986 
6550 1.000000 0.400000 0.136100 -3.876429 2.552222 -4.345829 1.180272 
6560 1.000000 0.400000 0.136111 -3.855252 2.627447 -4.163841 1.250743 
6570 1.000000 0.400000 0.137852 -3.840138 2.708855 -4.031790 1.357427 
6580 1.000000 0.400000 0.141687 -3.832264 2.794957 -3.893585 1.468436 
6590 1.000000 0.400000 0.146944 -3.833846 2.881652 -3.721473 1.540638 
6600 1.000000 0.400000 0.152631 -3.846231 2.966649 -3.568997 1.652041 
6610 1.000000 0.400000 0.158499 -3.868745 3.051576 -3.445327 1.789729 
6620 1.000000 0.400000 0.163422 -3.901852 3.132809 -3.323361 1.939905 
6630 1.000000 0.400000 0.167457 -3.945747 3.212341 -3.249117 2.123499 
6640 1.000000 0.400000 0.169977 -3.999501 3.287025 -3.167868 2.287937 
6650 1.000000 0.400000 0.170894 -4.062930 3.356324 -3.149532 2.480626 
6660 1.000000 0.400000 0.170281 -4.136024 3.419267 -3.142052 2.667133 
6670 1.000000 0.400000 0.168719 -4.218442 3.475553 -3.171369 2.858740 
6680 1.000000 0.400000 0.166831 -4.309162 3.522961 -3.215822 3.042332 
6690 1.000000 0.400000 0.165983 -4.407711 3.560344 -3.281409 3.224583 
6700 1.000000 0.400000 0.167363 -4.510724 3.584897 -3.333329 3.407404 
6710 1.000000 0.400000 0.170771 -4.610233 3.593852 -3.332817 3.594426 
6720 1.000000 0.400000 0.174704 -4.692586 3.589952 -3.231951 3.754603 
6730 1.000000 0.400000 0.177646 -4.761424 3.578256 -3.232793 3.948043 
6740 1.000000 0.400000 0.179388 -4.822491 3.560353 -3.304433 4.118299 
6750 1.000000 0.400000 0.179917 -4.879126 3.536099 -3.411129 4.285128 
6760 1.000000 0.400000 0.179239 -4.931167 3.506576 -3.531624 4.410913 
6770 1.000000 0.400000 0.177286 -4.979262 3.471947 -3.696446 4.511452 
6780 1.000000 0.400000 0.174126 -5.025477 3.430952 -3.874486 4.584114 
6790 1.000000 0.400000 0.169660 -5.067739 3.384298 -4.055920 4.637253 
6800 1.000000 0.400000 0.164197 -5.105424 3.332842 -4.233986 4.662229 
6810 1.000000 0.400000 0.157842 -5.138087 3.276721 -4.419110 4.678171 
6820 1.000000 0.400000 0.150815 -5.165725 3.215253 -4.608837 4.659043 
6830 1.000000 0.400000 0.143486 -5.187509 3.148595 -4.797699 4.631908 
6840 1.000000 0.400000 0.136609 -5.201335 3.080123 -4.980019 4.627379 
6850 1.000000 0.400000 0.130979 -5.206827 3.013427 -5.171959 4.594087 
6860 1.000000 0.400000 0.126819 -5.204340 2.949196 -5.362402 4.564282 
6870 1.000000 0.400000 0.124153 -5.194827 2.889162 -5.545632 4.524403 
6880 1.000000 0.400000 0.122768 -5.179752 2.835069 -5.733754 4.473817 
6890 1.000000 0.400000 0.122163 -5.159741 2.785495 -5.898570 4.374543 
6900 1.000000 0.400000 0.122015 -5.135073 2.739655 -6.058514 4.262077 
6910 1.000000 0.400000 0.122115 -5.106631 2.698154 -6.209135 4.147466 
6920 1.000000 0.400000 0.122337 -5.074782 2.660327 -6.304634 3.991949 
6930 1.000000 0.400000 0.122618 -5.039860 2.626277 -6.396712 3.830038 
6940 1.000000 0.400000 0.122909 -5.000802 2.595296 -6.461981 3.644032 
6950 1.000000 0.400000 0.123265 -4.958317 2.568177 -6.507982 3.457843 
6960 1.000000 0.400000 0.123829 -4.912868 2.545333 -6.540389 3.267420 
6970 1.000000 0.400000 0.124751 -4.863679 2.525726 -6.515145 3.097457 
6980 1.000000 0.400000 0.126123 -4.811588 2.510720 -6.504888 2.910326 
6990 1.000000 0.400000 0.127915 -4.759457 2.501516 -6.536112 2.721658 
7000 1.000000 0.400000 0.129986 -4.708395 2.497973 -6.473796 2.541374 
7010 1.000000 0.400000 0.132472 -4.654795 2.498904 -6.411431 2.389371 
7020 1.000000 0.400000 0.135074 -4.602331 2.505059 -6.332982 2.211846 
7030 1.000000 0.400000 0.137537 -4.551152 2.516640 -6.248104 2.036461 
7040 1.000000 0.400000 0.139791 -4.500468 2.533642 -6.109861 1.910687 
7050 1.000000 0.400000 0.141821 -4.448808 2.556351 -5.957961 1.804006 
7060 1.000000 0.400000 0.143534 -4.396808 2.585043 -5.791850 1.738515 
7070 1.000000 0.400000 0.144700 -4.345798 2.619963 -5.627299 1.640878 
7080 1.000000 0.400000 0.145081 -4.297607 2.661044 -5.458689 1.561723 
7090 1.000000 0.400000 0.144634 -4.253043 2.708169 -5.269320 1.513638 
7100 1.000000 0.400000 0.143555 -4.210870 2.762429 -5.077738 1.520555 
7110 1.000000 0.400000 0.141989 -4.172436 2.824051 -4.886812 1.526525 
7120 1.000000 0.400000 0.140271 -4.139379 2.891963 -4.703928 1.577232 
7130 1.000000 0.400000 0.139102 -4.111716 2.966167 -4.534742 1.623489 
7140 1.000000 0.400000 0.138994 -4.091682 3.044997 -4.351974 1.669300 
7150 1.000000 0.400000 0.140527 -4.079861 3.128148 -4.193023 1.777920 
7160 1.000000 0.400000 0.143996 -4.077350 3.215885 -4.031833 1.892652 
7170 1.000000 0.400000 0.149008 -4.084853 3.304634 -3.891646 1.982897 
7180 1.000000 0.400000 0.154473 -4.102385 3.390807 -3.746441 2.087008 
7190 1.000000 0.400000 0.159776 -4.129070 3.473992 -3.634668 2.221150 
7200 1.000000 0.400000 0.164076 -4.165781 3.553348 -3.527830 2.384021 
7210 1.000000 0.400000 0.166875 -4.211404 3.627154 -3.445387 2.537443 
7220 1.000000 0.400000 0.168479 -4.266813 3.698021 -3.400516 2.722263 
7230 1.000000 0.400000 0.168586 -4.331469 3.763480 -3.371562 2.906898 
7240 1.000000 0.400000 0.167515 -4.405132 3.823222 -3.389571 3.080940 
7250 1.000000 0.400000 0.165749 -4.486532 3.875902 -3.402612 3.271201 
7260 1.000000 0.400000 0.164061 -4.576138 3.920863 -3.453348 3.448646 
7270 1.000000 0.400000 0.163890 -4.673737 3.957327 -3.542325 3.618627 
7280 1.000000 0.400000 0.165967 -4.775696 3.981412 -3.572568 3.805719 
7290 1.000000 0.400000 0.169297 -4.867700 3.990394 -3.478395 3.925413 
7300 1.000000 0.400000 0.174534 -4.939231 3.998144 -3.409550 3.773349 
