7300 0 -4.901331 4.176280 2.862076 -3.409550 3.773349
7300 1 -4.889423 4.130190 2.910458 -3.409550 3.773349
7300 2 -4.936115 4.119228 2.912580 -3.409550 3.773349
7300 3 -5.018432 3.935871 3.069743 -3.409550 3.773349
7300 4 -4.875736 3.994124 3.014144 -3.409550 3.773349
7300 5 -5.029172 3.969141 3.010051 -3.409550 3.773349
7300 6 -4.815399 4.129038 2.898720 -3.409550 3.773349
7300 7 -5.075236 3.937025 3.041700 -3.409550 3.773349
7300 8 -4.962170 3.894370 3.062600 -3.409550 3.773349
7300 9 -4.907344 4.017468 2.987663 -3.409550 3.773349
7300 10 -4.976305 4.041502 2.967828 -3.409550 3.773349
7300 11 -4.825858 4.090470 2.920013 -3.409550 3.773349
7300 12 -4.887495 4.034667 2.974349 -3.409550 3.773349
7300 13 -5.043077 3.847725 3.057723 -3.409550 3.773349
7300 14 -4.793611 4.247372 2.806377 -3.409550 3.773349
7300 15 -5.009440 3.987513 3.009909 -3.409550 3.773349
7300 16 -4.765383 4.249511 2.819586 -3.409550 3.773349
7300 17 -5.088599 3.731436 -3.082177 -3.409550 3.773349
7300 18 -4.780870 4.198316 2.838190 -3.409550 3.773349
7300 19 -4.794441 4.150712 2.863080 -3.409550 3.773349
7300 20 -4.929070 3.991571 3.008761 -3.409550 3.773349
7300 21 -4.972065 4.010190 2.993496 -3.409550 3.773349
7300 22 -4.837926 4.134500 2.887395 -3.409550 3.773349
7300 23 -4.847751 4.074436 2.939773 -3.409550 3.773349
7300 24 -5.054689 3.797697 -3.129345 -3.409550 3.773349
7300 25 -5.039586 4.009021 2.982800 -3.409550 3.773349
7300 26 -5.015830 3.821013 3.061761 -3.409550 3.773349
7300 27 -4.981834 3.923738 3.045381 -3.409550 3.773349
7300 28 -4.992136 4.004644 2.981896 -3.409550 3.773349
7300 29 -4.808474 4.179380 2.860202 -3.409550 3.773349
7300 30 -4.819945 4.045388 2.930624 -3.409550 3.773349
7300 31 -4.980579 3.876385 3.049336 -3.409550 3.773349
7300 32 -4.872704 3.953064 3.011723 -3.409550 3.773349
7300 33 -5.030808 3.800242 -3.123028 -3.409550 3.773349
7300 34 -5.113736 3.806983 -3.138704 -3.409550 3.773349
7300 35 -4.864731 4.017999 2.992557 -3.409550 3.773349
7300 36 -4.954127 4.020072 2.929586 -3.409550 3.773349
7300 37 -4.984453 3.967618 3.004735 -3.409550 3.773349
7300 38 -4.842601 4.028556 2.969659 -3.409550 3.773349
7300 39 -5.080375 3.798334 -3.122264 -3.409550 3.773349
7300 40 -5.036391 3.881183 3.057650 -3.409550 3.773349
7300 41 -4.956414 3.811439 3.109076 -3.409550 3.773349
7300 42 -5.047563 3.913604 3.026514 -3.409550 3.773349
7300 43 -4.797777 4.098948 2.918359 -3.409550 3.773349
7300 44 -5.033663 3.754299 -3.062662 -3.409550 3.773349
7300 45 -4.925358 4.041802 2.942610 -3.409550 3.773349
7300 46 -4.838661 4.216924 2.831083 -3.409550 3.773349
7300 47 -4.860067 4.139178 2.898541 -3.409550 3.773349
7300 48 -4.913543 3.966669 3.032095 -3.409550 3.773349
7300 49 -4.715130 4.238343 2.814962 -3.409550 3.773349
7300 50 -5.079424 3.857844 3.016414 -3.409550 3.773349
7300 51 -4.865438 4.197296 2.853542 -3.409550 3.773349
7300 52 -4.953784 3.857795 3.085489 -3.409550 3.773349
7300 53 -4.717145 4.278762 2.744665 -3.409550 3.773349
7300 54 -4.945870 3.970850 3.030362 -3.409550 3.773349
7300 55 -4.869380 4.058772 2.952617 -3.409550 3.773349
7300 56 -4.918795 4.074337 2.928067 -3.409550 3.773349
7300 57 -4.939963 4.072431 2.911140 -3.409550 3.773349
7300 58 -4.933944 4.016458 2.982918 -3.409550 3.773349
7300 59 -4.983274 4.076669 2.895920 -3.409550 3.773349
7300 60 -5.020045 3.852959 3.065696 -3.409550 3.773349
7300 61 -4.905696 4.097529 2.905979 -3.409550 3.773349
7300 62 -4.899215 3.987836 2.995828 -3.409550 3.773349
7300 63 -4.965561 3.944894 3.021916 -3.409550 3.773349
7300 64 -4.898504 4.060059 2.957061 -3.409550 3.773349
7300 65 -4.810176 4.216961 2.820044 -3.409550 3.773349
7300 66 -4.977215 3.837526 3.058762 -3.409550 3.773349
7300 67 -5.099057 3.897686 3.021781 -3.409550 3.773349
7300 68 -5.047591 3.948182 3.040817 -3.409550 3.773349
7300 69 -4.932514 3.903207 3.102389 -3.409550 3.773349
7300 70 -4.925764 3.868128 3.074767 -3.409550 3.773349
7300 71 -4.911531 3.917360 3.073683 -3.409550 3.773349
7300 72 -4.746262 4.272254 2.768767 -3.409550 3.773349
7300 73 -5.009274 4.062764 2.962031 -3.409550 3.773349
7300 74 -5.020055 3.902775 3.053278 -3.409550 3.773349
7300 75 -4.876334 4.158972 2.850976 -3.409550 3.773349
7300 76 -4.966013 3.981345 2.972130 -3.409550 3.773349
7300 77 -5.067805 3.890426 3.034607 -3.409550 3.773349
7300 78 -4.961648 4.111771 2.932021 -3.409550 3.773349
7300 79 -5.000481 3.770764 -3.109081 -3.409550 3.773349
7300 80 -4.950804 3.922926 3.056614 -3.409550 3.773349
7300 81 -5.106597 3.846431 3.066094 -3.409550 3.773349
7300 82 -4.999868 3.862772 3.046761 -3.409550 3.773349
7300 83 -4.932570 3.947341 3.057903 -3.409550 3.773349
7300 84 -4.991754 3.812184 3.140683 -3.409550 3.773349
7300 85 -5.000026 3.951447 3.052748 -3.409550 3.773349
7300 86 -4.880996 4.090380 2.933098 -3.409550 3.773349
7300 87 -5.064123 3.833485 3.126598 -3.409550 3.773349
7300 88 -4.959800 4.064715 2.966798 -3.409550 3.773349
7300 89 -5.013988 4.024155 2.937317 -3.409550 3.773349
7300 90 -4.996706 3.904401 3.065679 -3.409550 3.773349
7300 91 -5.062083 3.985532 3.016226 -3.409550 3.773349
7300 92 -4.897293 3.939910 3.045162 -3.409550 3.773349
7300 93 -5.063843 3.753753 -3.094132 -3.409550 3.773349
7300 94 -4.838666 4.173181 2.873451 -3.409550 3.773349
7300 95 -4.750339 4.203999 2.830679 -3.409550 3.773349
7300 96 -4.859306 4.105961 2.908782 -3.409550 3.773349
7300 97 -4.914052 4.129769 2.863113 -3.409550 3.773349
7300 98 -5.102438 3.768696 -3.081093 -3.409550 3.773349
7300 99 -4.766614 4.143608 2.872711 -3.409550 3.773349
