10 1.000000 1.000000 0.767206 0.087769 0.095842 0.224615 -1.653683 
20 1.000000 1.000000 0.763959 0.078632 0.151212 0.629864 -1.445371 
30 1.000000 1.000000 0.762895 0.060006 0.198459 1.091242 -1.419059 
40 1.000000 1.000000 0.756349 0.032597 0.236671 1.392870 -1.055602 
50 1.000000 1.000000 0.743293 -0.008219 0.270925 1.449620 -0.622216 
60 1.000000 1.000000 0.730580 -0.067856 0.301278 1.304204 -0.172022 
70 1.000000 1.000000 0.728458 -0.135090 0.321151 1.462424 0.126088 
80 1.000000 1.000000 0.727540 -0.190558 0.325371 1.553572 0.509532 
90 1.000000 1.000000 0.725665 -0.243301 0.318395 1.420763 0.981249 
100 1.000000 1.000000 0.718778 -0.292741 0.298280 1.152830 1.359961 
110 1.000000 1.000000 0.702916 -0.335735 0.264596 0.812569 1.599382 
120 1.000000 1.000000 0.679464 -0.376651 0.213159 0.376598 1.550997 
130 1.000000 1.000000 0.654873 -0.411781 0.137227 -0.074945 1.436305 
140 1.000000 1.000000 0.640175 -0.423531 0.062227 -0.462428 1.644956 
150 1.000000 1.000000 0.631503 -0.416052 0.002622 -0.933580 1.675702 
160 1.000000 1.000000 0.624454 -0.396707 -0.045056 -1.360469 1.524252 
170 1.000000 1.000000 0.615923 -0.365604 -0.085492 -1.702996 1.184974 
180 1.000000 1.000000 0.605657 -0.322895 -0.117609 -1.807138 0.735307 
190 1.000000 1.000000 0.597149 -0.269366 -0.139122 -1.920395 0.267610 
200 1.000000 1.000000 0.592923 -0.219584 -0.145465 -2.113780 -0.165417 
210 1.000000 1.000000 0.590327 -0.174544 -0.140712 -2.022258 -0.636329 
220 1.000000 1.000000 0.586674 -0.132980 -0.126829 -1.873345 -1.054001 
230 1.000000 1.000000 0.579252 -0.094108 -0.103185 -1.513813 -1.310637 
240 1.000000 1.000000 0.565682 -0.057894 -0.066720 -1.086788 -1.502561 
250 1.000000 1.000000 0.546863 -0.024777 -0.011885 -0.624470 -1.422928 
260 1.000000 1.000000 0.531365 -0.000510 0.067712 -0.187844 -1.214738 
270 1.000000 1.000000 0.530834 -0.001067 0.153593 0.277913 -1.232238 
280 1.000000 1.000000 0.533834 -0.020798 0.217182 0.757514 -1.275990 
290 1.000000 1.000000 0.531647 -0.051988 0.265558 1.074281 -0.968951 
300 1.000000 1.000000 0.521605 -0.098649 0.307286 1.262040 -0.540434 
310 1.000000 1.000000 0.505377 -0.166614 0.341764 1.090028 -0.110951 
320 1.000000 1.000000 0.496448 -0.259280 0.363669 1.000245 0.298239 
330 1.000000 1.000000 0.495144 -0.335961 0.360803 1.192877 0.676740 
340 1.000000 1.000000 0.492185 -0.397077 0.341051 0.989196 1.094982 
350 1.000000 1.000000 0.483185 -0.453120 0.302258 0.642339 1.417414 
360 1.000000 1.000000 0.465909 -0.502046 0.240742 0.155407 1.451934 
370 1.000000 1.000000 0.447603 -0.539303 0.152454 -0.106568 1.336428 
380 1.000000 1.000000 0.443460 -0.574295 0.086485 0.312498 1.396615 
390 1.000000 1.000000 0.444780 -0.613441 0.044670 0.715096 1.146514 
400 1.000000 1.000000 0.446525 -0.657556 0.016908 0.927770 0.740413 
410 1.000000 1.000000 0.446722 -0.708056 0.000520 0.985375 0.256966 
420 1.000000 1.000000 0.444544 -0.764197 -0.002860 0.863350 -0.185426 
430 1.000000 1.000000 0.441364 -0.828403 0.008068 0.604650 -0.505587 
440 1.000000 1.000000 0.435511 -0.898159 0.039772 0.238730 -0.784119 
450 1.000000 1.000000 0.423620 -0.964548 0.099341 -0.188927 -0.966312 
460 1.000000 1.000000 0.404390 -1.011868 0.189456 -0.678661 -0.943983 
470 1.000000 1.000000 0.384137 -1.023289 0.300271 -1.145646 -0.817700 
480 1.000000 1.000000 0.371375 -0.989674 0.404782 -1.577435 -0.609449 
490 1.000000 1.000000 0.366504 -0.931988 0.482409 -1.693774 -0.661958 
500 1.000000 1.000000 0.369903 -0.902707 0.544460 -1.401101 -1.027979 
510 1.000000 1.000000 0.374829 -0.892895 0.597848 -0.963348 -1.173899 
520 1.000000 1.000000 0.379346 -0.896917 0.650532 -0.515345 -1.027789 
530 1.000000 1.000000 0.380916 -0.915866 0.704020 -0.122386 -0.752699 
540 1.000000 1.000000 0.375910 -0.953294 0.757345 0.141086 -0.357874 
550 1.000000 1.000000 0.361269 -1.014583 0.808069 0.150515 0.119641 
560 1.000000 1.000000 0.337001 -1.110649 0.850136 -0.076173 0.548396 
570 1.000000 1.000000 0.321447 -1.246011 0.872997 -0.251608 0.879695 
580 1.000000 1.000000 0.326001 -1.351444 0.892695 -0.199899 0.468012 
590 1.000000 1.000000 0.336469 -1.430101 0.938412 -0.429566 0.108940 
600 1.000000 1.000000 0.343963 -1.486712 1.005227 -0.854554 -0.110699 
610 1.000000 1.000000 0.345754 -1.517185 1.085468 -1.304001 -0.253817 
620 1.000000 1.000000 0.343447 -1.519331 1.174586 -1.778649 -0.136244 
630 1.000000 1.000000 0.335980 -1.489862 1.260826 -2.167379 0.116481 
640 1.000000 1.000000 0.318449 -1.432298 1.331790 -2.365259 0.500168 
650 1.000000 1.000000 0.290515 -1.336767 1.392810 -2.266003 0.950856 
660 1.000000 1.000000 0.272722 -1.228920 1.448238 -2.232140 0.726980 
670 1.000000 1.000000 0.270632 -1.169795 1.510187 -1.974851 0.332777 
680 1.000000 1.000000 0.272890 -1.138917 1.575622 -1.582287 0.113406 
690 1.000000 1.000000 0.276721 -1.129234 1.644617 -1.112688 0.139052 
700 1.000000 1.000000 0.280773 -1.141391 1.719328 -0.680167 0.359517 
710 1.000000 1.000000 0.281368 -1.177012 1.789585 -0.349031 0.659930 
720 1.000000 1.000000 0.277438 -1.242520 1.859900 -0.312178 1.126035 
730 1.000000 1.000000 0.267502 -1.347707 1.917125 -0.386129 1.615346 
740 1.000000 1.000000 0.256475 -1.482107 1.929525 -0.510711 2.081064 
750 1.000000 1.000000 0.247297 -1.601214 1.880705 -0.770723 2.442787 
760 1.000000 1.000000 0.235297 -1.690849 1.785955 -1.089966 2.549646 
770 1.000000 1.000000 0.233279 -1.766242 1.713818 -0.693643 2.458798 
780 1.000000 1.000000 0.237072 -1.839083 1.680861 -0.445752 2.059310 
790 1.000000 1.000000 0.241837 -1.908865 1.673586 -0.402893 1.591702 
800 1.000000 1.000000 0.246273 -1.981879 1.688236 -0.658608 1.216612 
810 1.000000 1.000000 0.246443 -2.053166 1.727028 -0.980728 0.908734 
820 1.000000 1.000000 0.239452 -2.123131 1.798460 -1.460106 0.859499 
830 1.000000 1.000000 0.224407 -2.184283 1.916649 -1.894624 1.078002 
840 1.000000 1.000000 0.213974 -2.206700 2.077419 -2.267713 1.256346 
850 1.000000 1.000000 0.214536 -2.175913 2.198867 -2.673493 1.167093 
860 1.000000 1.000000 0.210879 -2.110308 2.282725 -3.010553 1.502310 
870 1.000000 1.000000 0.201312 -2.013210 2.338293 -3.099547 1.967950 
880 1.000000 1.000000 0.197496 -1.934523 2.380410 -3.093309 1.523079 
890 1.000000 1.000000 0.199519 -1.884691 2.433659 -2.741078 1.183924 
900 1.000000 1.000000 0.202614 -1.856898 2.491387 -2.361493 0.929965 
910 1.000000 1.000000 0.205472 -1.846372 2.552696 -1.904858 0.981130 
920 1.000000 1.000000 0.207853 -1.852997 2.622217 -1.517812 1.159608 
930 1.000000 1.000000 0.207566 -1.881490 2.694012 -1.170535 1.470939 
940 1.000000 1.000000 0.202017 -1.936484 2.762212 -1.005211 1.882257 
950 1.000000 1.000000 0.191818 -2.025773 2.830930 -1.168451 2.290885 
960 1.000000 1.000000 0.180157 -2.163869 2.885320 -1.379473 2.695355 
970 1.000000 1.000000 0.183586 -2.315713 2.908325 -1.332777 2.662878 
980 1.000000 1.000000 0.194366 -2.418779 2.962916 -1.558333 2.259379 
990 1.000000 1.000000 0.201657 -2.492071 3.053313 -1.972578 2.124372 
1000 1.000000 1.000000 0.206101 -2.529824 3.173038 -2.438611 2.177390 
1010 1.000000 1.000000 0.208493 -2.513727 3.299968 -2.884062 2.331624 
1020 1.000000 1.000000 0.202631 -2.446937 3.403211 -3.243740 2.637198 
1030 1.000000 1.000000 0.185255 -2.344812 3.467909 -3.250923 3.030800 
1040 1.000000 1.000000 0.170228 -2.225396 3.523551 -3.253387 2.909765 
1050 1.000000 1.000000 0.167872 -2.154897 3.585803 -3.053574 2.520102 
1060 1.000000 1.000000 0.170416 -2.116158 3.651382 -2.694614 2.332537 
1070 1.000000 1.000000 0.175698 -2.098349 3.726616 -2.213987 2.311074 
1080 1.000000 1.000000 0.181706 -2.105499 3.808875 -1.801525 2.514584 
1090 1.000000 1.000000 0.185033 -2.140964 3.890055 -1.451559 2.814163 
1100 1.000000 1.000000 0.183190 -2.211887 3.967533 -1.352576 3.269550 
1110 1.000000 1.000000 0.174945 -2.328411 4.030198 -1.468778 3.741002 
1120 1.000000 1.000000 0.165150 -2.478602 4.045917 -1.634630 4.120567 
1130 1.000000 1.000000 0.161368 -2.623213 3.990570 -1.892460 4.502552 
1140 1.000000 1.000000 0.156479 -2.730333 3.891891 -1.919162 4.489950 
1150 1.000000 1.000000 0.161331 -2.824318 3.847156 -1.551996 4.212393 
1160 1.000000 1.000000 0.168817 -2.908803 3.838707 -1.559326 3.757534 
1170 1.000000 1.000000 0.175955 -2.992777 3.859453 -1.775749 3.357352 
1180 1.000000 1.000000 0.179165 -3.074943 3.910183 -2.175789 3.165475 
1190 1.000000 1.000000 0.175207 -3.151269 4.000796 -2.628247 3.150429 
1200 1.000000 1.000000 0.163197 -3.205205 4.143042 -3.072604 3.336770 
1210 1.000000 1.000000 0.156029 -3.203008 4.322514 -3.280688 3.492611 
1220 1.000000 1.000000 0.165574 -3.219257 4.449468 -2.856366 3.365719 
1230 1.000000 1.000000 0.175515 -3.272560 4.537911 -2.454499 3.624061 
1240 1.000000 1.000000 0.181585 -3.358969 4.603665 -2.373914 4.103514 
1250 1.000000 1.000000 0.183477 -3.473573 4.636199 -2.425513 4.551290 
1260 1.000000 1.000000 0.183599 -3.597844 4.620348 -2.644234 4.943351 
1270 1.000000 1.000000 0.176877 -3.706183 4.554554 -2.948707 5.252587 
1280 1.000000 1.000000 0.159570 -3.791623 4.439130 -3.400450 5.197682 
1290 1.000000 1.000000 0.146759 -3.867475 4.306456 -3.197831 5.101944 
1300 1.000000 1.000000 0.147982 -3.951520 4.239233 -2.855285 4.830883 
1310 1.000000 1.000000 0.153525 -4.036507 4.211039 -2.733034 4.423793 
1320 1.000000 1.000000 0.160365 -4.122321 4.213752 -2.808597 3.952254 
1330 1.000000 1.000000 0.164852 -4.206952 4.247393 -3.133475 3.623462 
1340 1.000000 1.000000 0.165174 -4.293552 4.319581 -3.598297 3.505539 
1350 1.000000 1.000000 0.157448 -4.358652 4.436156 -4.040616 3.577680 
1360 1.000000 1.000000 0.150375 -4.389871 4.602700 -4.415519 3.868893 
1370 1.000000 1.000000 0.150822 -4.345581 4.756824 -4.839813 3.940681 
1380 1.000000 1.000000 0.146094 -4.254138 4.855900 -5.027980 4.108588 
1390 1.000000 1.000000 0.148358 -4.197355 4.941105 -4.717150 3.754611 
1400 1.000000 1.000000 0.155721 -4.178824 5.025160 -4.260831 3.698467 
1410 1.000000 1.000000 0.163888 -4.189870 5.111029 -3.793750 3.818341 
1420 1.000000 1.000000 0.167984 -4.231399 5.190825 -3.451480 4.166181 
1430 1.000000 1.000000 0.165287 -4.306863 5.261704 -3.384057 4.626872 
1440 1.000000 1.000000 0.155489 -4.426394 5.317555 -3.526124 5.069748 
1450 1.000000 1.000000 0.148684 -4.591249 5.346888 -3.802844 5.391426 
1460 1.000000 1.000000 0.148645 -4.740015 5.297245 -3.921554 5.832665 
1470 1.000000 1.000000 0.144904 -4.838344 5.207659 -4.037289 5.911952 
1480 1.000000 1.000000 0.148347 -4.927846 5.153413 -3.788115 5.614323 
1490 1.000000 1.000000 0.156757 -5.019749 5.136909 -3.708608 5.139757 
1500 1.000000 1.000000 0.164514 -5.106952 5.153415 -3.867216 4.702728 
1510 1.000000 1.000000 0.168430 -5.192175 5.202874 -4.289440 4.499080 
1520 1.000000 1.000000 0.166410 -5.274498 5.295957 -4.766130 4.476714 
1530 1.000000 1.000000 0.157676 -5.330241 5.438808 -5.153401 4.670087 
1540 1.000000 1.000000 0.152461 -5.320689 5.610161 -5.604184 4.813184 
1550 1.000000 1.000000 0.146585 -5.235857 5.734284 -5.876090 5.021192 
1560 1.000000 1.000000 0.148788 -5.179916 5.835549 -5.556008 4.680858 
1570 1.000000 1.000000 0.156884 -5.169694 5.926556 -5.096145 4.589987 
1580 1.000000 1.000000 0.165721 -5.192001 6.017425 -4.703706 4.878597 
1590 1.000000 1.000000 0.170019 -5.249345 6.101700 -4.437586 5.251253 
1600 1.000000 1.000000 0.167424 -5.343986 6.172458 -4.405783 5.704258 
1610 1.000000 1.000000 0.161965 -5.478172 6.224874 -4.638839 6.024652 
1620 1.000000 1.000000 0.162556 -5.644438 6.229274 -4.844457 6.433349 
1630 1.000000 1.000000 0.159162 -5.769698 6.159042 -5.079623 6.800258 
1640 1.000000 1.000000 0.146903 -5.854069 6.038221 -5.438365 6.842766 
1650 1.000000 1.000000 0.143321 -5.930504 5.944289 -5.026297 6.744162 
1660 1.000000 1.000000 0.147556 -6.011780 5.898224 -4.764686 6.339955 
1670 1.000000 1.000000 0.154604 -6.097258 5.885787 -4.760720 5.854532 
1680 1.000000 1.000000 0.160035 -6.177456 5.903170 -4.894534 5.406083 
1690 1.000000 1.000000 0.162030 -6.257963 5.950641 -5.310369 5.189048 
1700 1.000000 1.000000 0.158778 -6.336270 6.038051 -5.789897 5.196452 
1710 1.000000 1.000000 0.150778 -6.395587 6.174676 -6.191563 5.376284 
1720 1.000000 1.000000 0.148766 -6.396764 6.347884 -6.629107 5.530511 
1730 1.000000 1.000000 0.145767 -6.319493 6.471360 -6.994638 5.819036 
1740 1.000000 1.000000 0.145549 -6.243608 6.568875 -6.767332 5.519871 
1750 1.000000 1.000000 0.152629 -6.219857 6.658812 -6.343195 5.298497 
1760 1.000000 1.000000 0.160417 -6.226648 6.742268 -5.917255 5.440009 
1770 1.000000 1.000000 0.165758 -6.263417 6.824077 -5.570255 5.766551 
1780 1.000000 1.000000 0.166000 -6.337616 6.904708 -5.495692 6.242075 
1790 1.000000 1.000000 0.159105 -6.460476 6.971772 -5.608010 6.708282 
1800 1.000000 1.000000 0.151226 -6.633253 6.991769 -5.909720 7.063296 
1810 1.000000 1.000000 0.149893 -6.781075 6.932053 -6.024384 7.498503 
1820 1.000000 1.000000 0.144985 -6.875398 6.837652 -6.026803 7.592776 
1830 1.000000 1.000000 0.148177 -6.959935 6.788049 -5.703677 7.285438 
1840 1.000000 1.000000 0.154956 -7.041419 6.771493 -5.669635 6.841936 
1850 1.000000 1.000000 0.162574 -7.126211 6.783379 -5.868078 6.399146 
1860 1.000000 1.000000 0.167415 -7.211118 6.825406 -6.207474 6.104533 
1870 1.000000 1.000000 0.165873 -7.285472 6.901566 -6.647945 5.997358 
1880 1.000000 1.000000 0.157916 -7.344073 7.023059 -7.089478 6.160844 
1890 1.000000 1.000000 0.151959 -7.359625 7.192058 -7.484440 6.393140 
1900 1.000000 1.000000 0.150013 -7.297870 7.331941 -7.888447 6.560704 
1910 1.000000 1.000000 0.145516 -7.209043 7.427899 -7.847201 6.537950 
1920 1.000000 1.000000 0.149385 -7.165743 7.514392 -7.561659 6.246359 
1930 1.000000 1.000000 0.157084 -7.155621 7.599699 -7.103899 6.236322 
1940 1.000000 1.000000 0.164143 -7.174049 7.682005 -6.678281 6.430876 
1950 1.000000 1.000000 0.167299 -7.223413 7.761287 -6.419815 6.834050 
1960 1.000000 1.000000 0.164858 -7.311073 7.836795 -6.426089 7.301909 
1970 1.000000 1.000000 0.156965 -7.445374 7.894054 -6.597457 7.701581 
1980 1.000000 1.000000 0.152017 -7.615418 7.895097 -6.873473 8.088644 
1990 1.000000 1.000000 0.148834 -7.745757 7.820900 -7.017167 8.482966 
2000 1.000000 1.000000 0.145276 -7.837851 7.731852 -6.926499 8.499745 
2010 1.000000 1.000000 0.149548 -7.922932 7.687108 -6.661570 8.088406 
2020 1.000000 1.000000 0.156882 -8.004852 7.677115 -6.591416 7.624798 
2030 1.000000 1.000000 0.163928 -8.088096 7.695197 -6.858197 7.225886 
2040 1.000000 1.000000 0.168345 -8.176682 7.746394 -7.298571 7.076715 
2050 1.000000 1.000000 0.166608 -8.259668 7.839864 -7.744979 7.028287 
2060 1.000000 1.000000 0.158158 -8.314039 7.980757 -8.155723 7.184089 
2070 1.000000 1.000000 0.153678 -8.302595 8.150999 -8.580843 7.351881 
2080 1.000000 1.000000 0.148348 -8.218618 8.271366 -8.908798 7.648699 
2090 1.000000 1.000000 0.148098 -8.151476 8.365888 -8.683296 7.245640 
2100 1.000000 1.000000 0.154628 -8.128394 8.453858 -8.283491 7.079910 
2110 1.000000 1.000000 0.162301 -8.134055 8.536508 -7.845223 7.226155 
2120 1.000000 1.000000 0.169112 -8.169456 8.624021 -7.516711 7.549265 
2130 1.000000 1.000000 0.170343 -8.240843 8.705352 -7.418618 8.012688 
2140 1.000000 1.000000 0.164493 -8.357849 8.772294 -7.501366 8.469408 
2150 1.000000 1.000000 0.156010 -8.522023 8.793522 -7.792416 8.837227 
2160 1.000000 1.000000 0.154034 -8.675545 8.734571 -7.980310 9.258462 
2170 1.000000 1.000000 0.147967 -8.772435 8.638056 -7.932547 9.390883 
2180 1.000000 1.000000 0.151072 -8.859811 8.587890 -7.649924 9.026990 
2190 1.000000 1.000000 0.158444 -8.943798 8.574938 -7.562800 8.565643 
2200 1.000000 1.000000 0.165572 -9.024172 8.589129 -7.729185 8.156719 
2210 1.000000 1.000000 0.170141 -9.106582 8.632346 -8.124835 7.909724 
2220 1.000000 1.000000 0.168208 -9.179017 8.710336 -8.557206 7.744824 
2230 1.000000 1.000000 0.160208 -9.233809 8.828174 -8.974664 7.937739 
2240 1.000000 1.000000 0.154479 -9.249518 8.993867 -9.356562 8.237633 
2250 1.000000 1.000000 0.152471 -9.186137 9.133875 -9.796238 8.409721 
2260 1.000000 1.000000 0.146174 -9.085823 9.227488 -9.824221 8.408757 
2270 1.000000 1.000000 0.148415 -9.035709 9.309077 -9.552958 8.033231 
2280 1.000000 1.000000 0.154219 -9.019518 9.386748 -9.094224 7.947147 
2290 1.000000 1.000000 0.160179 -9.027933 9.461353 -8.667021 8.070972 
2300 1.000000 1.000000 0.164866 -9.062055 9.540982 -8.417692 8.458149 
