10 1.000000 1.000000 0.781200 0.106455 -0.028345 0.247502 -1.582319 
20 1.000000 1.000000 0.776415 0.102163 0.007905 0.711468 -1.520397 
30 1.000000 1.000000 0.768834 0.087935 0.045014 1.060688 -1.174649 
40 1.000000 1.000000 0.755327 0.058284 0.079225 1.320195 -0.772543 
50 1.000000 1.000000 0.739778 0.010737 0.107512 1.173777 -0.338422 
60 1.000000 1.000000 0.734071 -0.045591 0.125323 1.240366 -0.042711 
70 1.000000 1.000000 0.733203 -0.089927 0.130169 1.378501 0.347878 
80 1.000000 1.000000 0.731918 -0.126614 0.125932 1.406589 0.805615 
90 1.000000 1.000000 0.725614 -0.156577 0.114343 1.218547 1.183896 
100 1.000000 1.000000 0.709723 -0.184836 0.092658 0.870281 1.442855 
110 1.000000 1.000000 0.681482 -0.209677 0.055749 0.424622 1.393639 
120 1.000000 1.000000 0.656790 -0.235319 0.000768 0.250559 1.238701 
130 1.000000 1.000000 0.644067 -0.246376 -0.047815 -0.182477 1.402413 
140 1.000000 1.000000 0.635088 -0.243617 -0.088469 -0.624083 1.458896 
150 1.000000 1.000000 0.628121 -0.231646 -0.122429 -1.073332 1.282525 
160 1.000000 1.000000 0.620220 -0.209778 -0.152000 -1.363969 0.936947 
170 1.000000 1.000000 0.610440 -0.178048 -0.175629 -1.593882 0.520069 
180 1.000000 1.000000 0.599597 -0.139687 -0.189411 -1.613803 0.040169 
190 1.000000 1.000000 0.589587 -0.095176 -0.192508 -1.562771 -0.416016 
200 1.000000 1.000000 0.582652 -0.053839 -0.183234 -1.449192 -0.854341 
210 1.000000 1.000000 0.573692 -0.018366 -0.161968 -1.128475 -1.204355 
220 1.000000 1.000000 0.558358 0.012801 -0.126012 -0.706847 -1.323067 
230 1.000000 1.000000 0.541398 0.036569 -0.071218 -0.269867 -1.224507 
240 1.000000 1.000000 0.534306 0.041943 -0.007913 0.210017 -1.249458 
250 1.000000 1.000000 0.531022 0.028103 0.045280 0.662107 -1.113596 
260 1.000000 1.000000 0.523422 -0.004268 0.093759 0.905215 -0.736945 
270 1.000000 1.000000 0.510374 -0.061342 0.134258 0.894345 -0.313365 
280 1.000000 1.000000 0.503037 -0.135446 0.155647 1.000783 0.138667 
290 1.000000 1.000000 0.497752 -0.197292 0.150501 0.997950 0.597726 
300 1.000000 1.000000 0.488788 -0.250232 0.124419 0.733224 0.985204 
310 1.000000 1.000000 0.470660 -0.292312 0.077307 0.301987 1.092770 
320 1.000000 1.000000 0.451930 -0.321528 0.007754 -0.008593 1.133053 
330 1.000000 1.000000 0.446965 -0.344998 -0.042256 0.414682 1.076254 
340 1.000000 1.000000 0.446520 -0.376357 -0.074512 0.794723 0.777365 
350 1.000000 1.000000 0.445664 -0.415339 -0.094895 0.941085 0.325500 
360 1.000000 1.000000 0.443423 -0.463001 -0.103712 0.845244 -0.096038 
370 1.000000 1.000000 0.440018 -0.521165 -0.097793 0.630299 -0.510868 
380 1.000000 1.000000 0.432476 -0.585219 -0.066431 0.244165 -0.745397 
390 1.000000 1.000000 0.416672 -0.641758 -0.001520 -0.192011 -0.851682 
400 1.000000 1.000000 0.399500 -0.670250 0.091994 -0.659937 -0.842851 
410 1.000000 1.000000 0.384570 -0.654822 0.180457 -1.117024 -0.749490 
420 1.000000 1.000000 0.373262 -0.605933 0.244871 -1.422704 -0.431453 
430 1.000000 1.000000 0.367224 -0.551813 0.287259 -1.439527 -0.601675 
440 1.000000 1.000000 0.368353 -0.522924 0.330167 -1.084409 -0.881458 
450 1.000000 1.000000 0.370956 -0.510264 0.375208 -0.656802 -1.038984 
460 1.000000 1.000000 0.372769 -0.511257 0.424517 -0.274807 -0.846143 
470 1.000000 1.000000 0.370682 -0.529560 0.478987 0.122838 -0.574021 
480 1.000000 1.000000 0.358801 -0.574053 0.535585 0.280634 -0.148243 
490 1.000000 1.000000 0.336706 -0.656557 0.590835 0.169452 0.296068 
500 1.000000 1.000000 0.314061 -0.772255 0.608806 0.032011 0.713043 
510 1.000000 1.000000 0.305074 -0.865808 0.573841 -0.039387 1.161884 
520 1.000000 1.000000 0.299088 -0.919104 0.517057 -0.261542 1.442731 
530 1.000000 1.000000 0.298576 -0.961842 0.477525 0.132945 1.180072 
540 1.000000 1.000000 0.301064 -1.010051 0.457203 0.308302 0.753228 
550 1.000000 1.000000 0.303342 -1.062012 0.453584 0.200168 0.310651 
560 1.000000 1.000000 0.304735 -1.120397 0.466042 0.025244 -0.017620 
570 1.000000 1.000000 0.299907 -1.179170 0.501482 -0.376609 -0.178089 
580 1.000000 1.000000 0.285365 -1.240862 0.576598 -0.858643 -0.208474 
590 1.000000 1.000000 0.264509 -1.266872 0.695273 -1.298146 -0.058620 
600 1.000000 1.000000 0.256878 -1.236503 0.798536 -1.758711 -0.037338 
610 1.000000 1.000000 0.248590 -1.175546 0.858085 -2.049596 0.325440 
620 1.000000 1.000000 0.244591 -1.113601 0.901918 -1.947459 0.057991 
630 1.000000 1.000000 0.246327 -1.081284 0.951726 -1.562471 -0.217992 
640 1.000000 1.000000 0.248641 -1.069696 1.009567 -1.076113 -0.209223 
650 1.000000 1.000000 0.248644 -1.080350 1.072329 -0.698580 -0.002203 
660 1.000000 1.000000 0.243046 -1.119140 1.139424 -0.427781 0.371687 
670 1.000000 1.000000 0.227812 -1.202451 1.205718 -0.517341 0.825380 
680 1.000000 1.000000 0.215747 -1.339786 1.248088 -0.646657 1.264571 
690 1.000000 1.000000 0.213746 -1.446761 1.220105 -0.625449 1.689996 
700 1.000000 1.000000 0.206690 -1.513990 1.154224 -1.011453 1.951102 
710 1.000000 1.000000 0.199991 -1.553990 1.079798 -0.893553 2.026961 
720 1.000000 1.000000 0.200691 -1.596467 1.039880 -0.503810 1.754046 
730 1.000000 1.000000 0.203166 -1.645861 1.019504 -0.406260 1.305332 
740 1.000000 1.000000 0.205857 -1.706994 1.016893 -0.533268 0.837014 
750 1.000000 1.000000 0.205083 -1.772021 1.040449 -0.820106 0.466379 
760 1.000000 1.000000 0.196686 -1.838411 1.099220 -1.277098 0.401822 
770 1.000000 1.000000 0.180596 -1.896508 1.215625 -1.718292 0.581388 
780 1.000000 1.000000 0.177682 -1.902900 1.354597 -1.849813 0.532242 
790 1.000000 1.000000 0.186362 -1.934418 1.444953 -1.401487 0.603309 
800 1.000000 1.000000 0.191042 -2.003216 1.510899 -1.229292 1.045068 
810 1.000000 1.000000 0.191063 -2.107802 1.546809 -1.280076 1.473035 
820 1.000000 1.000000 0.189484 -2.223476 1.527087 -1.464748 1.913198 
830 1.000000 1.000000 0.175931 -2.307062 1.450130 -1.867406 2.126240 
840 1.000000 1.000000 0.159520 -2.365727 1.338011 -1.869314 2.105143 
850 1.000000 1.000000 0.158563 -2.427495 1.280499 -1.532562 1.819627 
860 1.000000 1.000000 0.162225 -2.492621 1.256813 -1.343964 1.440429 
870 1.000000 1.000000 0.166619 -2.558527 1.260160 -1.439099 0.987689 
880 1.000000 1.000000 0.168577 -2.630099 1.294336 -1.836890 0.742243 
890 1.000000 1.000000 0.164933 -2.699225 1.370270 -2.277607 0.672238 
900 1.000000 1.000000 0.155280 -2.735210 1.501178 -2.753744 0.796556 
910 1.000000 1.000000 0.147378 -2.691645 1.625168 -3.150217 0.999962 
920 1.000000 1.000000 0.142728 -2.612646 1.716310 -3.122603 0.916214 
930 1.000000 1.000000 0.147378 -2.586285 1.791437 -2.742310 0.681206 
940 1.000000 1.000000 0.153205 -2.592183 1.861552 -2.294997 0.797143 
950 1.000000 1.000000 0.155932 -2.628317 1.931437 -1.978480 1.116131 
960 1.000000 1.000000 0.151541 -2.706609 1.999530 -2.044273 1.585187 
970 1.000000 1.000000 0.141270 -2.845006 2.046116 -2.220862 1.981747 
980 1.000000 1.000000 0.139160 -2.988382 2.013215 -2.318253 2.420155 
990 1.000000 1.000000 0.133881 -3.067783 1.932929 -2.425703 2.597100 
1000 1.000000 1.000000 0.136422 -3.138044 1.889534 -2.128898 2.246006 
1010 1.000000 1.000000 0.142798 -3.209533 1.881182 -2.072274 1.795287 
1020 1.000000 1.000000 0.147793 -3.280271 1.903115 -2.349089 1.423137 
1030 1.000000 1.000000 0.147590 -3.352751 1.964594 -2.814175 1.294592 
1040 1.000000 1.000000 0.140253 -3.410651 2.086730 -3.268593 1.447343 
1050 1.000000 1.000000 0.136449 -3.390505 2.238618 -3.729301 1.607244 
1060 1.000000 1.000000 0.129375 -3.297479 2.334154 -3.905599 1.742480 
1070 1.000000 1.000000 0.132166 -3.250758 2.413695 -3.552746 1.440656 
1080 1.000000 1.000000 0.138964 -3.244576 2.491429 -3.107279 1.363857 
1090 1.000000 1.000000 0.143937 -3.270695 2.566305 -2.765761 1.698852 
1100 1.000000 1.000000 0.142459 -3.338993 2.639399 -2.671954 2.139240 
1110 1.000000 1.000000 0.133344 -3.456391 2.690490 -2.792359 2.544285 
1120 1.000000 1.000000 0.130279 -3.607652 2.682505 -2.890451 2.921795 
1130 1.000000 1.000000 0.128143 -3.699987 2.620623 -3.098451 3.288829 
1140 1.000000 1.000000 0.126365 -3.765051 2.555050 -2.893513 3.168579 
1150 1.000000 1.000000 0.131131 -3.830255 2.528376 -2.710405 2.759633 
1160 1.000000 1.000000 0.137558 -3.898357 2.529686 -2.821729 2.309046 
1170 1.000000 1.000000 0.142503 -3.976804 2.563483 -3.170958 2.007628 
1180 1.000000 1.000000 0.139447 -4.048316 2.642862 -3.645827 1.939516 
1190 1.000000 1.000000 0.132251 -4.099007 2.782142 -4.008284 2.134205 
1200 1.000000 1.000000 0.133300 -4.075233 2.928947 -4.439252 2.259767 
1210 1.000000 1.000000 0.126889 -3.989234 3.016749 -4.627804 2.617826 
1220 1.000000 1.000000 0.124785 -3.908730 3.086668 -4.499687 2.278033 
1230 1.000000 1.000000 0.131088 -3.877820 3.165788 -4.040959 2.173034 
1240 1.000000 1.000000 0.138553 -3.882972 3.247848 -3.631488 2.295194 
1250 1.000000 1.000000 0.141575 -3.931012 3.332536 -3.356730 2.684883 
1260 1.000000 1.000000 0.134682 -4.037848 3.406669 -3.429828 3.140697 
1270 1.000000 1.000000 0.127027 -4.200844 3.426399 -3.617744 3.543636 
1280 1.000000 1.000000 0.131625 -4.319065 3.402975 -3.379383 3.386326 
1290 1.000000 1.000000 0.141033 -4.405409 3.429237 -3.567536 2.976818 
1300 1.000000 1.000000 0.145886 -4.478199 3.497849 -3.987577 2.781711 
1310 1.000000 1.000000 0.144252 -4.521568 3.616020 -4.454233 2.898559 
1320 1.000000 1.000000 0.142904 -4.493946 3.754849 -4.869316 3.099811 
1330 1.000000 1.000000 0.131503 -4.400073 3.843094 -5.016583 3.453308 
1340 1.000000 1.000000 0.124668 -4.300669 3.913306 -4.917698 3.243161 
1350 1.000000 1.000000 0.128893 -4.259843 3.990788 -4.538187 2.960685 
1360 1.000000 1.000000 0.135413 -4.258236 4.069222 -4.063154 3.021320 
1370 1.000000 1.000000 0.139846 -4.293300 4.149678 -3.799169 3.392130 
1380 1.000000 1.000000 0.138559 -4.372377 4.226418 -3.707658 3.798871 
1390 1.000000 1.000000 0.132971 -4.512190 4.278255 -3.898671 4.212968 
1400 1.000000 1.000000 0.131203 -4.653190 4.242995 -3.997656 4.655508 
1410 1.000000 1.000000 0.124634 -4.742083 4.151408 -4.152443 4.758066 
1420 1.000000 1.000000 0.127153 -4.815507 4.104115 -3.816701 4.482123 
1430 1.000000 1.000000 0.133432 -4.884659 4.094106 -3.713365 4.029917 
1440 1.000000 1.000000 0.139644 -4.957369 4.112992 -4.018513 3.688101 
1450 1.000000 1.000000 0.140544 -5.027626 4.166560 -4.402214 3.475969 
1460 1.000000 1.000000 0.134399 -5.092062 4.270118 -4.841330 3.615006 
1470 1.000000 1.000000 0.129110 -5.116015 4.420345 -5.189049 3.790801 
1480 1.000000 1.000000 0.127897 -5.054996 4.546516 -5.567723 3.998409 
1490 1.000000 1.000000 0.123928 -4.968608 4.622612 -5.597655 3.871397 
1500 1.000000 1.000000 0.128627 -4.933632 4.694691 -5.212701 3.608842 
1510 1.000000 1.000000 0.135210 -4.931949 4.766426 -4.753852 3.696925 
1520 1.000000 1.000000 0.139740 -4.959971 4.838391 -4.426798 3.963696 
1530 1.000000 1.000000 0.138656 -5.026985 4.909658 -4.328323 4.404213 
1540 1.000000 1.000000 0.131910 -5.150982 4.968553 -4.559733 4.779386 
1550 1.000000 1.000000 0.132132 -5.304557 4.968830 -4.624485 5.219406 
1560 1.000000 1.000000 0.127219 -5.409550 4.886661 -4.965790 5.524877 
1570 1.000000 1.000000 0.123730 -5.478537 4.807743 -4.674875 5.401710 
1580 1.000000 1.000000 0.128442 -5.547413 4.777954 -4.414925 5.019515 
1590 1.000000 1.000000 0.134480 -5.613236 4.778151 -4.511714 4.584698 
1600 1.000000 1.000000 0.139191 -5.689726 4.809943 -4.858178 4.248842 
1610 1.000000 1.000000 0.136617 -5.761397 4.885809 -5.317093 4.233033 
1620 1.000000 1.000000 0.127342 -5.808676 5.026092 -5.762881 4.425896 
1630 1.000000 1.000000 0.128034 -5.778384 5.177620 -6.167612 4.531553 
1640 1.000000 1.000000 0.123934 -5.691178 5.263738 -6.337318 4.632184 
1650 1.000000 1.000000 0.127673 -5.645513 5.338217 -5.992025 4.325400 
1660 1.000000 1.000000 0.134535 -5.638680 5.411593 -5.523820 4.327739 
1670 1.000000 1.000000 0.140353 -5.664074 5.489191 -5.229833 4.624356 
1680 1.000000 1.000000 0.141185 -5.730460 5.569204 -5.103087 5.047931 
1690 1.000000 1.000000 0.132507 -5.856489 5.626971 -5.234050 5.502418 
1700 1.000000 1.000000 0.128608 -6.013823 5.609849 -5.352526 5.913703 
1710 1.000000 1.000000 0.124274 -6.107353 5.530891 -5.432877 6.121360 
1720 1.000000 1.000000 0.127582 -6.183372 5.491699 -5.134773 5.787799 
1730 1.000000 1.000000 0.134644 -6.257387 5.487966 -5.173260 5.330770 
1740 1.000000 1.000000 0.139924 -6.330400 5.516660 -5.477492 5.000114 
1750 1.000000 1.000000 0.139244 -6.401899 5.587283 -5.926508 4.871074 
1760 1.000000 1.000000 0.130194 -6.445735 5.712585 -6.381253 5.040653 
1770 1.000000 1.000000 0.127994 -6.421304 5.863341 -6.752313 5.237765 
1780 1.000000 1.000000 0.123917 -6.334364 5.957527 -6.905859 5.336511 
1790 1.000000 1.000000 0.128142 -6.291852 6.036307 -6.582769 5.023992 
1800 1.000000 1.000000 0.136354 -6.289275 6.118337 -6.134872 5.147940 
1810 1.000000 1.000000 0.143082 -6.326780 6.206613 -5.798005 5.468328 
1820 1.000000 1.000000 0.139984 -6.416421 6.282155 -5.782377 5.929033 
1830 1.000000 1.000000 0.132478 -6.569057 6.323697 -5.977871 6.348335 
1840 1.000000 1.000000 0.128318 -6.700314 6.267504 -6.108428 6.794518 
1850 1.000000 1.000000 0.126082 -6.783418 6.200948 -5.897169 6.650372 
1860 1.000000 1.000000 0.132528 -6.863529 6.183335 -5.811613 6.191332 
1870 1.000000 1.000000 0.140436 -6.944651 6.201770 -6.038303 5.792406 
1880 1.000000 1.000000 0.144468 -7.028983 6.263648 -6.483228 5.678620 
1890 1.000000 1.000000 0.138628 -7.090338 6.384178 -6.943846 5.721751 
1900 1.000000 1.000000 0.134195 -7.076510 6.543158 -7.344235 5.931504 
1910 1.000000 1.000000 0.127385 -6.983273 6.645502 -7.604861 6.185834 
1920 1.000000 1.000000 0.126702 -6.907941 6.722756 -7.453214 5.857401 
1930 1.000000 1.000000 0.132200 -6.883446 6.794254 -7.047410 5.690897 
1940 1.000000 1.000000 0.138507 -6.889142 6.867622 -6.599956 5.816268 
1950 1.000000 1.000000 0.142390 -6.926996 6.945233 -6.367834 6.166432 
1960 1.000000 1.000000 0.139003 -7.010475 7.017987 -6.339802 6.638933 
1970 1.000000 1.000000 0.131304 -7.159373 7.062140 -6.568982 7.049431 
1980 1.000000 1.000000 0.129474 -7.295877 7.013056 -6.710316 7.478273 
1990 1.000000 1.000000 0.125469 -7.376278 6.932441 -6.585254 7.519913 
2000 1.000000 1.000000 0.129939 -7.449406 6.901675 -6.375066 7.120003 
2010 1.000000 1.000000 0.137345 -7.525635 6.903892 -6.494630 6.663455 
2020 1.000000 1.000000 0.142149 -7.605330 6.942989 -6.867260 6.367203 
2030 1.000000 1.000000 0.138016 -7.677009 7.034411 -7.347508 6.375525 
2040 1.000000 1.000000 0.132207 -7.714328 7.193928 -7.758808 6.607938 
2050 1.000000 1.000000 0.130994 -7.655938 7.325824 -8.172535 6.761307 
2060 1.000000 1.000000 0.125125 -7.560083 7.402199 -8.215262 6.743688 
2070 1.000000 1.000000 0.128285 -7.514181 7.471833 -7.895243 6.489373 
2080 1.000000 1.000000 0.134793 -7.503731 7.545173 -7.464905 6.457733 
2090 1.000000 1.000000 0.140298 -7.524887 7.622126 -7.077504 6.721652 
2100 1.000000 1.000000 0.140025 -7.585816 7.697594 -6.899669 7.134261 
2110 1.000000 1.000000 0.131695 -7.695457 7.755391 -7.015945 7.555478 
2120 1.000000 1.000000 0.128152 -7.853475 7.761614 -7.206680 7.953701 
2130 1.000000 1.000000 0.125125 -7.956409 7.688953 -7.450999 8.317143 
2140 1.000000 1.000000 0.125082 -8.025779 7.631721 -7.110248 8.156089 
2150 1.000000 1.000000 0.130716 -8.096491 7.610738 -6.986049 7.711871 
2160 1.000000 1.000000 0.138178 -8.173962 7.621479 -7.198106 7.280512 
2170 1.000000 1.000000 0.140831 -8.251617 7.671642 -7.589294 6.983161 
2180 1.000000 1.000000 0.133184 -8.310333 7.770049 -8.065743 7.058716 
2190 1.000000 1.000000 0.126612 -8.328576 7.929538 -8.420925 7.340948 
2200 1.000000 1.000000 0.125991 -8.263832 8.049680 -8.812664 7.525415 
2210 1.000000 1.000000 0.124521 -8.188414 8.124543 -8.749852 7.319471 
2220 1.000000 1.000000 0.129368 -8.158217 8.191785 -8.425183 7.110559 
2230 1.000000 1.000000 0.136527 -8.157180 8.266568 -7.977927 7.235749 
2240 1.000000 1.000000 0.142158 -8.191229 8.350068 -7.637657 7.540442 
2250 1.000000 1.000000 0.138564 -8.270320 8.421532 -7.587906 8.014746 
2260 1.000000 1.000000 0.127058 -8.411164 8.461311 -7.806137 8.418228 
2270 1.000000 1.000000 0.126650 -8.555004 8.428290 -7.855795 8.820253 
2280 1.000000 1.000000 0.125005 -8.638232 8.360985 -7.823112 8.932959 
2290 1.000000 1.000000 0.129528 -8.708019 8.333700 -7.592294 8.523890 
2300 1.000000 1.000000 0.135999 -8.775988 8.338002 -7.653976 8.036323 
2310 1.000000 1.000000 0.141151 -8.849398 8.370860 -7.966301 7.785481 
2320 1.000000 1.000000 0.140104 -8.908968 8.429740 -8.344842 7.639418 
2330 1.000000 1.000000 0.131456 -8.952650 8.533980 -8.807498 7.767645 
2340 1.000000 1.000000 0.127515 -8.949256 8.689434 -9.135992 8.067387 
2350 1.000000 1.000000 0.125185 -8.873049 8.795461 -9.479551 8.308387 
2360 1.000000 1.000000 0.124277 -8.804798 8.864972 -9.354784 7.977091 
2370 1.000000 1.000000 0.130495 -8.780342 8.939739 -8.899979 7.837644 
2380 1.000000 1.000000 0.136716 -8.789212 9.011878 -8.452039 7.971598 
2390 1.000000 1.000000 0.139391 -8.833477 9.087793 -8.210212 8.385652 
2400 1.000000 1.000000 0.134138 -8.928622 9.157389 -8.219383 8.865931 
2410 1.000000 1.000000 0.127597 -9.081696 9.188031 -8.424827 9.226308 
2420 1.000000 1.000000 0.127063 -9.205684 9.137318 -8.571356 9.646301 
2430 1.000000 1.000000 0.123548 -9.280966 9.061381 -8.475382 9.701140 
2440 1.000000 1.000000 0.127495 -9.347298 9.030790 -8.181351 9.314087 
2450 1.000000 1.000000 0.133596 -9.412647 9.029118 -8.291369 8.857985 
2460 1.000000 1.000000 0.137932 -9.478584 9.054476 -8.539887 8.502951 
