10 1.000000 0.400000 0.811340 0.047149 0.067108 0.034251 -1.809566 
20 1.000000 0.400000 0.807408 0.047091 0.094662 0.136269 -1.644874 
30 1.000000 0.400000 0.806947 0.045585 0.124132 0.312700 -1.565456 
40 1.000000 0.400000 0.808726 0.042132 0.152553 0.506580 -1.530513 
50 1.000000 0.400000 0.811187 0.036814 0.178966 0.692199 -1.479011 
60 1.000000 0.400000 0.813479 0.029684 0.203650 0.871766 -1.435533 
70 1.000000 0.400000 0.815048 0.020714 0.227061 1.037227 -1.331099 
80 1.000000 0.400000 0.815299 0.009684 0.249433 1.196896 -1.222275 
90 1.000000 0.400000 0.813779 -0.003547 0.270742 1.313783 -1.062785 
100 1.000000 0.400000 0.810421 -0.019241 0.291258 1.395985 -0.903853 
110 1.000000 0.400000 0.805543 -0.037997 0.311866 1.429966 -0.727886 
120 1.000000 0.400000 0.799654 -0.060391 0.333187 1.423575 -0.544256 
130 1.000000 0.400000 0.792798 -0.087171 0.354790 1.397122 -0.355792 
140 1.000000 0.400000 0.785225 -0.118250 0.375583 1.378878 -0.164807 
150 1.000000 0.400000 0.777356 -0.153845 0.394581 1.355233 0.030111 
160 1.000000 0.400000 0.769684 -0.192380 0.409970 1.335588 0.208607 
170 1.000000 0.400000 0.763230 -0.233873 0.421952 1.254554 0.388082 
180 1.000000 0.400000 0.758661 -0.278284 0.429973 1.199073 0.567405 
190 1.000000 0.400000 0.756039 -0.322519 0.433054 1.157994 0.742750 
200 1.000000 0.400000 0.754532 -0.363227 0.431245 1.142455 0.929425 
210 1.000000 0.400000 0.753315 -0.400080 0.425496 1.094355 1.095958 
220 1.000000 0.400000 0.751283 -0.433831 0.416055 1.042826 1.280231 
230 1.000000 0.400000 0.747481 -0.465166 0.403070 0.926668 1.433308 
240 1.000000 0.400000 0.741391 -0.494515 0.386601 0.777398 1.552599 
250 1.000000 0.400000 0.732278 -0.522236 0.366531 0.632976 1.673400 
260 1.000000 0.400000 0.719799 -0.547908 0.342887 0.456082 1.727686 
270 1.000000 0.400000 0.704342 -0.572130 0.315264 0.278599 1.749367 
280 1.000000 0.400000 0.685885 -0.594194 0.283516 0.095625 1.736476 
290 1.000000 0.400000 0.665834 -0.614911 0.247144 -0.068293 1.693310 
300 1.000000 0.400000 0.644644 -0.633370 0.205760 -0.253973 1.639610 
310 1.000000 0.400000 0.623522 -0.648268 0.159649 -0.414681 1.570283 
320 1.000000 0.400000 0.605145 -0.659209 0.110396 -0.547498 1.478957 
330 1.000000 0.400000 0.591301 -0.665538 0.059330 -0.726927 1.456902 
340 1.000000 0.400000 0.581974 -0.665199 0.013126 -0.914616 1.470691 
350 1.000000 0.400000 0.576114 -0.659607 -0.027912 -1.105455 1.458462 
360 1.000000 0.400000 0.572171 -0.650356 -0.062995 -1.301958 1.448759 
370 1.000000 0.400000 0.568573 -0.638439 -0.092901 -1.489849 1.400857 
380 1.000000 0.400000 0.564472 -0.624213 -0.119321 -1.639264 1.291337 
390 1.000000 0.400000 0.559368 -0.607286 -0.143758 -1.780838 1.167624 
400 1.000000 0.400000 0.553073 -0.587905 -0.166151 -1.854008 1.002779 
410 1.000000 0.400000 0.545535 -0.565628 -0.186903 -1.947617 0.831349 
420 1.000000 0.400000 0.537025 -0.540127 -0.205966 -1.976395 0.645988 
430 1.000000 0.400000 0.528322 -0.511430 -0.222993 -2.018150 0.469964 
440 1.000000 0.400000 0.520588 -0.480072 -0.237336 -1.996655 0.280349 
450 1.000000 0.400000 0.514991 -0.445437 -0.249151 -1.971546 0.104049 
460 1.000000 0.400000 0.512520 -0.410406 -0.256987 -2.027036 -0.077275 
470 1.000000 0.400000 0.512373 -0.380761 -0.260619 -2.132573 -0.218748 
480 1.000000 0.400000 0.513276 -0.355420 -0.261773 -2.208193 -0.362577 
490 1.000000 0.400000 0.514604 -0.331994 -0.260724 -2.201341 -0.555806 
500 1.000000 0.400000 0.515784 -0.310394 -0.257706 -2.209441 -0.749309 
510 1.000000 0.400000 0.516317 -0.290467 -0.252996 -2.162405 -0.936447 
520 1.000000 0.400000 0.516006 -0.271133 -0.246469 -2.074271 -1.109631 
530 1.000000 0.400000 0.514579 -0.252487 -0.238258 -1.980462 -1.263165 
540 1.000000 0.400000 0.511450 -0.234346 -0.228139 -1.844364 -1.403228 
550 1.000000 0.400000 0.506306 -0.216165 -0.215636 -1.676908 -1.495793 
560 1.000000 0.400000 0.498730 -0.198091 -0.200528 -1.518706 -1.590686 
570 1.000000 0.400000 0.488640 -0.180087 -0.182518 -1.336661 -1.614347 
580 1.000000 0.400000 0.475648 -0.162341 -0.161027 -1.144583 -1.621443 
590 1.000000 0.400000 0.459616 -0.144932 -0.135179 -0.947269 -1.633041 
600 1.000000 0.400000 0.441122 -0.128588 -0.104758 -0.762121 -1.592020 
610 1.000000 0.400000 0.421365 -0.113292 -0.068708 -0.593330 -1.508244 
620 1.000000 0.400000 0.402312 -0.100597 -0.027720 -0.430006 -1.436843 
630 1.000000 0.400000 0.386334 -0.089727 0.019932 -0.315546 -1.304809 
640 1.000000 0.400000 0.375914 -0.082137 0.074084 -0.163104 -1.196491 
650 1.000000 0.400000 0.372553 -0.080096 0.133804 -0.006642 -1.088551 
660 1.000000 0.400000 0.374471 -0.086226 0.191730 0.183927 -1.052961 
670 1.000000 0.400000 0.377573 -0.098815 0.241624 0.373206 -1.031191 
680 1.000000 0.400000 0.379965 -0.116815 0.286583 0.529805 -0.928783 
690 1.000000 0.400000 0.380984 -0.139638 0.328283 0.650725 -0.798074 
700 1.000000 0.400000 0.380258 -0.167480 0.367750 0.725725 -0.643166 
710 1.000000 0.400000 0.377829 -0.201551 0.406633 0.787044 -0.477411 
720 1.000000 0.400000 0.372740 -0.241154 0.441975 0.839614 -0.291656 
730 1.000000 0.400000 0.365095 -0.287379 0.473932 0.836871 -0.097511 
740 1.000000 0.400000 0.355766 -0.340378 0.501864 0.830649 0.081372 
750 1.000000 0.400000 0.346026 -0.399109 0.524287 0.748038 0.258627 
760 1.000000 0.400000 0.338676 -0.466128 0.542074 0.662946 0.428965 
770 1.000000 0.400000 0.334662 -0.536508 0.550283 0.604841 0.610914 
780 1.000000 0.400000 0.333213 -0.604646 0.547041 0.548965 0.795236 
790 1.000000 0.400000 0.331968 -0.666189 0.533632 0.484905 0.968422 
800 1.000000 0.400000 0.329579 -0.725534 0.511224 0.346522 1.096264 
810 1.000000 0.400000 0.324725 -0.780669 0.480194 0.202623 1.221382 
820 1.000000 0.400000 0.316192 -0.829448 0.441424 0.039475 1.325921 
830 1.000000 0.400000 0.304100 -0.874061 0.393938 -0.152720 1.358722 
840 1.000000 0.400000 0.289072 -0.913186 0.338708 -0.334098 1.351490 
850 1.000000 0.400000 0.271770 -0.947861 0.273727 -0.519341 1.297244 
860 1.000000 0.400000 0.253742 -0.975374 0.200317 -0.684806 1.222271 
870 1.000000 0.400000 0.237451 -0.993837 0.119430 -0.868298 1.156693 
880 1.000000 0.400000 0.225795 -0.998196 0.039519 -1.057960 1.152588 
890 1.000000 0.400000 0.219964 -0.992256 -0.024030 -1.180408 1.278072 
900 1.000000 0.400000 0.217484 -0.984351 -0.068657 -1.335372 1.397148 
910 1.000000 0.400000 0.215855 -0.973994 -0.104162 -1.523645 1.383193 
920 1.000000 0.400000 0.214258 -0.960311 -0.135911 -1.692822 1.293070 
930 1.000000 0.400000 0.212381 -0.943565 -0.164832 -1.851903 1.185167 
940 1.000000 0.400000 0.210060 -0.923210 -0.192471 -1.945693 1.043263 
950 1.000000 0.400000 0.207230 -0.899774 -0.217990 -2.047219 0.878858 
960 1.000000 0.400000 0.203686 -0.872160 -0.242091 -2.103892 0.700256 
970 1.000000 0.400000 0.199436 -0.840702 -0.263607 -2.130888 0.515176 
980 1.000000 0.400000 0.194530 -0.804464 -0.282739 -2.150763 0.317387 
990 1.000000 0.400000 0.189340 -0.764465 -0.297915 -2.134399 0.136039 
1000 1.000000 0.400000 0.184430 -0.721151 -0.308773 -2.132466 -0.052700 
1010 1.000000 0.400000 0.180396 -0.676343 -0.314224 -2.097454 -0.237141 
1020 1.000000 0.400000 0.177582 -0.630609 -0.313895 -2.034824 -0.419573 
1030 1.000000 0.400000 0.176056 -0.585542 -0.307748 -1.968969 -0.583369 
1040 1.000000 0.400000 0.175509 -0.542657 -0.296220 -1.895598 -0.750903 
1050 1.000000 0.400000 0.175413 -0.502230 -0.279653 -1.804442 -0.922902 
1060 1.000000 0.400000 0.175251 -0.465041 -0.258540 -1.695758 -1.068469 
1070 1.000000 0.400000 0.174708 -0.430878 -0.233001 -1.528796 -1.159126 
1080 1.000000 0.400000 0.173634 -0.398073 -0.201971 -1.357678 -1.234549 
1090 1.000000 0.400000 0.171986 -0.367225 -0.165327 -1.181498 -1.264343 
1100 1.000000 0.400000 0.169934 -0.337592 -0.121475 -0.991785 -1.238142 
1110 1.000000 0.400000 0.167543 -0.312884 -0.072272 -0.808340 -1.267836 
1120 1.000000 0.400000 0.165459 -0.293375 -0.017301 -0.630248 -1.197978 
1130 1.000000 0.400000 0.164862 -0.278742 0.044706 -0.472543 -1.117281 
1140 1.000000 0.400000 0.166127 -0.272178 0.109283 -0.306435 -1.081225 
1150 1.000000 0.400000 0.169056 -0.274257 0.174080 -0.147322 -1.005779 
1160 1.000000 0.400000 0.172930 -0.285499 0.239008 0.003895 -0.890561 
1170 1.000000 0.400000 0.176786 -0.306633 0.303588 0.132714 -0.749824 
1180 1.000000 0.400000 0.179685 -0.336904 0.365508 0.259001 -0.622243 
1190 1.000000 0.400000 0.180410 -0.375381 0.421120 0.348265 -0.470831 
1200 1.000000 0.400000 0.179336 -0.423857 0.474227 0.367519 -0.282108 
1210 1.000000 0.400000 0.177146 -0.484039 0.526299 0.365727 -0.088137 
1220 1.000000 0.400000 0.173563 -0.555346 0.572151 0.345846 0.104396 
1230 1.000000 0.400000 0.169631 -0.636088 0.608113 0.296256 0.294893 
1240 1.000000 0.400000 0.167973 -0.725488 0.633268 0.210536 0.457143 
1250 1.000000 0.400000 0.171910 -0.819455 0.647262 0.128385 0.586814 
1260 1.000000 0.400000 0.179745 -0.906205 0.647430 0.143585 0.764092 
1270 1.000000 0.400000 0.185737 -0.976688 0.634981 0.157699 0.951970 
1280 1.000000 0.400000 0.188938 -1.036813 0.613914 0.066024 1.125328 
1290 1.000000 0.400000 0.189886 -1.092494 0.584170 -0.082828 1.242567 
1300 1.000000 0.400000 0.188481 -1.144286 0.546209 -0.232768 1.338814 
1310 1.000000 0.400000 0.185146 -1.191517 0.501785 -0.394338 1.397483 
1320 1.000000 0.400000 0.179116 -1.231725 0.450481 -0.581881 1.428043 
1330 1.000000 0.400000 0.171031 -1.265790 0.391580 -0.773220 1.433803 
1340 1.000000 0.400000 0.161860 -1.292008 0.326877 -0.946299 1.426832 
1350 1.000000 0.400000 0.152770 -1.309803 0.256369 -1.121162 1.366771 
1360 1.000000 0.400000 0.145473 -1.317248 0.183747 -1.303645 1.331633 
1370 1.000000 0.400000 0.141360 -1.314267 0.121623 -1.470158 1.407304 
1380 1.000000 0.400000 0.139720 -1.306203 0.074356 -1.640672 1.467785 
1390 1.000000 0.400000 0.138941 -1.294103 0.034725 -1.820343 1.443796 
1400 1.000000 0.400000 0.138426 -1.278566 -0.000002 -1.995781 1.363801 
1410 1.000000 0.400000 0.137811 -1.258780 -0.032861 -2.122229 1.225782 
1420 1.000000 0.400000 0.137046 -1.235686 -0.062291 -2.260601 1.093177 
1430 1.000000 0.400000 0.136038 -1.208662 -0.089471 -2.344212 0.925769 
1440 1.000000 0.400000 0.134908 -1.178711 -0.112992 -2.437426 0.759411 
1450 1.000000 0.400000 0.133783 -1.145942 -0.132953 -2.496013 0.581317 
1460 1.000000 0.400000 0.132816 -1.110297 -0.148965 -2.518027 0.386088 
1470 1.000000 0.400000 0.132290 -1.072642 -0.160428 -2.541440 0.189858 
1480 1.000000 0.400000 0.132396 -1.034307 -0.166978 -2.533844 0.003882 
1490 1.000000 0.400000 0.133168 -0.995299 -0.168874 -2.531199 -0.188040 
1500 1.000000 0.400000 0.134494 -0.958831 -0.166108 -2.512019 -0.377977 
1510 1.000000 0.400000 0.136090 -0.923883 -0.159073 -2.439924 -0.551619 
1520 1.000000 0.400000 0.137750 -0.889065 -0.147752 -2.319766 -0.701513 
1530 1.000000 0.400000 0.139299 -0.855439 -0.132388 -2.213958 -0.840810 
1540 1.000000 0.400000 0.140577 -0.822862 -0.112772 -2.078845 -0.974531 
1550 1.000000 0.400000 0.141514 -0.791360 -0.088782 -1.922149 -1.061979 
1560 1.000000 0.400000 0.141948 -0.761118 -0.059564 -1.737514 -1.123893 
1570 1.000000 0.400000 0.141880 -0.732714 -0.024562 -1.548923 -1.156146 
1580 1.000000 0.400000 0.141497 -0.706285 0.016844 -1.361351 -1.149580 
1590 1.000000 0.400000 0.141204 -0.681985 0.066087 -1.172595 -1.101071 
1600 1.000000 0.400000 0.141551 -0.662043 0.123003 -0.983782 -1.059467 
1610 1.000000 0.400000 0.143114 -0.649422 0.184713 -0.820877 -0.986358 
1620 1.000000 0.400000 0.146385 -0.644280 0.250468 -0.656634 -0.922073 
1630 1.000000 0.400000 0.151210 -0.647595 0.318855 -0.514989 -0.828290 
1640 1.000000 0.400000 0.156732 -0.659595 0.386583 -0.359471 -0.741336 
1650 1.000000 0.400000 0.161847 -0.680859 0.452000 -0.245981 -0.604569 
1660 1.000000 0.400000 0.165580 -0.711857 0.514099 -0.112299 -0.463022 
1670 1.000000 0.400000 0.167158 -0.751818 0.570458 -0.014456 -0.304921 
1680 1.000000 0.400000 0.166912 -0.800826 0.622647 0.023662 -0.126366 
1690 1.000000 0.400000 0.165063 -0.860346 0.671153 0.005500 0.061182 
1700 1.000000 0.400000 0.163018 -0.931807 0.717304 -0.051594 0.242825 
1710 1.000000 0.400000 0.161020 -1.010760 0.753855 -0.076724 0.415631 
1720 1.000000 0.400000 0.161992 -1.099684 0.782376 -0.174694 0.570175 
1730 1.000000 0.400000 0.166187 -1.190723 0.796387 -0.211590 0.762105 
1740 1.000000 0.400000 0.172945 -1.276793 0.793189 -0.249332 0.949533 
1750 1.000000 0.400000 0.178172 -1.350382 0.776438 -0.274298 1.139032 
1760 1.000000 0.400000 0.180604 -1.412147 0.750838 -0.350389 1.319060 
1770 1.000000 0.400000 0.180526 -1.466389 0.717741 -0.496487 1.423471 
1780 1.000000 0.400000 0.178043 -1.516157 0.676447 -0.666915 1.517242 
1790 1.000000 0.400000 0.173118 -1.561165 0.626616 -0.856594 1.541652 
1800 1.000000 0.400000 0.166131 -1.601810 0.567123 -1.049797 1.536732 
1810 1.000000 0.400000 0.158110 -1.635096 0.501163 -1.221059 1.542597 
1820 1.000000 0.400000 0.149665 -1.658077 0.429773 -1.410898 1.512113 
1830 1.000000 0.400000 0.142627 -1.668877 0.357792 -1.600948 1.502739 
1840 1.000000 0.400000 0.138588 -1.668614 0.295946 -1.756117 1.595841 
1850 1.000000 0.400000 0.137110 -1.663069 0.248626 -1.915544 1.683126 
1860 1.000000 0.400000 0.136595 -1.653453 0.209006 -2.101779 1.637456 
1870 1.000000 0.400000 0.136323 -1.639551 0.172842 -2.282214 1.574489 
1880 1.000000 0.400000 0.136108 -1.622384 0.140651 -2.423959 1.463703 
1890 1.000000 0.400000 0.135730 -1.601411 0.110401 -2.547693 1.326163 
1900 1.000000 0.400000 0.135144 -1.576688 0.082159 -2.670240 1.201089 
1910 1.000000 0.400000 0.134472 -1.549795 0.057688 -2.760361 1.041035 
1920 1.000000 0.400000 0.133640 -1.519503 0.035904 -2.812095 0.858893 
1930 1.000000 0.400000 0.132852 -1.486576 0.017644 -2.880879 0.690326 
1940 1.000000 0.400000 0.132337 -1.451753 0.003080 -2.895424 0.519069 
1950 1.000000 0.400000 0.132202 -1.414690 -0.007569 -2.883050 0.333375 
1960 1.000000 0.400000 0.132626 -1.376376 -0.014201 -2.879371 0.158427 
1970 1.000000 0.400000 0.133649 -1.338325 -0.016092 -2.870102 -0.029103 
1980 1.000000 0.400000 0.135104 -1.301389 -0.013397 -2.835057 -0.214732 
1990 1.000000 0.400000 0.136801 -1.265245 -0.006277 -2.756415 -0.391063 
2000 1.000000 0.400000 0.138538 -1.230061 0.005114 -2.679057 -0.547935 
2010 1.000000 0.400000 0.140118 -1.196903 0.020072 -2.578891 -0.698156 
2020 1.000000 0.400000 0.141404 -1.164548 0.039140 -2.446572 -0.810931 
2030 1.000000 0.400000 0.142331 -1.133019 0.062522 -2.269895 -0.866155 
2040 1.000000 0.400000 0.142791 -1.101737 0.091355 -2.104507 -0.931887 
2050 1.000000 0.400000 0.142841 -1.071724 0.125534 -1.933174 -0.965271 
2060 1.000000 0.400000 0.142528 -1.043419 0.165972 -1.744961 -0.983457 
2070 1.000000 0.400000 0.142126 -1.017484 0.213543 -1.568659 -0.925997 
2080 1.000000 0.400000 0.142316 -0.993961 0.270181 -1.381058 -0.862010 
2090 1.000000 0.400000 0.143668 -0.977084 0.333465 -1.193234 -0.816076 
2100 1.000000 0.400000 0.146561 -0.969122 0.400098 -1.014893 -0.769706 
2110 1.000000 0.400000 0.150535 -0.971215 0.466370 -0.839433 -0.705784 
2120 1.000000 0.400000 0.154847 -0.983258 0.531520 -0.679178 -0.601129 
2130 1.000000 0.400000 0.158528 -1.004537 0.593063 -0.531918 -0.490914 
2140 1.000000 0.400000 0.161165 -1.035443 0.653078 -0.429248 -0.330049 
2150 1.000000 0.400000 0.162754 -1.077028 0.713064 -0.384442 -0.136797 
2160 1.000000 0.400000 0.163182 -1.129871 0.771855 -0.373574 0.046238 
2170 1.000000 0.400000 0.163271 -1.194433 0.829611 -0.428582 0.213510 
2180 1.000000 0.400000 0.163436 -1.269974 0.882793 -0.445117 0.397479 
2190 1.000000 0.400000 0.163641 -1.353700 0.924481 -0.472652 0.581283 
2200 1.000000 0.400000 0.166286 -1.445276 0.953983 -0.522420 0.743241 
2210 1.000000 0.400000 0.172262 -1.535914 0.968721 -0.538368 0.926393 
2220 1.000000 0.400000 0.179578 -1.617667 0.966866 -0.547171 1.111360 
2230 1.000000 0.400000 0.184846 -1.686141 0.952884 -0.545894 1.306637 
2240 1.000000 0.400000 0.187701 -1.745848 0.930666 -0.655755 1.454193 
2250 1.000000 0.400000 0.188278 -1.800113 0.900824 -0.780682 1.590375 
2260 1.000000 0.400000 0.186314 -1.848720 0.863927 -0.935621 1.694692 
2270 1.000000 0.400000 0.181983 -1.893301 0.819257 -1.118601 1.723678 
2280 1.000000 0.400000 0.175420 -1.933631 0.766281 -1.306131 1.756434 
2290 1.000000 0.400000 0.167081 -1.968745 0.705002 -1.479380 1.711328 
2300 1.000000 0.400000 0.157862 -1.997134 0.635959 -1.657631 1.696741 
2310 1.000000 0.400000 0.149316 -2.016422 0.562489 -1.826214 1.646195 
2320 1.000000 0.400000 0.142814 -2.023248 0.490760 -2.015695 1.664344 
2330 1.000000 0.400000 0.139324 -2.019550 0.431084 -2.193441 1.732610 
2340 1.000000 0.400000 0.138099 -2.011652 0.385296 -2.349755 1.808130 
2350 1.000000 0.400000 0.137629 -1.999962 0.347012 -2.535408 1.764582 
2360 1.000000 0.400000 0.137274 -1.984396 0.312486 -2.698820 1.672018 
2370 1.000000 0.400000 0.136816 -1.964891 0.280322 -2.852748 1.557678 
2380 1.000000 0.400000 0.136217 -1.942430 0.251769 -2.970165 1.422828 
2390 1.000000 0.400000 0.135396 -1.916528 0.225747 -3.077429 1.260109 
2400 1.000000 0.400000 0.134434 -1.887720 0.202911 -3.136449 1.086896 
2410 1.000000 0.400000 0.133333 -1.854843 0.182639 -3.175829 0.899695 
2420 1.000000 0.400000 0.132398 -1.819209 0.166139 -3.208055 0.718403 
2430 1.000000 0.400000 0.131848 -1.781241 0.153748 -3.245042 0.540609 
2440 1.000000 0.400000 0.131916 -1.742327 0.146075 -3.228237 0.348831 
2450 1.000000 0.400000 0.132695 -1.704965 0.143100 -3.255356 0.185770 
2460 1.000000 0.400000 0.133975 -1.668571 0.144391 -3.201884 0.019939 
2470 1.000000 0.400000 0.135622 -1.632020 0.149615 -3.139283 -0.151361 
2480 1.000000 0.400000 0.137465 -1.595325 0.159265 -3.055964 -0.313454 
2490 1.000000 0.400000 0.139263 -1.561280 0.172373 -2.986927 -0.467371 
2500 1.000000 0.400000 0.140775 -1.529450 0.189104 -2.865916 -0.617793 
2510 1.000000 0.400000 0.141883 -1.499149 0.210018 -2.707625 -0.729057 
2520 1.000000 0.400000 0.142513 -1.469222 0.236108 -2.529350 -0.789319 
2530 1.000000 0.400000 0.142694 -1.438996 0.268412 -2.341332 -0.801784 
2540 1.000000 0.400000 0.142495 -1.409874 0.307239 -2.152491 -0.830968 
2550 1.000000 0.400000 0.142040 -1.383379 0.353010 -1.962374 -0.801367 
2560 1.000000 0.400000 0.141885 -1.359774 0.407172 -1.777906 -0.735082 
2570 1.000000 0.400000 0.142786 -1.341408 0.469104 -1.592919 -0.680310 
2580 1.000000 0.400000 0.145344 -1.331140 0.536551 -1.425033 -0.608301 
2590 1.000000 0.400000 0.149512 -1.330485 0.605835 -1.252904 -0.530447 
2600 1.000000 0.400000 0.154690 -1.339782 0.675477 -1.096134 -0.450333 
2610 1.000000 0.400000 0.159868 -1.359135 0.743790 -0.975761 -0.304802 
2620 1.000000 0.400000 0.164639 -1.389341 0.812485 -0.874653 -0.142797 
2630 1.000000 0.400000 0.167632 -1.430157 0.876808 -0.765831 0.013461 
2640 1.000000 0.400000 0.167921 -1.480514 0.933297 -0.686229 0.188015 
2650 1.000000 0.400000 0.166345 -1.540186 0.984017 -0.678215 0.368152 
2660 1.000000 0.400000 0.163310 -1.610334 1.028219 -0.702049 0.552826 
2670 1.000000 0.400000 0.160526 -1.690276 1.064794 -0.758481 0.731667 
2680 1.000000 0.400000 0.159770 -1.778656 1.090556 -0.831049 0.913770 
2690 1.000000 0.400000 0.161998 -1.867677 1.100664 -0.862974 1.101421 
2700 1.000000 0.400000 0.166712 -1.950461 1.094034 -0.901689 1.286984 
2710 1.000000 0.400000 0.170804 -2.024436 1.074983 -0.961895 1.462591 
2720 1.000000 0.400000 0.172572 -2.085151 1.048170 -1.027530 1.638094 
2730 1.000000 0.400000 0.172413 -2.140481 1.013390 -1.198947 1.713584 
2740 1.000000 0.400000 0.170214 -2.190644 0.971053 -1.341921 1.818752 
2750 1.000000 0.400000 0.165883 -2.235160 0.921046 -1.535899 1.854371 
2760 1.000000 0.400000 0.159492 -2.272064 0.863840 -1.726399 1.896538 
2770 1.000000 0.400000 0.151916 -2.301727 0.798944 -1.917983 1.852000 
2780 1.000000 0.400000 0.144419 -2.322095 0.727874 -2.104177 1.834099 
2790 1.000000 0.400000 0.139227 -2.330656 0.662141 -2.270672 1.885064 
2800 1.000000 0.400000 0.136763 -2.330705 0.608625 -2.398348 2.013845 
2810 1.000000 0.400000 0.135996 -2.326101 0.566169 -2.582784 2.037484 
2820 1.000000 0.400000 0.135832 -2.317344 0.528822 -2.737090 2.009871 
2830 1.000000 0.400000 0.136015 -2.305708 0.494921 -2.898369 1.948846 
2840 1.000000 0.400000 0.136167 -2.290552 0.463295 -3.055541 1.847299 
2850 1.000000 0.400000 0.136207 -2.272208 0.433934 -3.186849 1.741286 
2860 1.000000 0.400000 0.136028 -2.250709 0.406757 -3.307614 1.597971 
2870 1.000000 0.400000 0.135568 -2.225583 0.381583 -3.393720 1.425903 
2880 1.000000 0.400000 0.134869 -2.197304 0.359410 -3.475614 1.246714 
2890 1.000000 0.400000 0.134013 -2.165609 0.340236 -3.525866 1.059206 
2900 1.000000 0.400000 0.133206 -2.130858 0.324577 -3.529314 0.875158 
2910 1.000000 0.400000 0.132719 -2.093712 0.312482 -3.567682 0.694477 
2920 1.000000 0.400000 0.132774 -2.055034 0.304459 -3.536167 0.530833 
2930 1.000000 0.400000 0.133454 -2.014743 0.300896 -3.510678 0.342013 
2940 1.000000 0.400000 0.134747 -1.975490 0.302162 -3.480805 0.164645 
2950 1.000000 0.400000 0.136408 -1.937537 0.308091 -3.417225 -0.012159 
2960 1.000000 0.400000 0.138192 -1.900709 0.318423 -3.342333 -0.181268 
2970 1.000000 0.400000 0.139883 -1.864835 0.333350 -3.208602 -0.315183 
2980 1.000000 0.400000 0.141299 -1.828816 0.353596 -3.063863 -0.447624 
2990 1.000000 0.400000 0.142193 -1.794735 0.378839 -2.899819 -0.545865 
3000 1.000000 0.400000 0.142636 -1.760870 0.410155 -2.724953 -0.591125 
3010 1.000000 0.400000 0.142619 -1.727371 0.448648 -2.532500 -0.583760 
3020 1.000000 0.400000 0.142404 -1.694836 0.495253 -2.344776 -0.559574 
3030 1.000000 0.400000 0.142174 -1.666661 0.549302 -2.148694 -0.567745 
3040 1.000000 0.400000 0.142695 -1.644239 0.609889 -1.971792 -0.524790 
3050 1.000000 0.400000 0.144388 -1.630497 0.673337 -1.791684 -0.496719 
3060 1.000000 0.400000 0.147754 -1.625394 0.741377 -1.637597 -0.390944 
3070 1.000000 0.400000 0.152823 -1.629657 0.812987 -1.468562 -0.306067 
3080 1.000000 0.400000 0.158153 -1.644749 0.882867 -1.313319 -0.203155 
3090 1.000000 0.400000 0.162506 -1.669917 0.948566 -1.185644 -0.077422 
3100 1.000000 0.400000 0.165700 -1.704695 1.011977 -1.095922 0.085043 
3110 1.000000 0.400000 0.167439 -1.750857 1.073933 -1.050719 0.275606 
3120 1.000000 0.400000 0.167854 -1.809086 1.133977 -1.042286 0.466147 
3130 1.000000 0.400000 0.166999 -1.877065 1.187814 -1.033686 0.636115 
3140 1.000000 0.400000 0.165211 -1.955483 1.233061 -1.095760 0.818211 
3150 1.000000 0.400000 0.165023 -2.043753 1.269151 -1.126813 1.003326 
3160 1.000000 0.400000 0.166648 -2.134936 1.288838 -1.162297 1.195231 
3170 1.000000 0.400000 0.171034 -2.220666 1.290986 -1.202503 1.375330 
3180 1.000000 0.400000 0.176026 -2.297060 1.278946 -1.223894 1.564612 
3190 1.000000 0.400000 0.178779 -2.362751 1.256625 -1.283544 1.748794 
3200 1.000000 0.400000 0.179097 -2.419265 1.226462 -1.410909 1.880467 
3210 1.000000 0.400000 0.177055 -2.469968 1.188732 -1.565006 1.982737 
3220 1.000000 0.400000 0.172767 -2.516699 1.142490 -1.748447 2.022386 
3230 1.000000 0.400000 0.166649 -2.559314 1.087848 -1.928446 2.061432 
3240 1.000000 0.400000 0.158839 -2.593669 1.026915 -2.113139 2.060322 
3250 1.000000 0.400000 0.150295 -2.619614 0.959759 -2.298986 2.033864 
3260 1.000000 0.400000 0.142647 -2.634735 0.890845 -2.472320 2.044763 
3270 1.000000 0.400000 0.137581 -2.638941 0.828131 -2.652085 2.102351 
3280 1.000000 0.400000 0.135264 -2.635722 0.778086 -2.807756 2.186849 
3290 1.000000 0.400000 0.134416 -2.627978 0.736673 -2.995892 2.182330 
3300 1.000000 0.400000 0.134119 -2.615843 0.699342 -3.184248 2.131706 
3310 1.000000 0.400000 0.134088 -2.600338 0.666142 -3.349395 2.053344 
3320 1.000000 0.400000 0.134081 -2.581667 0.636105 -3.492518 1.931889 
3330 1.000000 0.400000 0.133922 -2.559610 0.608394 -3.612996 1.785333 
3340 1.000000 0.400000 0.133644 -2.534856 0.583835 -3.725898 1.638361 
3350 1.000000 0.400000 0.133255 -2.507407 0.562372 -3.803428 1.465568 
3360 1.000000 0.400000 0.132801 -2.476893 0.543693 -3.854492 1.284479 
3370 1.000000 0.400000 0.132437 -2.443472 0.528203 -3.859331 1.099608 
3380 1.000000 0.400000 0.132400 -2.408032 0.516482 -3.888775 0.916184 
3390 1.000000 0.400000 0.132813 -2.370610 0.508902 -3.860140 0.727640 
3400 1.000000 0.400000 0.133759 -2.331489 0.505727 -3.842342 0.540849 
3410 1.000000 0.400000 0.135216 -2.293387 0.507114 -3.814917 0.360925 
3420 1.000000 0.400000 0.136990 -2.256637 0.512969 -3.754588 0.201877 
3430 1.000000 0.400000 0.138936 -2.219143 0.523047 -3.664547 0.045080 
3440 1.000000 0.400000 0.140775 -2.183014 0.537568 -3.547845 -0.110432 
3450 1.000000 0.400000 0.142254 -2.148662 0.556605 -3.410443 -0.239569 
3460 1.000000 0.400000 0.143282 -2.115215 0.580526 -3.246354 -0.314906 
3470 1.000000 0.400000 0.143856 -2.082738 0.609496 -3.091461 -0.375513 
3480 1.000000 0.400000 0.144007 -2.050096 0.645023 -2.904669 -0.403264 
3490 1.000000 0.400000 0.143583 -2.021190 0.685870 -2.724140 -0.447250 
3500 1.000000 0.400000 0.142974 -1.994838 0.733774 -2.542306 -0.403592 
3510 1.000000 0.400000 0.142763 -1.972358 0.788507 -2.365136 -0.362269 
3520 1.000000 0.400000 0.143571 -1.955609 0.850640 -2.175920 -0.312642 
3530 1.000000 0.400000 0.146256 -1.945896 0.918423 -2.026701 -0.216850 
3540 1.000000 0.400000 0.150763 -1.945595 0.989757 -1.864191 -0.127449 
3550 1.000000 0.400000 0.156584 -1.956044 1.063554 -1.712963 -0.003154 
3560 1.000000 0.400000 0.162214 -1.978048 1.135560 -1.561943 0.112802 
3570 1.000000 0.400000 0.166545 -2.010991 1.203957 -1.444852 0.263343 
3580 1.000000 0.400000 0.168307 -2.054061 1.265141 -1.332785 0.421673 
3590 1.000000 0.400000 0.168213 -2.107686 1.322506 -1.339012 0.614861 
3600 1.000000 0.400000 0.166479 -2.173277 1.375727 -1.332336 0.805746 
3610 1.000000 0.400000 0.163335 -2.249381 1.420319 -1.359879 1.000966 
3620 1.000000 0.400000 0.160674 -2.334841 1.454344 -1.411904 1.181949 
3630 1.000000 0.400000 0.160697 -2.427629 1.475537 -1.484010 1.365954 
3640 1.000000 0.400000 0.164395 -2.517051 1.479030 -1.479682 1.550807 
3650 1.000000 0.400000 0.169098 -2.594728 1.467447 -1.540688 1.738829 
3660 1.000000 0.400000 0.171906 -2.661906 1.445161 -1.589156 1.922134 
3670 1.000000 0.400000 0.172564 -2.719339 1.415189 -1.712365 2.053096 
3680 1.000000 0.400000 0.171060 -2.769922 1.378353 -1.846770 2.175103 
3690 1.000000 0.400000 0.167545 -2.815358 1.334415 -2.011703 2.215227 
3700 1.000000 0.400000 0.162398 -2.857624 1.282091 -2.197460 2.217946 
3710 1.000000 0.400000 0.155947 -2.896160 1.220208 -2.383013 2.200815 
3720 1.000000 0.400000 0.148709 -2.926200 1.151099 -2.574559 2.194102 
3730 1.000000 0.400000 0.142166 -2.943507 1.081055 -2.769832 2.222007 
3740 1.000000 0.400000 0.138282 -2.949421 1.021032 -2.900163 2.323189 
3750 1.000000 0.400000 0.136680 -2.948542 0.973167 -3.060844 2.421495 
3760 1.000000 0.400000 0.136132 -2.942777 0.932862 -3.255513 2.411878 
3770 1.000000 0.400000 0.136037 -2.933045 0.896701 -3.430342 2.393756 
3780 1.000000 0.400000 0.136068 -2.919918 0.864108 -3.606938 2.307651 
3790 1.000000 0.400000 0.136019 -2.903185 0.833218 -3.730782 2.175926 
3800 1.000000 0.400000 0.135764 -2.882636 0.804098 -3.860913 2.030940 
3810 1.000000 0.400000 0.135262 -2.858376 0.777039 -3.974523 1.892386 
3820 1.000000 0.400000 0.134630 -2.831193 0.752560 -4.036448 1.731276 
3830 1.000000 0.400000 0.133898 -2.800930 0.730569 -4.073157 1.560703 
3840 1.000000 0.400000 0.133138 -2.766616 0.710767 -4.110462 1.391022 
3850 1.000000 0.400000 0.132631 -2.730110 0.695217 -4.136274 1.200854 
3860 1.000000 0.400000 0.132567 -2.692258 0.684279 -4.172550 1.020264 
3870 1.000000 0.400000 0.133055 -2.653992 0.678208 -4.150384 0.825612 
3880 1.000000 0.400000 0.134108 -2.613439 0.676441 -4.116608 0.656735 
3890 1.000000 0.400000 0.135659 -2.574705 0.679403 -4.093725 0.479320 
3900 1.000000 0.400000 0.137469 -2.536727 0.686756 -4.011310 0.304620 
3910 1.000000 0.400000 0.139280 -2.500286 0.698525 -3.917372 0.149028 
3920 1.000000 0.400000 0.140933 -2.464441 0.714983 -3.777894 0.018842 
3930 1.000000 0.400000 0.142211 -2.429359 0.736426 -3.628836 -0.089143 
3940 1.000000 0.400000 0.143001 -2.395236 0.763243 -3.458358 -0.174451 
3950 1.000000 0.400000 0.143238 -2.361495 0.796590 -3.272888 -0.207397 
3960 1.000000 0.400000 0.142921 -2.330319 0.835727 -3.098209 -0.260165 
3970 1.000000 0.400000 0.142346 -2.301187 0.881922 -2.919744 -0.241721 
3980 1.000000 0.400000 0.141829 -2.276626 0.934393 -2.726592 -0.233274 
3990 1.000000 0.400000 0.142098 -2.257239 0.993005 -2.563480 -0.161577 
4000 1.000000 0.400000 0.143986 -2.243770 1.058387 -2.394027 -0.110262 
4010 1.000000 0.400000 0.147542 -2.239293 1.126067 -2.235803 -0.016264 
4020 1.000000 0.400000 0.152795 -2.244213 1.197741 -2.080408 0.094853 
4030 1.000000 0.400000 0.158531 -2.258377 1.267279 -1.936064 0.152986 
4040 1.000000 0.400000 0.163246 -2.281491 1.331481 -1.792558 0.274729 
4050 1.000000 0.400000 0.166802 -2.314483 1.394037 -1.716144 0.444905 
4060 1.000000 0.400000 0.169163 -2.358236 1.455966 -1.674263 0.631029 
4070 1.000000 0.400000 0.169729 -2.413048 1.514308 -1.635965 0.815191 
4080 1.000000 0.400000 0.168595 -2.478402 1.567031 -1.644955 0.998033 
4090 1.000000 0.400000 0.166794 -2.553618 1.612950 -1.665555 1.176955 
4100 1.000000 0.400000 0.165081 -2.636988 1.647643 -1.708550 1.353221 
4110 1.000000 0.400000 0.165205 -2.724398 1.668992 -1.746533 1.538922 
4120 1.000000 0.400000 0.168586 -2.810518 1.675112 -1.782846 1.713687 
4130 1.000000 0.400000 0.173583 -2.888125 1.666918 -1.809661 1.897575 
4140 1.000000 0.400000 0.176715 -2.952805 1.649084 -1.805825 2.076238 
4150 1.000000 0.400000 0.177893 -3.008010 1.624475 -1.926197 2.216239 
4160 1.000000 0.400000 0.177252 -3.059596 1.592258 -2.070483 2.335988 
4170 1.000000 0.400000 0.174321 -3.106119 1.552680 -2.242074 2.418338 
4180 1.000000 0.400000 0.169403 -3.148091 1.505823 -2.413118 2.451360 
4190 1.000000 0.400000 0.162897 -3.186405 1.450815 -2.592200 2.440506 
4200 1.000000 0.400000 0.155332 -3.217796 1.389852 -2.766411 2.451617 
4210 1.000000 0.400000 0.147467 -3.241040 1.323024 -2.957198 2.431504 
4220 1.000000 0.400000 0.140833 -3.252889 1.255886 -3.143359 2.445477 
4230 1.000000 0.400000 0.136911 -3.254203 1.198343 -3.319448 2.537570 
4240 1.000000 0.400000 0.135216 -3.249317 1.152668 -3.495997 2.591473 
4250 1.000000 0.400000 0.134493 -3.239875 1.113079 -3.679834 2.553646 
4260 1.000000 0.400000 0.134227 -3.226426 1.077228 -3.854741 2.478585 
4270 1.000000 0.400000 0.134063 -3.209116 1.044422 -4.013220 2.367451 
4280 1.000000 0.400000 0.133870 -3.188492 1.014879 -4.157377 2.243963 
4290 1.000000 0.400000 0.133530 -3.164029 0.987202 -4.230211 2.078718 
4300 1.000000 0.400000 0.133050 -3.135637 0.961625 -4.332527 1.916164 
4310 1.000000 0.400000 0.132511 -3.104015 0.939579 -4.396572 1.734776 
4320 1.000000 0.400000 0.132132 -3.070497 0.921884 -4.469523 1.557218 
4330 1.000000 0.400000 0.132032 -3.034661 0.908142 -4.469969 1.371938 
4340 1.000000 0.400000 0.132360 -2.996692 0.898390 -4.482925 1.184894 
4350 1.000000 0.400000 0.133250 -2.957802 0.893401 -4.480167 1.004556 
4360 1.000000 0.400000 0.134639 -2.920288 0.893070 -4.455701 0.814529 
4370 1.000000 0.400000 0.136389 -2.882034 0.897403 -4.368504 0.641393 
4380 1.000000 0.400000 0.138291 -2.844885 0.906201 -4.314703 0.464094 
4390 1.000000 0.400000 0.140139 -2.808384 0.919514 -4.195298 0.317201 
4400 1.000000 0.400000 0.141731 -2.773436 0.937176 -4.077170 0.175638 
4410 1.000000 0.400000 0.142904 -2.739635 0.959391 -3.926360 0.081890 
4420 1.000000 0.400000 0.143609 -2.707635 0.985813 -3.773148 0.004384 
4430 1.000000 0.400000 0.143700 -2.676638 1.018158 -3.587868 -0.057661 
4440 1.000000 0.400000 0.143358 -2.646706 1.056812 -3.409095 -0.049009 
4450 1.000000 0.400000 0.142770 -2.618918 1.102138 -3.230173 -0.062771 
4460 1.000000 0.400000 0.142214 -2.595695 1.153323 -3.041288 -0.018612 
4470 1.000000 0.400000 0.142531 -2.576216 1.213009 -2.877658 0.069300 
4480 1.000000 0.400000 0.144646 -2.562691 1.280306 -2.707242 0.144482 
4490 1.000000 0.400000 0.148789 -2.557950 1.351504 -2.538606 0.200159 
4500 1.000000 0.400000 0.153731 -2.563495 1.419770 -2.381623 0.272094 
4510 1.000000 0.400000 0.158850 -2.578318 1.486495 -2.248460 0.379015 
4520 1.000000 0.400000 0.163071 -2.602277 1.549692 -2.103766 0.505027 
4530 1.000000 0.400000 0.165946 -2.636657 1.611158 -2.012345 0.679779 
4540 1.000000 0.400000 0.167289 -2.681667 1.670669 -1.965417 0.858267 
4550 1.000000 0.400000 0.167856 -2.737072 1.729135 -1.966183 1.022780 
4560 1.000000 0.400000 0.167105 -2.802143 1.782157 -1.944117 1.209674 
4570 1.000000 0.400000 0.164924 -2.873418 1.824472 -1.944381 1.376850 
4580 1.000000 0.400000 0.162819 -2.950316 1.856499 -1.989409 1.536972 
4590 1.000000 0.400000 0.163160 -3.036348 1.880117 -2.065347 1.711907 
4600 1.000000 0.400000 0.166576 -3.122795 1.889779 -2.111632 1.882128 
4610 1.000000 0.400000 0.171798 -3.201861 1.884506 -2.124780 2.072812 
4620 1.000000 0.400000 0.175642 -3.270150 1.867906 -2.157921 2.247761 
4630 1.000000 0.400000 0.177407 -3.326845 1.844647 -2.215456 2.425726 
4640 1.000000 0.400000 0.176905 -3.376653 1.814508 -2.351278 2.559931 
4650 1.000000 0.400000 0.174466 -3.423131 1.776956 -2.520095 2.628462 
4660 1.000000 0.400000 0.170084 -3.465405 1.732281 -2.683013 2.673584 
4670 1.000000 0.400000 0.164127 -3.503519 1.680476 -2.868850 2.680578 
4680 1.000000 0.400000 0.156851 -3.535610 1.621810 -3.053110 2.673254 
4690 1.000000 0.400000 0.148926 -3.560445 1.556070 -3.246858 2.656201 
4700 1.000000 0.400000 0.141928 -3.573779 1.490052 -3.439431 2.670627 
4710 1.000000 0.400000 0.137160 -3.576051 1.430047 -3.620765 2.739801 
4720 1.000000 0.400000 0.134793 -3.571187 1.380887 -3.805434 2.764176 
4730 1.000000 0.400000 0.133770 -3.561501 1.339534 -3.995544 2.768195 
4740 1.000000 0.400000 0.133357 -3.547791 1.302957 -4.168450 2.694433 
4750 1.000000 0.400000 0.133210 -3.530743 1.270503 -4.338217 2.608799 
4760 1.000000 0.400000 0.133100 -3.510306 1.240645 -4.454529 2.471298 
4770 1.000000 0.400000 0.132976 -3.487072 1.213578 -4.565630 2.345448 
4780 1.000000 0.400000 0.132706 -3.459922 1.188394 -4.644786 2.167607 
4790 1.000000 0.400000 0.132389 -3.429530 1.166426 -4.712139 1.993371 
4800 1.000000 0.400000 0.132184 -3.396261 1.147710 -4.772977 1.820659 
4810 1.000000 0.400000 0.132276 -3.361368 1.133236 -4.807347 1.641889 
4820 1.000000 0.400000 0.132779 -3.324404 1.122476 -4.799038 1.466500 
4830 1.000000 0.400000 0.133795 -3.287077 1.116116 -4.828234 1.284215 
4840 1.000000 0.400000 0.135238 -3.252175 1.114389 -4.832637 1.102782 
4850 1.000000 0.400000 0.136939 -3.216659 1.116776 -4.775441 0.917068 
4860 1.000000 0.400000 0.138776 -3.181021 1.123417 -4.680408 0.756149 
4870 1.000000 0.400000 0.140558 -3.146666 1.134014 -4.601452 0.595261 
4880 1.000000 0.400000 0.142121 -3.112740 1.148937 -4.483259 0.458661 
4890 1.000000 0.400000 0.143406 -3.078695 1.168483 -4.329630 0.361300 
4900 1.000000 0.400000 0.144211 -3.045814 1.192672 -4.168758 0.261340 
4910 1.000000 0.400000 0.144411 -3.014061 1.222377 -3.993962 0.202665 
4920 1.000000 0.400000 0.144066 -2.983013 1.258532 -3.812343 0.164710 
4930 1.000000 0.400000 0.143253 -2.954367 1.301131 -3.620101 0.177273 
4940 1.000000 0.400000 0.142321 -2.928218 1.351735 -3.428563 0.203293 
4950 1.000000 0.400000 0.142009 -2.905745 1.410702 -3.257716 0.284852 
4960 1.000000 0.400000 0.143083 -2.890083 1.476056 -3.071168 0.326340 
4970 1.000000 0.400000 0.146436 -2.882092 1.547545 -2.929147 0.441511 
4980 1.000000 0.400000 0.151912 -2.884130 1.622668 -2.763034 0.539388 
4990 1.000000 0.400000 0.157898 -2.897970 1.695724 -2.598923 0.633622 
5000 1.000000 0.400000 0.163348 -2.923573 1.766938 -2.469196 0.778428 
5010 1.000000 0.400000 0.168071 -2.960711 1.837652 -2.397529 0.954726 
5020 1.000000 0.400000 0.170648 -3.009975 1.903803 -2.311848 1.134521 
5030 1.000000 0.400000 0.170641 -3.070339 1.962714 -2.269473 1.321355 
5040 1.000000 0.400000 0.168575 -3.141583 2.013631 -2.300934 1.508213 
5050 1.000000 0.400000 0.166568 -3.224684 2.057795 -2.339231 1.697261 
5060 1.000000 0.400000 0.165036 -3.313478 2.086782 -2.380761 1.879497 
5070 1.000000 0.400000 0.166208 -3.402604 2.100527 -2.392970 2.064355 
5080 1.000000 0.400000 0.169571 -3.482742 2.097202 -2.407082 2.258962 
5090 1.000000 0.400000 0.172363 -3.552124 2.081504 -2.431546 2.453365 
5100 1.000000 0.400000 0.173336 -3.611336 2.057442 -2.523073 2.622037 
5110 1.000000 0.400000 0.172323 -3.663299 2.026270 -2.660554 2.746979 
5120 1.000000 0.400000 0.169301 -3.710210 1.987788 -2.828022 2.829793 
5130 1.000000 0.400000 0.164436 -3.753771 1.941015 -3.008104 2.866386 
5140 1.000000 0.400000 0.157832 -3.791343 1.886906 -3.197820 2.915851 
5150 1.000000 0.400000 0.149999 -3.821571 1.825760 -3.389473 2.886252 
5160 1.000000 0.400000 0.142377 -3.843497 1.759887 -3.562783 2.888980 
5170 1.000000 0.400000 0.136401 -3.854565 1.694606 -3.739186 2.921979 
5180 1.000000 0.400000 0.133449 -3.856477 1.641550 -3.892006 3.029871 
5190 1.000000 0.400000 0.132473 -3.853479 1.599068 -4.051283 3.077423 
5200 1.000000 0.400000 0.132297 -3.846083 1.560747 -4.221373 3.049923 
5210 1.000000 0.400000 0.132596 -3.835261 1.525949 -4.382070 3.000939 
5220 1.000000 0.400000 0.133147 -3.821815 1.494457 -4.535569 2.944291 
5230 1.000000 0.400000 0.133683 -3.805285 1.465493 -4.674046 2.811764 
5240 1.000000 0.400000 0.134037 -3.784924 1.437649 -4.805927 2.672745 
5250 1.000000 0.400000 0.134186 -3.761530 1.412729 -4.913922 2.508009 
5260 1.000000 0.400000 0.134159 -3.735257 1.390516 -5.000504 2.348569 
5270 1.000000 0.400000 0.133966 -3.705608 1.370737 -5.041285 2.163813 
5280 1.000000 0.400000 0.133827 -3.673865 1.354393 -5.118600 1.996805 
5290 1.000000 0.400000 0.133819 -3.638938 1.340979 -5.070619 1.812602 
5300 1.000000 0.400000 0.134157 -3.601342 1.331128 -5.089294 1.630014 
5310 1.000000 0.400000 0.134985 -3.562857 1.325770 -5.060646 1.447457 
5320 1.000000 0.400000 0.136279 -3.522697 1.325096 -5.009064 1.260369 
5330 1.000000 0.400000 0.137995 -3.482042 1.329267 -4.954800 1.083623 
5340 1.000000 0.400000 0.139918 -3.441619 1.338518 -4.850168 0.924239 
5350 1.000000 0.400000 0.141788 -3.401295 1.353095 -4.732875 0.770887 
5360 1.000000 0.400000 0.143314 -3.362204 1.373209 -4.578780 0.653666 
5370 1.000000 0.400000 0.144381 -3.323281 1.399308 -4.424320 0.547673 
5380 1.000000 0.400000 0.144623 -3.288222 1.430495 -4.259140 0.445548 
5390 1.000000 0.400000 0.144360 -3.253538 1.468436 -4.095558 0.434260 
5400 1.000000 0.400000 0.143709 -3.221854 1.511692 -3.923784 0.427911 
5410 1.000000 0.400000 0.142955 -3.192157 1.562948 -3.736192 0.460118 
5420 1.000000 0.400000 0.142490 -3.167565 1.621867 -3.542693 0.500782 
5430 1.000000 0.400000 0.143240 -3.149827 1.688335 -3.363522 0.579391 
5440 1.000000 0.400000 0.146028 -3.140731 1.759442 -3.196440 0.629001 
5450 1.000000 0.400000 0.150884 -3.140984 1.832669 -3.065238 0.725932 
5460 1.000000 0.400000 0.156754 -3.151554 1.905265 -2.892518 0.821509 
5470 1.000000 0.400000 0.162311 -3.173694 1.976495 -2.765478 0.966337 
5480 1.000000 0.400000 0.166512 -3.207036 2.044534 -2.630110 1.102484 
5490 1.000000 0.400000 0.168901 -3.250341 2.107996 -2.580955 1.275963 
5500 1.000000 0.400000 0.169881 -3.304650 2.168979 -2.573748 1.451867 
5510 1.000000 0.400000 0.169659 -3.369835 2.225843 -2.570984 1.631428 
5520 1.000000 0.400000 0.167854 -3.444164 2.273228 -2.551346 1.819649 
5530 1.000000 0.400000 0.165838 -3.526960 2.309527 -2.613579 1.993833 
5540 1.000000 0.400000 0.166152 -3.615904 2.334287 -2.637715 2.177830 
5550 1.000000 0.400000 0.168759 -3.701400 2.341956 -2.670443 2.368665 
5560 1.000000 0.400000 0.172979 -3.777928 2.334795 -2.667954 2.551409 
5570 1.000000 0.400000 0.175611 -3.841821 2.317809 -2.707014 2.739976 
5580 1.000000 0.400000 0.176406 -3.898014 2.292973 -2.814495 2.886784 
5590 1.000000 0.400000 0.175222 -3.949259 2.260570 -2.951957 3.021798 
5600 1.000000 0.400000 0.172018 -3.992892 2.223179 -3.097347 3.096099 
5610 1.000000 0.400000 0.167084 -4.034054 2.178029 -3.284611 3.145186 
5620 1.000000 0.400000 0.160393 -4.068551 2.126705 -3.468230 3.193675 
5630 1.000000 0.400000 0.152621 -4.096502 2.069361 -3.651970 3.187917 
5640 1.000000 0.400000 0.144701 -4.116560 2.007145 -3.839581 3.155463 
5650 1.000000 0.400000 0.137843 -4.127427 1.941524 -4.024684 3.142253 
5660 1.000000 0.400000 0.133909 -4.128510 1.884630 -4.192150 3.229909 
5670 1.000000 0.400000 0.132328 -4.123457 1.839239 -4.379909 3.281993 
5680 1.000000 0.400000 0.131897 -4.114263 1.801283 -4.558591 3.265239 
5690 1.000000 0.400000 0.131932 -4.101240 1.766513 -4.720095 3.190809 
5700 1.000000 0.400000 0.132219 -4.085178 1.734735 -4.881833 3.112264 
5710 1.000000 0.400000 0.132539 -4.065970 1.705858 -5.016242 2.973919 
5720 1.000000 0.400000 0.132770 -4.043378 1.679385 -5.136814 2.824658 
5730 1.000000 0.400000 0.132889 -4.017454 1.655357 -5.233420 2.661997 
5740 1.000000 0.400000 0.132928 -3.987816 1.633509 -5.283612 2.478279 
5750 1.000000 0.400000 0.133048 -3.955857 1.615495 -5.353062 2.300638 
5760 1.000000 0.400000 0.133345 -3.921562 1.601143 -5.375353 2.120166 
5770 1.000000 0.400000 0.133991 -3.885221 1.590657 -5.374304 1.926026 
5780 1.000000 0.400000 0.135064 -3.847200 1.584257 -5.364113 1.743306 
5790 1.000000 0.400000 0.136631 -3.807259 1.582080 -5.288214 1.585373 
5800 1.000000 0.400000 0.138607 -3.766449 1.584684 -5.244004 1.394641 
5810 1.000000 0.400000 0.140676 -3.727007 1.592332 -5.168151 1.221549 
5820 1.000000 0.400000 0.142632 -3.688229 1.605060 -5.056795 1.061337 
5830 1.000000 0.400000 0.144224 -3.650967 1.622654 -4.935376 0.918985 
5840 1.000000 0.400000 0.145331 -3.614892 1.645181 -4.787057 0.811566 
5850 1.000000 0.400000 0.145873 -3.578633 1.673924 -4.606937 0.758455 
5860 1.000000 0.400000 0.145730 -3.543040 1.709705 -4.419206 0.709396 
5870 1.000000 0.400000 0.144922 -3.510453 1.751643 -4.238364 0.688833 
5880 1.000000 0.400000 0.143759 -3.479798 1.802242 -4.047198 0.726979 
5890 1.000000 0.400000 0.143168 -3.450825 1.863247 -3.874780 0.808516 
5900 1.000000 0.400000 0.143888 -3.428496 1.931851 -3.686884 0.822336 
5910 1.000000 0.400000 0.146563 -3.415764 2.004141 -3.532078 0.907093 
5920 1.000000 0.400000 0.151428 -3.413183 2.079582 -3.349519 0.978337 
5930 1.000000 0.400000 0.157117 -3.422807 2.153608 -3.175544 1.060502 
5940 1.000000 0.400000 0.161981 -3.443339 2.222010 -3.024189 1.159481 
5950 1.000000 0.400000 0.165316 -3.472590 2.284409 -2.910634 1.294719 
5960 1.000000 0.400000 0.167581 -3.512265 2.346659 -2.848173 1.474028 
5970 1.000000 0.400000 0.168349 -3.562912 2.406878 -2.838121 1.652379 
5980 1.000000 0.400000 0.167417 -3.623878 2.462222 -2.781938 1.836748 
5990 1.000000 0.400000 0.164154 -3.693273 2.506998 -2.779354 2.030335 
6000 1.000000 0.400000 0.160705 -3.772426 2.543665 -2.866800 2.187564 
6010 1.000000 0.400000 0.159988 -3.861747 2.572400 -2.928766 2.360405 
6020 1.000000 0.400000 0.162336 -3.951381 2.586145 -2.940091 2.550620 
6030 1.000000 0.400000 0.166462 -4.029652 2.582981 -2.928819 2.741838 
6040 1.000000 0.400000 0.169736 -4.095848 2.568853 -2.937648 2.924729 
6050 1.000000 0.400000 0.171233 -4.150814 2.548119 -3.012075 3.088206 
6060 1.000000 0.400000 0.171016 -4.200547 2.520504 -3.137332 3.234542 
6070 1.000000 0.400000 0.169085 -4.247123 2.485646 -3.302039 3.306963 
6080 1.000000 0.400000 0.165520 -4.287673 2.445832 -3.431291 3.422870 
6090 1.000000 0.400000 0.160476 -4.322724 2.400830 -3.617873 3.431119 
6100 1.000000 0.400000 0.154135 -4.355046 2.347344 -3.806317 3.415628 
6110 1.000000 0.400000 0.147073 -4.380555 2.287740 -3.996614 3.412264 
6120 1.000000 0.400000 0.140476 -4.396355 2.225930 -4.190623 3.424354 
6130 1.000000 0.400000 0.135675 -4.402235 2.167048 -4.366932 3.458258 
6140 1.000000 0.400000 0.133330 -4.400814 2.118161 -4.525822 3.555656 
6150 1.000000 0.400000 0.132490 -4.394667 2.077697 -4.718329 3.545892 
6160 1.000000 0.400000 0.132284 -4.384224 2.041177 -4.896175 3.499869 
6170 1.000000 0.400000 0.132418 -4.370246 2.008191 -5.071296 3.421699 
6180 1.000000 0.400000 0.132612 -4.352220 1.976478 -5.187885 3.276348 
6190 1.000000 0.400000 0.132740 -4.330448 1.947000 -5.330917 3.143168 
6200 1.000000 0.400000 0.132791 -4.305533 1.920627 -5.439475 2.991669 
6210 1.000000 0.400000 0.132742 -4.276936 1.896489 -5.480225 2.818342 
6220 1.000000 0.400000 0.132646 -4.244212 1.874383 -5.535586 2.642437 
6230 1.000000 0.400000 0.132689 -4.208577 1.856225 -5.587518 2.453918 
6240 1.000000 0.400000 0.133042 -4.171116 1.842793 -5.590603 2.263775 
6250 1.000000 0.400000 0.133865 -4.130914 1.833572 -5.578998 2.076471 
6260 1.000000 0.400000 0.135283 -4.087920 1.828858 -5.544045 1.893936 
6270 1.000000 0.400000 0.137197 -4.046090 1.829736 -5.506978 1.706010 
6280 1.000000 0.400000 0.139330 -4.005891 1.835868 -5.464118 1.515556 
6290 1.000000 0.400000 0.141364 -3.967256 1.846971 -5.366504 1.347736 
6300 1.000000 0.400000 0.143222 -3.928075 1.863535 -5.217377 1.230984 
6310 1.000000 0.400000 0.144623 -3.889678 1.885463 -5.081570 1.098392 
6320 1.000000 0.400000 0.145307 -3.853243 1.913000 -4.905931 1.018946 
6330 1.000000 0.400000 0.145354 -3.816909 1.947486 -4.722978 0.973127 
6340 1.000000 0.400000 0.144590 -3.783200 1.988917 -4.537655 0.917083 
6350 1.000000 0.400000 0.143374 -3.752892 2.036941 -4.354972 0.942131 
6360 1.000000 0.400000 0.142142 -3.727048 2.092061 -4.166089 0.964810 
6370 1.000000 0.400000 0.141956 -3.705336 2.156233 -4.000204 1.053207 
6380 1.000000 0.400000 0.143596 -3.691797 2.226692 -3.816256 1.122728 
6390 1.000000 0.400000 0.147590 -3.688322 2.301993 -3.646920 1.212055 
6400 1.000000 0.400000 0.153562 -3.696006 2.379638 -3.503233 1.331663 
6410 1.000000 0.400000 0.159916 -3.715793 2.455828 -3.347625 1.443526 
6420 1.000000 0.400000 0.164754 -3.747622 2.526786 -3.222462 1.591188 
6430 1.000000 0.400000 0.167452 -3.791050 2.592825 -3.120012 1.757505 
6440 1.000000 0.400000 0.167472 -3.845224 2.651796 -3.072303 1.942893 
6450 1.000000 0.400000 0.165641 -3.910963 2.705509 -3.078381 2.138762 
6460 1.000000 0.400000 0.163761 -3.988754 2.754900 -3.143103 2.307699 
6470 1.000000 0.400000 0.162303 -4.075090 2.792997 -3.171174 2.494002 
6480 1.000000 0.400000 0.162966 -4.166189 2.816765 -3.202971 2.678117 
6490 1.000000 0.400000 0.165858 -4.250336 2.822619 -3.185521 2.872714 
6500 1.000000 0.400000 0.169316 -4.322074 2.813799 -3.177089 3.070555 
6510 1.000000 0.400000 0.171140 -4.381135 2.796747 -3.187291 3.252936 
6520 1.000000 0.400000 0.171426 -4.431197 2.773873 -3.293036 3.411658 
6530 1.000000 0.400000 0.169986 -4.477358 2.744108 -3.446777 3.528215 
6540 1.000000 0.400000 0.166787 -4.518966 2.708100 -3.608344 3.626824 
6550 1.000000 0.400000 0.161933 -4.556206 2.665722 -3.785587 3.689499 
6560 1.000000 0.400000 0.155843 -4.588101 2.617974 -3.951410 3.723788 
6570 1.000000 0.400000 0.149035 -4.615620 2.564052 -4.134761 3.685356 
6580 1.000000 0.400000 0.141915 -4.636618 2.503777 -4.326100 3.652793 
6590 1.000000 0.400000 0.135978 -4.648253 2.442089 -4.508737 3.703847 
6600 1.000000 0.400000 0.132658 -4.650414 2.389754 -4.691758 3.753379 
6610 1.000000 0.400000 0.131153 -4.646109 2.344661 -4.877468 3.804474 
6620 1.000000 0.400000 0.130798 -4.637317 2.306009 -5.063949 3.763308 
6630 1.000000 0.400000 0.130933 -4.624222 2.270117 -5.239616 3.682126 
6640 1.000000 0.400000 0.131360 -4.607948 2.238407 -5.409715 3.603030 
6650 1.000000 0.400000 0.131841 -4.588582 2.209673 -5.558798 3.481699 
6660 1.000000 0.400000 0.132247 -4.566120 2.183709 -5.667195 3.321215 
6670 1.000000 0.400000 0.132541 -4.540048 2.159580 -5.731978 3.157721 
6680 1.000000 0.400000 0.132750 -4.509947 2.137301 -5.783219 2.975933 
6690 1.000000 0.400000 0.133006 -4.476432 2.117986 -5.845547 2.800444 
6700 1.000000 0.400000 0.133503 -4.442123 2.103455 -5.887570 2.621396 
6710 1.000000 0.400000 0.134292 -4.403887 2.092127 -5.852705 2.433162 
6720 1.000000 0.400000 0.135543 -4.363463 2.085373 -5.830596 2.236979 
6730 1.000000 0.400000 0.137323 -4.322027 2.083482 -5.795839 2.062537 
6740 1.000000 0.400000 0.139465 -4.280006 2.086644 -5.713994 1.898170 
6750 1.000000 0.400000 0.141791 -4.237905 2.094997 -5.643113 1.722302 
6760 1.000000 0.400000 0.143921 -4.197261 2.108678 -5.534538 1.564212 
6770 1.000000 0.400000 0.145587 -4.158002 2.127715 -5.407586 1.416262 
6780 1.000000 0.400000 0.146681 -4.119375 2.152605 -5.239100 1.343485 
6790 1.000000 0.400000 0.147043 -4.081852 2.183566 -5.072751 1.257526 
6800 1.000000 0.400000 0.146556 -4.046897 2.220514 -4.891345 1.216309 
6810 1.000000 0.400000 0.145300 -4.013991 2.265109 -4.701750 1.207697 
6820 1.000000 0.400000 0.143701 -3.983753 2.318114 -4.511462 1.231136 
6830 1.000000 0.400000 0.142452 -3.958624 2.378537 -4.335084 1.276560 
6840 1.000000 0.400000 0.142705 -3.939390 2.447438 -4.165536 1.370520 
6850 1.000000 0.400000 0.145979 -3.926761 2.524540 -4.021372 1.464817 
6860 1.000000 0.400000 0.151943 -3.925018 2.604265 -3.859816 1.545480 
6870 1.000000 0.400000 0.159363 -3.935061 2.683675 -3.709739 1.626868 
6880 1.000000 0.400000 0.165954 -3.956109 2.756792 -3.572462 1.747554 
6890 1.000000 0.400000 0.171183 -3.988254 2.826590 -3.449336 1.885999 
6900 1.000000 0.400000 0.174289 -4.031581 2.892192 -3.365844 2.060468 
6910 1.000000 0.400000 0.174394 -4.085002 2.950130 -3.302135 2.235511 
6920 1.000000 0.400000 0.172422 -4.149445 3.002708 -3.309631 2.429265 
6930 1.000000 0.400000 0.169202 -4.224843 3.048481 -3.343539 2.615921 
6940 1.000000 0.400000 0.166283 -4.309964 3.084563 -3.396463 2.793542 
6950 1.000000 0.400000 0.165202 -4.399086 3.106742 -3.429815 2.973449 
6960 1.000000 0.400000 0.167000 -4.484640 3.112121 -3.439180 3.165551 
6970 1.000000 0.400000 0.169990 -4.555865 3.103769 -3.414354 3.348778 
6980 1.000000 0.400000 0.171576 -4.614065 3.087624 -3.409297 3.539054 
6990 1.000000 0.400000 0.171651 -4.663430 3.065546 -3.501870 3.705796 
7000 1.000000 0.400000 0.170182 -4.707436 3.037979 -3.618825 3.837474 
7010 1.000000 0.400000 0.167275 -4.747313 3.005182 -3.774947 3.920347 
7020 1.000000 0.400000 0.162841 -4.783655 2.966403 -3.961849 3.979758 
7030 1.000000 0.400000 0.156931 -4.815867 2.921088 -4.146173 4.029969 
7040 1.000000 0.400000 0.150066 -4.843648 2.869284 -4.329932 4.007996 
7050 1.000000 0.400000 0.142987 -4.864724 2.812354 -4.523571 4.002897 
7060 1.000000 0.400000 0.137000 -4.876716 2.754903 -4.704571 4.034578 
7070 1.000000 0.400000 0.133035 -4.879842 2.701458 -4.894442 4.045324 
7080 1.000000 0.400000 0.131157 -4.876371 2.655130 -5.068638 4.098073 
7090 1.000000 0.400000 0.130670 -4.868449 2.615791 -5.258143 4.075811 
7100 1.000000 0.400000 0.130866 -4.856503 2.580302 -5.443500 4.030173 
7110 1.000000 0.400000 0.131404 -4.841301 2.548563 -5.594743 3.930506 
7120 1.000000 0.400000 0.132008 -4.822319 2.518572 -5.731846 3.790269 
7130 1.000000 0.400000 0.132537 -4.798966 2.489897 -5.842819 3.628170 
7140 1.000000 0.400000 0.133043 -4.773419 2.465168 -5.972397 3.501861 
7150 1.000000 0.400000 0.133470 -4.744914 2.443436 -6.035274 3.314503 
7160 1.000000 0.400000 0.133897 -4.713550 2.424719 -6.075485 3.143025 
7170 1.000000 0.400000 0.134479 -4.678717 2.408715 -6.076954 2.970492 
7180 1.000000 0.400000 0.135356 -4.641227 2.396382 -6.106712 2.782120 
7190 1.000000 0.400000 0.136640 -4.601748 2.388430 -6.065412 2.596768 
7200 1.000000 0.400000 0.138401 -4.561427 2.384786 -6.057295 2.428468 
7210 1.000000 0.400000 0.140447 -4.521675 2.386210 -6.007472 2.239878 
7220 1.000000 0.400000 0.142642 -4.481284 2.392633 -5.921949 2.068092 
7230 1.000000 0.400000 0.144690 -4.441262 2.404289 -5.817054 1.906230 
7240 1.000000 0.400000 0.146417 -4.401283 2.421536 -5.668408 1.781378 
7250 1.000000 0.400000 0.147625 -4.360872 2.445112 -5.506372 1.674168 
7260 1.000000 0.400000 0.148023 -4.322053 2.475014 -5.337491 1.584716 
7270 1.000000 0.400000 0.147844 -4.282749 2.512358 -5.155639 1.580650 
7280 1.000000 0.400000 0.147138 -4.244272 2.557552 -4.972876 1.569480 
7290 1.000000 0.400000 0.145814 -4.209446 2.611320 -4.777892 1.580962 
7300 1.000000 0.400000 0.144858 -4.177807 2.675329 -4.614451 1.674484 
7310 1.000000 0.400000 0.145604 -4.151640 2.748993 -4.424640 1.726289 
7320 1.000000 0.400000 0.149115 -4.135084 2.829391 -4.254039 1.790497 
7330 1.000000 0.400000 0.155171 -4.131568 2.911750 -4.085710 1.871458 
7340 1.000000 0.400000 0.161996 -4.140830 2.989517 -3.914497 1.933156 
7350 1.000000 0.400000 0.168046 -4.161731 3.062185 -3.783625 2.050722 
7360 1.000000 0.400000 0.172767 -4.193716 3.131933 -3.660145 2.196205 
7370 1.000000 0.400000 0.175448 -4.236365 3.197377 -3.583974 2.351133 
7380 1.000000 0.400000 0.175694 -4.288986 3.257063 -3.517099 2.532750 
7390 1.000000 0.400000 0.173760 -4.352587 3.311276 -3.537302 2.713988 
7400 1.000000 0.400000 0.170660 -4.427514 3.359723 -3.564085 2.906005 
7410 1.000000 0.400000 0.167286 -4.511288 3.397745 -3.613615 3.083115 
7420 1.000000 0.400000 0.165814 -4.601945 3.423274 -3.642292 3.263588 
7430 1.000000 0.400000 0.167300 -4.689102 3.432598 -3.647289 3.428330 
7440 1.000000 0.400000 0.170549 -4.760974 3.428342 -3.587628 3.604640 
7450 1.000000 0.400000 0.172965 -4.816177 3.417697 -3.514406 3.760572 
7460 1.000000 0.400000 0.174173 -4.860838 3.403454 -3.556777 3.923392 
7470 1.000000 0.400000 0.174240 -4.902760 3.383937 -3.676232 4.065584 
7480 1.000000 0.400000 0.172984 -4.940912 3.359902 -3.772598 4.207943 
7490 1.000000 0.400000 0.170475 -4.976244 3.331296 -3.945755 4.293309 
7500 1.000000 0.400000 0.166479 -5.010111 3.296407 -4.132561 4.327103 
7510 1.000000 0.400000 0.161213 -5.041081 3.255857 -4.300292 4.369065 
7520 1.000000 0.400000 0.154823 -5.067495 3.209889 -4.496704 4.388888 
7530 1.000000 0.400000 0.147794 -5.088093 3.158800 -4.689947 4.384110 
7540 1.000000 0.400000 0.141012 -5.102378 3.103358 -4.868148 4.356183 
7550 1.000000 0.400000 0.135647 -5.108652 3.047263 -5.046778 4.339711 
7560 1.000000 0.400000 0.132659 -5.107837 2.997527 -5.222346 4.392350 
7570 1.000000 0.400000 0.131420 -5.101377 2.954725 -5.415927 4.406133 
7580 1.000000 0.400000 0.131200 -5.090565 2.917193 -5.603460 4.364571 
7590 1.000000 0.400000 0.131470 -5.075586 2.882025 -5.762529 4.263412 
7600 1.000000 0.400000 0.132019 -5.057473 2.850901 -5.931506 4.169083 
7610 1.000000 0.400000 0.132638 -5.036391 2.823042 -6.049749 4.027000 
7620 1.000000 0.400000 0.133162 -5.011389 2.796660 -6.130762 3.866575 
7630 1.000000 0.400000 0.133664 -4.983439 2.773130 -6.236460 3.717702 
7640 1.000000 0.400000 0.134168 -4.952236 2.752382 -6.263824 3.523136 
7650 1.000000 0.400000 0.134736 -4.917196 2.734726 -6.298424 3.328459 
7660 1.000000 0.400000 0.135575 -4.879187 2.720933 -6.282504 3.144840 
7670 1.000000 0.400000 0.136861 -4.837591 2.711222 -6.249584 2.954431 
7680 1.000000 0.400000 0.138740 -4.792825 2.706503 -6.197749 2.765964 
7690 1.000000 0.400000 0.141153 -4.746858 2.707378 -6.155936 2.595663 
7700 1.000000 0.400000 0.143699 -4.703681 2.713448 -6.121273 2.417673 
7710 1.000000 0.400000 0.146066 -4.661373 2.725116 -6.008034 2.259016 
7720 1.000000 0.400000 0.148186 -4.619889 2.741590 -5.899969 2.141489 
7730 1.000000 0.400000 0.149762 -4.579170 2.763694 -5.761193 2.025313 
7740 1.000000 0.400000 0.150514 -4.539877 2.791770 -5.589211 1.937423 
7750 1.000000 0.400000 0.150548 -4.499669 2.827665 -5.404955 1.918591 
7760 1.000000 0.400000 0.149806 -4.460394 2.871784 -5.214575 1.907372 
7770 1.000000 0.400000 0.148299 -4.424943 2.923561 -5.039962 1.919573 
7780 1.000000 0.400000 0.146836 -4.392632 2.984647 -4.847197 1.951689 
7790 1.000000 0.400000 0.146136 -4.367638 3.052772 -4.676509 2.001351 
7800 1.000000 0.400000 0.147403 -4.351412 3.127280 -4.496944 2.063814 
7810 1.000000 0.400000 0.151798 -4.345012 3.208629 -4.333411 2.164569 
7820 1.000000 0.400000 0.158440 -4.351497 3.291382 -4.172793 2.260892 
7830 1.000000 0.400000 0.164860 -4.371307 3.369143 -4.006501 2.357877 
7840 1.000000 0.400000 0.170338 -4.402142 3.442907 -3.916576 2.513533 
7850 1.000000 0.400000 0.174283 -4.444653 3.513687 -3.812789 2.671296 
7860 1.000000 0.400000 0.175135 -4.498226 3.576547 -3.765490 2.854976 
7870 1.000000 0.400000 0.173940 -4.563539 3.634209 -3.774060 3.037497 
7880 1.000000 0.400000 0.171124 -4.638341 3.683293 -3.772125 3.225921 
7890 1.000000 0.400000 0.167626 -4.719228 3.720383 -3.773075 3.395179 
7900 1.000000 0.400000 0.165825 -4.805824 3.746056 -3.844491 3.555796 
7910 1.000000 0.400000 0.166558 -4.888694 3.757471 -3.796443 3.720071 
7920 1.000000 0.400000 0.168966 -4.953246 3.757478 -3.707450 3.860094 
7930 1.000000 0.400000 0.171119 -5.005646 3.749899 -3.685811 4.047881 
7940 1.000000 0.400000 0.172021 -5.052631 3.736371 -3.754696 4.226192 
7950 1.000000 0.400000 0.171724 -5.094643 3.717588 -3.833283 4.403105 
7960 1.000000 0.400000 0.170320 -5.132150 3.694769 -3.968003 4.521359 
7970 1.000000 0.400000 0.167648 -5.166670 3.667187 -4.110342 4.639979 
7980 1.000000 0.400000 0.163699 -5.198334 3.634606 -4.284840 4.704602 
7990 1.000000 0.400000 0.158509 -5.228043 3.595752 -4.473389 4.700861 
8000 1.000000 0.400000 0.152212 -5.255446 3.549706 -4.663504 4.695952 
8010 1.000000 0.400000 0.145528 -5.277358 3.498751 -4.853208 4.724305 
8020 1.000000 0.400000 0.139196 -5.292594 3.443672 -5.037791 4.683033 
8030 1.000000 0.400000 0.134334 -5.299759 3.387998 -5.214212 4.702829 
8040 1.000000 0.400000 0.131852 -5.299974 3.338985 -5.376079 4.753668 
8050 1.000000 0.400000 0.131056 -5.294699 3.296388 -5.568818 4.749824 
8060 1.000000 0.400000 0.131231 -5.284797 3.257887 -5.754940 4.728082 
8070 1.000000 0.400000 0.131932 -5.271470 3.224142 -5.932792 4.648634 
8080 1.000000 0.400000 0.132812 -5.254427 3.192751 -6.078960 4.523765 
8090 1.000000 0.400000 0.133674 -5.233176 3.162745 -6.199240 4.372002 
8100 1.000000 0.400000 0.134420 -5.208417 3.135594 -6.320310 4.220917 
8110 1.000000 0.400000 0.135030 -5.180311 3.111196 -6.385346 4.048463 
8120 1.000000 0.400000 0.135523 -5.148173 3.089231 -6.434755 3.862707 
8130 1.000000 0.400000 0.136054 -5.112213 3.070430 -6.452867 3.675361 
8140 1.000000 0.400000 0.136788 -5.073146 3.055787 -6.475544 3.485104 
8150 1.000000 0.400000 0.137888 -5.031670 3.045850 -6.442467 3.298225 
8160 1.000000 0.400000 0.139538 -4.987379 3.040751 -6.402282 3.119264 
8170 1.000000 0.400000 0.141731 -4.941820 3.040978 -6.338715 2.945728 
8180 1.000000 0.400000 0.144214 -4.894951 3.047288 -6.250284 2.773612 
8190 1.000000 0.400000 0.146632 -4.848929 3.059873 -6.143436 2.611568 
8200 1.000000 0.400000 0.148832 -4.802460 3.078734 -6.007887 2.498857 
8210 1.000000 0.400000 0.150409 -4.756977 3.104248 -5.852939 2.402602 
8220 1.000000 0.400000 0.151282 -4.712591 3.136365 -5.705095 2.304201 
8230 1.000000 0.400000 0.151023 -4.671042 3.175799 -5.524556 2.237813 
8240 1.000000 0.400000 0.149587 -4.634173 3.222098 -5.330104 2.212350 
8250 1.000000 0.400000 0.147794 -4.598796 3.277590 -5.154518 2.261401 
8260 1.000000 0.400000 0.146561 -4.566243 3.341814 -4.994482 2.309710 
8270 1.000000 0.400000 0.146376 -4.541248 3.413833 -4.817012 2.374358 
8280 1.000000 0.400000 0.148949 -4.524460 3.493800 -4.653101 2.468192 
8290 1.000000 0.400000 0.154097 -4.520439 3.575454 -4.470462 2.512117 
8300 1.000000 0.400000 0.160505 -4.529753 3.655008 -4.310540 2.618843 
8310 1.000000 0.400000 0.167022 -4.551719 3.732942 -4.171608 2.746860 
8320 1.000000 0.400000 0.171929 -4.584516 3.804697 -4.064192 2.883794 
