8320 0 -4.303657 3.732887 1.868182 -4.064192 2.883794
8320 1 -4.672490 3.848863 2.125845 -4.064192 2.883794
8320 2 -4.822631 3.809716 2.275170 -4.064192 2.883794
8320 3 -4.631470 3.905160 2.047625 -4.064192 2.883794
8320 4 -4.602454 3.735286 2.171644 -4.064192 2.883794
8320 5 -4.689273 3.906312 2.113377 -4.064192 2.883794
8320 6 -4.502854 3.722854 2.079841 -4.064192 2.883794
8320 7 -4.288537 3.754365 1.780354 -4.064192 2.883794
8320 8 -4.632117 3.881985 2.064822 -4.064192 2.883794
8320 9 -4.775598 3.757361 2.305749 -4.064192 2.883794
8320 10 -4.730065 3.925866 2.102620 -4.064192 2.883794
8320 11 -4.628359 3.754083 2.173686 -4.064192 2.883794
8320 12 -4.603323 3.879271 2.047315 -4.064192 2.883794
8320 13 -4.768421 3.907996 2.157561 -4.064192 2.883794
8320 14 -4.700492 3.882334 2.130739 -4.064192 2.883794
8320 15 -4.504037 3.840625 1.963156 -4.064192 2.883794
8320 16 -4.573719 3.731016 2.124495 -4.064192 2.883794
8320 17 -4.654070 3.808374 2.130671 -4.064192 2.883794
8320 18 -4.807138 3.850038 2.224981 -4.064192 2.883794
8320 19 -4.616226 3.788871 2.143685 -4.064192 2.883794
8320 20 -4.778211 3.863323 2.202220 -4.064192 2.883794
8320 21 -4.721862 3.775136 2.237227 -4.064192 2.883794
8320 22 -4.622000 3.815424 2.120902 -4.064192 2.883794
8320 23 -4.783122 3.812475 2.236491 -4.064192 2.883794
8320 24 -4.475805 3.739379 2.023728 -4.064192 2.883794
8320 25 -4.518482 3.883537 1.953167 -4.064192 2.883794
8320 26 -4.537085 3.904026 1.969831 -4.064192 2.883794
8320 27 -4.300949 3.776049 1.807539 -4.064192 2.883794
8320 28 -4.334274 3.704564 1.890135 -4.064192 2.883794
8320 29 -4.801182 3.892623 2.189910 -4.064192 2.883794
8320 30 -4.810620 3.783730 2.291504 -4.064192 2.883794
8320 31 -4.420095 3.711017 1.985815 -4.064192 2.883794
8320 32 -4.427153 3.797666 1.915946 -4.064192 2.883794
8320 33 -4.678661 3.711091 2.242827 -4.064192 2.883794
8320 34 -4.632891 3.852589 2.086308 -4.064192 2.883794
8320 35 -4.440342 3.813231 1.943353 -4.064192 2.883794
8320 36 -4.411266 3.832916 1.901452 -4.064192 2.883794
8320 37 -4.453416 3.829112 1.952881 -4.064192 2.883794
8320 38 -4.480884 3.709036 2.064068 -4.064192 2.883794
8320 39 -4.677603 3.793102 2.164017 -4.064192 2.883794
8320 40 -4.528345 3.699867 2.112727 -4.064192 2.883794
8320 41 -4.634029 3.930839 2.044681 -4.064192 2.883794
8320 42 -4.703067 3.728957 2.252642 -4.064192 2.883794
8320 43 -4.713333 3.841595 2.159885 -4.064192 2.883794
8320 44 -4.661744 3.896869 2.069506 -4.064192 2.883794
8320 45 -4.855100 3.816833 2.302413 -4.064192 2.883794
8320 46 -4.492234 3.869157 1.963553 -4.064192 2.883794
8320 47 -4.522480 3.796647 1.999790 -4.064192 2.883794
8320 48 -4.638330 3.772046 2.151252 -4.064192 2.883794
8320 49 -4.798128 3.828826 2.246867 -4.064192 2.883794
8320 50 -4.341614 3.758101 1.863638 -4.064192 2.883794
8320 51 -4.825314 3.869581 2.237076 -4.064192 2.883794
8320 52 -4.580402 3.814573 2.082803 -4.064192 2.883794
8320 53 -4.533721 3.810916 2.051450 -4.064192 2.883794
8320 54 -4.525854 3.778545 2.079794 -4.064192 2.883794
8320 55 -4.757807 3.882315 2.174611 -4.064192 2.883794
8320 56 -4.557915 3.852016 2.027667 -4.064192 2.883794
8320 57 -4.527697 3.730471 2.075221 -4.064192 2.883794
8320 58 -4.553954 3.790339 2.048527 -4.064192 2.883794
8320 59 -4.474884 3.808224 1.976032 -4.064192 2.883794
8320 60 -4.379093 3.763759 1.890321 -4.064192 2.883794
8320 61 -4.380029 3.695624 1.950813 -4.064192 2.883794
8320 62 -4.484612 3.898361 1.936688 -4.064192 2.883794
8320 63 -4.511908 3.765853 2.036112 -4.064192 2.883794
8320 64 -4.501899 3.748553 2.039938 -4.064192 2.883794
8320 65 -4.756150 3.824603 2.216116 -4.064192 2.883794
8320 66 -4.558117 3.811978 2.053194 -4.064192 2.883794
8320 67 -4.696049 3.772450 2.231335 -4.064192 2.883794
8320 68 -4.483879 3.771256 2.017910 -4.064192 2.883794
8320 69 -4.730254 3.873286 2.147256 -4.064192 2.883794
8320 70 -4.699374 3.798453 2.205372 -4.064192 2.883794
8320 71 -4.709206 3.815768 2.178892 -4.064192 2.883794
8320 72 -4.650392 3.863884 2.110426 -4.064192 2.883794
8320 73 -4.657411 3.780744 2.182586 -4.064192 2.883794
8320 74 -4.580594 3.755034 2.121338 -4.064192 2.883794
8320 75 -4.566087 3.885564 2.009558 -4.064192 2.883794
8320 76 -4.731866 3.791602 2.204736 -4.064192 2.883794
8320 77 -4.698051 3.858931 2.144397 -4.064192 2.883794
8320 78 -4.730637 3.822468 2.206914 -4.064192 2.883794
8320 79 -4.642517 3.720730 2.231717 -4.064192 2.883794
8320 80 -4.385429 3.720602 1.943879 -4.064192 2.883794
8320 81 -4.636602 3.798033 2.133888 -4.064192 2.883794
8320 82 -4.470398 3.853631 1.939083 -4.064192 2.883794
8320 83 -4.557327 3.711418 2.137334 -4.064192 2.883794
8320 84 -4.526913 3.830549 1.975829 -4.064192 2.883794
8320 85 -4.609826 3.858761 2.073711 -4.064192 2.883794
8320 86 -4.455181 3.694860 2.031434 -4.064192 2.883794
8320 87 -4.548505 3.834538 2.034906 -4.064192 2.883794
8320 88 -4.852226 3.784025 2.334073 -4.064192 2.883794
8320 89 -4.764898 3.844417 2.196814 -4.064192 2.883794
8320 90 -4.625461 3.833681 2.104015 -4.064192 2.883794
8320 91 -4.463115 3.762578 1.992286 -4.064192 2.883794
8320 92 -4.453758 3.878367 1.903714 -4.064192 2.883794
8320 93 -4.545293 3.763077 2.051545 -4.064192 2.883794
8320 94 -4.678803 3.932364 2.063888 -4.064192 2.883794
8320 95 -4.544028 3.743380 2.118608 -4.064192 2.883794
8320 96 -4.371674 3.845994 1.843158 -4.064192 2.883794
8320 97 -4.411125 3.867206 1.873168 -4.064192 2.883794
8320 98 -4.441867 3.752023 1.974714 -4.064192 2.883794
8320 99 -4.417386 3.740636 1.961672 -4.064192 2.883794
8320 100 -4.651266 3.741925 2.182448 -4.064192 2.883794
8320 101 -4.389830 3.786096 1.895307 -4.064192 2.883794
8320 102 -4.596575 3.919993 2.015542 -4.064192 2.883794
8320 103 -4.747658 3.744374 2.269486 -4.064192 2.883794
8320 104 -4.437724 3.850288 1.902575 -4.064192 2.883794
8320 105 -4.589537 3.897030 2.003449 -4.064192 2.883794
8320 106 -4.597908 3.779087 2.102806 -4.064192 2.883794
8320 107 -4.546096 3.871445 1.971243 -4.064192 2.883794
8320 108 -4.824643 3.756024 2.324275 -4.064192 2.883794
8320 109 -4.384866 3.742745 1.925070 -4.064192 2.883794
8320 110 -4.749938 3.802716 2.248452 -4.064192 2.883794
8320 111 -4.434539 3.776603 1.969772 -4.064192 2.883794
8320 112 -4.672594 3.818125 2.164076 -4.064192 2.883794
8320 113 -4.502129 3.814243 2.001710 -4.064192 2.883794
8320 114 -4.287740 3.711631 1.819448 -4.064192 2.883794
8320 115 -4.718507 3.753239 2.261906 -4.064192 2.883794
8320 116 -4.736695 3.850540 2.204604 -4.064192 2.883794
8320 117 -4.460086 3.789278 1.974581 -4.064192 2.883794
8320 118 -4.579764 3.791800 2.094090 -4.064192 2.883794
8320 119 -4.359492 3.783392 1.865055 -4.064192 2.883794
8320 120 -4.401613 3.805397 1.917853 -4.064192 2.883794
8320 121 -4.377388 3.819253 1.869677 -4.064192 2.883794
8320 122 -4.675503 3.764148 2.185637 -4.064192 2.883794
8320 123 -4.448840 3.726384 2.012028 -4.064192 2.883794
8320 124 -4.789784 3.733191 2.329738 -4.064192 2.883794
8320 125 -4.341527 3.812923 1.841831 -4.064192 2.883794
8320 126 -4.521927 3.856762 1.998397 -4.064192 2.883794
8320 127 -4.759827 3.777503 2.241985 -4.064192 2.883794
8320 128 -4.849430 3.846686 2.269912 -4.064192 2.883794
8320 129 -4.781474 3.789561 2.291310 -4.064192 2.883794
8320 130 -4.347422 3.731978 1.899987 -4.064192 2.883794
8320 131 -4.651532 3.833500 2.124016 -4.064192 2.883794
8320 132 -4.565042 3.771036 2.119041 -4.064192 2.883794
8320 133 -4.605332 3.758874 2.145313 -4.064192 2.883794
8320 134 -4.676668 3.742330 2.248321 -4.064192 2.883794
8320 135 -4.581820 3.861022 2.030040 -4.064192 2.883794
8320 136 -4.735483 3.719471 2.288514 -4.064192 2.883794
8320 137 -4.672747 3.873517 2.116657 -4.064192 2.883794
8320 138 -4.620255 3.712887 2.187491 -4.064192 2.883794
8320 139 -4.325850 3.789468 1.831433 -4.064192 2.883794
8320 140 -4.688779 3.831288 2.166911 -4.064192 2.883794
8320 141 -4.493631 3.790892 2.011859 -4.064192 2.883794
8320 142 -4.480801 3.831494 1.974091 -4.064192 2.883794
8320 143 -4.601633 3.809327 2.090994 -4.064192 2.883794
8320 144 -4.599848 3.838000 2.090991 -4.064192 2.883794
8320 145 -4.411060 3.766704 1.927864 -4.064192 2.883794
8320 146 -4.595303 3.701942 2.161779 -4.064192 2.883794
8320 147 -4.725055 3.898833 2.132963 -4.064192 2.883794
8320 148 -4.577347 3.835507 2.036992 -4.064192 2.883794
8320 149 -4.560199 3.924997 1.990465 -4.064192 2.883794
