9758 0 -4.076767 5.118508 2.633235 -3.408857 4.729626
9758 1 -3.922641 4.991076 2.614077 -3.408857 4.729626
9758 2 -4.029100 4.986197 2.759145 -3.408857 4.729626
9758 3 -3.925184 4.882787 2.802065 -3.408857 4.729626
9758 4 -3.975926 4.898871 2.811004 -3.408857 4.729626
9758 5 -4.056875 4.917022 2.896885 -3.408857 4.729626
9758 6 -3.908891 4.925080 2.780119 -3.408857 4.729626
9758 7 -4.016882 5.071084 2.558135 -3.408857 4.729626
9758 8 -3.909872 4.828958 2.957182 -3.408857 4.729626
9758 9 -4.061857 5.067322 2.670461 -3.408857 4.729626
9758 10 -4.040215 4.896698 2.914572 -3.408857 4.729626
9758 11 -4.027839 5.143075 2.475400 -3.408857 4.729626
9758 12 -3.937625 5.052323 2.511661 -3.408857 4.729626
9758 13 -3.941419 4.873480 2.970108 -3.408857 4.729626
9758 14 -3.895662 4.859394 2.888409 -3.408857 4.729626
9758 15 -3.962259 5.099133 2.461912 -3.408857 4.729626
9758 16 -4.023143 4.882649 2.981947 -3.408857 4.729626
9758 17 -4.007350 4.892140 2.868757 -3.408857 4.729626
9758 18 -4.037646 5.066601 2.648990 -3.408857 4.729626
9758 19 -4.014334 4.943827 2.823641 -3.408857 4.729626
9758 20 -3.971602 4.979824 2.679071 -3.408857 4.729626
9758 21 -4.024839 4.817323 3.047038 -3.408857 4.729626
9758 22 -3.957834 4.846873 2.940968 -3.408857 4.729626
9758 23 -4.021396 4.914914 2.920539 -3.408857 4.729626
9758 24 -4.017003 5.041740 2.616250 -3.408857 4.729626
9758 25 -4.063161 5.012392 2.739805 -3.408857 4.729626
9758 26 -3.998368 5.059872 2.566058 -3.408857 4.729626
9758 27 -3.984049 4.818870 2.978617 -3.408857 4.729626
9758 28 -3.926723 4.793982 3.014970 -3.408857 4.729626
9758 29 -3.983742 5.044445 2.613492 -3.408857 4.729626
9758 30 -3.960654 5.043346 2.589846 -3.408857 4.729626
9758 31 -3.941196 5.003503 2.614394 -3.408857 4.729626
9758 32 -3.907190 4.881745 2.766792 -3.408857 4.729626
9758 33 -3.989682 4.856573 2.926570 -3.408857 4.729626
9758 34 -4.022334 4.851649 3.000379 -3.408857 4.729626
9758 35 -4.061347 4.852301 3.040983 -3.408857 4.729626
9758 36 -4.052326 5.133159 2.562268 -3.408857 4.729626
9758 37 -4.069440 4.985307 2.787611 -3.408857 4.729626
9758 38 -3.948801 4.914098 2.799222 -3.408857 4.729626
9758 39 -4.052805 5.093271 2.612903 -3.408857 4.729626
9758 40 -4.032203 4.957466 2.800728 -3.408857 4.729626
9758 41 -4.008267 5.000115 2.688983 -3.408857 4.729626
9758 42 -3.974813 4.774695 3.083879 -3.408857 4.729626
9758 43 -4.036043 4.930350 2.851697 -3.408857 4.729626
9758 44 -3.972821 4.919466 2.834582 -3.408857 4.729626
9758 45 -3.921209 4.946261 2.636978 -3.408857 4.729626
9758 46 -3.950217 4.766170 3.103150 -3.408857 4.729626
9758 47 -3.992322 4.986506 2.719381 -3.408857 4.729626
9758 48 -3.927153 4.841997 2.868100 -3.408857 4.729626
9758 49 -4.087367 4.937533 2.919316 -3.408857 4.729626
9758 50 -3.956428 5.016576 2.563145 -3.408857 4.729626
9758 51 -3.998918 4.960537 2.765235 -3.408857 4.729626
9758 52 -3.985095 5.018938 2.620003 -3.408857 4.729626
9758 53 -4.025723 5.014333 2.699985 -3.408857 4.729626
9758 54 -3.991625 5.087112 2.544311 -3.408857 4.729626
9758 55 -3.991522 4.888359 2.944409 -3.408857 4.729626
9758 56 -3.888736 4.808186 2.955145 -3.408857 4.729626
9758 57 -3.964423 4.814581 3.018323 -3.408857 4.729626
9758 58 -3.944830 4.831554 3.005292 -3.408857 4.729626
9758 59 -4.003520 5.025492 2.667138 -3.408857 4.729626
9758 60 -4.009985 5.102320 2.517919 -3.408857 4.729626
9758 61 -3.982081 4.953402 2.763356 -3.408857 4.729626
9758 62 -4.091969 4.989201 2.810994 -3.408857 4.729626
9758 63 -4.036912 5.035852 2.678883 -3.408857 4.729626
9758 64 -4.004087 4.845345 3.049275 -3.408857 4.729626
9758 65 -3.946850 4.799820 3.036029 -3.408857 4.729626
9758 66 -3.901826 4.734742 -3.124519 -3.408857 4.729626
9758 67 -3.939004 4.934958 2.753841 -3.408857 4.729626
9758 68 -4.002696 5.138572 2.449144 -3.408857 4.729626
9758 69 -3.987465 4.931087 2.774770 -3.408857 4.729626
9758 70 -3.961595 4.961755 2.728226 -3.408857 4.729626
9758 71 -4.056194 5.038723 2.722221 -3.408857 4.729626
9758 72 -4.003427 4.922325 2.866718 -3.408857 4.729626
9758 73 -3.906694 4.786859 3.052952 -3.408857 4.729626
9758 74 -3.882951 4.758212 3.057247 -3.408857 4.729626
9758 75 -4.001514 4.803410 3.113582 -3.408857 4.729626
9758 76 -3.968652 5.070003 2.502764 -3.408857 4.729626
9758 77 -3.926273 4.751878 3.110367 -3.408857 4.729626
9758 78 -4.086760 5.019599 2.768173 -3.408857 4.729626
9758 79 -4.078357 5.046220 2.730377 -3.408857 4.729626
9758 80 -3.967077 4.879530 2.928259 -3.408857 4.729626
9758 81 -4.109452 4.967846 2.877935 -3.408857 4.729626
9758 82 -3.972161 4.858088 2.930216 -3.408857 4.729626
9758 83 -4.082657 5.086991 2.659437 -3.408857 4.729626
9758 84 -4.066709 4.890387 2.998177 -3.408857 4.729626
9758 85 -3.959811 4.938670 2.745273 -3.408857 4.729626
9758 86 -4.049294 4.974489 2.821293 -3.408857 4.729626
9758 87 -4.112105 5.025286 2.798906 -3.408857 4.729626
9758 88 -3.949806 4.892773 2.783464 -3.408857 4.729626
9758 89 -4.090178 4.905546 2.936179 -3.408857 4.729626
9758 90 -4.071482 4.957409 2.839660 -3.408857 4.729626
9758 91 -3.973969 5.002325 2.686466 -3.408857 4.729626
9758 92 -4.031963 5.104237 2.565644 -3.408857 4.729626
9758 93 -3.942150 4.970425 2.655228 -3.408857 4.729626
9758 94 -4.053394 4.944822 2.867627 -3.408857 4.729626
9758 95 -4.013547 4.973399 2.758366 -3.408857 4.729626
9758 96 -3.982020 5.120758 2.462671 -3.408857 4.729626
9758 97 -4.040428 4.864225 2.953471 -3.408857 4.729626
9758 98 -4.103470 5.064728 2.724267 -3.408857 4.729626
9758 99 -4.044696 5.002387 2.747565 -3.408857 4.729626
