10 1.000000 0.400000 0.783400 0.058607 0.112716 0.008612 -1.808743 
20 1.000000 0.400000 0.779211 0.057322 0.139502 -0.020382 -1.621153 
30 1.000000 0.400000 0.778187 0.056375 0.170704 -0.141020 -1.473377 
40 1.000000 0.400000 0.779690 0.057678 0.203262 -0.325443 -1.419943 
50 1.000000 0.400000 0.782597 0.061911 0.234990 -0.501890 -1.367633 
60 1.000000 0.400000 0.785543 0.068827 0.264447 -0.667353 -1.289502 
70 1.000000 0.400000 0.788267 0.078514 0.293280 -0.831444 -1.191202 
80 1.000000 0.400000 0.789635 0.090984 0.320542 -0.982770 -1.077314 
90 1.000000 0.400000 0.789148 0.106013 0.346044 -1.113265 -0.944249 
100 1.000000 0.400000 0.786624 0.123731 0.370138 -1.207895 -0.784732 
110 1.000000 0.400000 0.781902 0.144481 0.393098 -1.290249 -0.610420 
120 1.000000 0.400000 0.774908 0.168451 0.414648 -1.333647 -0.427499 
130 1.000000 0.400000 0.765934 0.196108 0.434898 -1.348548 -0.241252 
140 1.000000 0.400000 0.755445 0.227161 0.452955 -1.333754 -0.045597 
150 1.000000 0.400000 0.744488 0.261817 0.468839 -1.293571 0.121561 
160 1.000000 0.400000 0.734201 0.300202 0.482372 -1.255488 0.297037 
170 1.000000 0.400000 0.724948 0.340357 0.491727 -1.216338 0.485820 
180 1.000000 0.400000 0.716999 0.380270 0.496163 -1.202474 0.678852 
190 1.000000 0.400000 0.710019 0.417744 0.495613 -1.180484 0.873343 
200 1.000000 0.400000 0.703609 0.452788 0.490921 -1.141652 1.051006 
210 1.000000 0.400000 0.697169 0.485361 0.482641 -1.080371 1.231243 
220 1.000000 0.400000 0.689965 0.515689 0.470949 -0.980800 1.401439 
230 1.000000 0.400000 0.681505 0.545091 0.455829 -0.824283 1.498826 
240 1.000000 0.400000 0.671076 0.573656 0.436737 -0.663859 1.612406 
250 1.000000 0.400000 0.658638 0.601086 0.413627 -0.493116 1.666710 
260 1.000000 0.400000 0.643953 0.627963 0.385717 -0.300447 1.683547 
270 1.000000 0.400000 0.627420 0.653843 0.352750 -0.117161 1.695444 
280 1.000000 0.400000 0.609696 0.676998 0.315479 0.050384 1.666530 
290 1.000000 0.400000 0.591669 0.698425 0.272714 0.230325 1.614642 
300 1.000000 0.400000 0.574320 0.716002 0.224926 0.416896 1.572549 
310 1.000000 0.400000 0.559445 0.728349 0.173139 0.598330 1.501526 
320 1.000000 0.400000 0.549099 0.734274 0.122186 0.767474 1.486603 
330 1.000000 0.400000 0.543059 0.733688 0.072532 0.949822 1.466371 
340 1.000000 0.400000 0.540274 0.727411 0.028230 1.132455 1.466585 
350 1.000000 0.400000 0.538779 0.717476 -0.008861 1.319494 1.463112 
360 1.000000 0.400000 0.537409 0.704507 -0.041781 1.479766 1.365809 
370 1.000000 0.400000 0.535496 0.688678 -0.071832 1.630596 1.265099 
380 1.000000 0.400000 0.532573 0.669050 -0.100716 1.713461 1.100836 
390 1.000000 0.400000 0.528664 0.645441 -0.128867 1.796459 0.937994 
400 1.000000 0.400000 0.523493 0.618136 -0.155136 1.881332 0.769042 
410 1.000000 0.400000 0.517221 0.586841 -0.179103 1.879514 0.579308 
420 1.000000 0.400000 0.510694 0.551594 -0.200480 1.926417 0.400587 
430 1.000000 0.400000 0.504886 0.514027 -0.217532 1.939675 0.212245 
440 1.000000 0.400000 0.501262 0.472646 -0.231281 1.878332 0.031602 
450 1.000000 0.400000 0.501130 0.429090 -0.240268 1.869108 -0.157468 
460 1.000000 0.400000 0.504648 0.388189 -0.243667 1.921307 -0.343192 
470 1.000000 0.400000 0.509084 0.353947 -0.242793 1.996764 -0.517448 
480 1.000000 0.400000 0.513011 0.325052 -0.239031 2.041929 -0.705384 
490 1.000000 0.400000 0.516095 0.299604 -0.233154 2.020296 -0.878629 
500 1.000000 0.400000 0.517828 0.277171 -0.225809 2.022347 -1.056824 
510 1.000000 0.400000 0.517925 0.256977 -0.217119 1.934084 -1.202375 
520 1.000000 0.400000 0.516086 0.237730 -0.206541 1.830111 -1.369985 
530 1.000000 0.400000 0.511505 0.219501 -0.193993 1.677828 -1.472020 
540 1.000000 0.400000 0.504226 0.201234 -0.178727 1.511891 -1.560205 
550 1.000000 0.400000 0.493775 0.183244 -0.160507 1.321118 -1.593601 
560 1.000000 0.400000 0.479960 0.164995 -0.138455 1.141326 -1.579807 
570 1.000000 0.400000 0.463057 0.146831 -0.112151 0.957660 -1.578091 
580 1.000000 0.400000 0.442614 0.130026 -0.081552 0.770190 -1.563687 
590 1.000000 0.400000 0.419141 0.115288 -0.046174 0.588788 -1.505488 
600 1.000000 0.400000 0.394829 0.102082 -0.004626 0.427672 -1.414727 
610 1.000000 0.400000 0.372209 0.091199 0.043395 0.293877 -1.286843 
620 1.000000 0.400000 0.354121 0.083628 0.099320 0.155165 -1.147209 
630 1.000000 0.400000 0.344485 0.080892 0.161962 0.046107 -1.010906 
640 1.000000 0.400000 0.344164 0.085467 0.227541 -0.124101 -0.920513 
650 1.000000 0.400000 0.348155 0.096970 0.284283 -0.292964 -0.965300 
660 1.000000 0.400000 0.351607 0.112240 0.329288 -0.479501 -0.966232 
670 1.000000 0.400000 0.353645 0.131357 0.368591 -0.640762 -0.856410 
680 1.000000 0.400000 0.353833 0.154397 0.404175 -0.759477 -0.719464 
690 1.000000 0.400000 0.351965 0.182476 0.437868 -0.847121 -0.548290 
700 1.000000 0.400000 0.348089 0.216020 0.470345 -0.863599 -0.372532 
710 1.000000 0.400000 0.341845 0.255263 0.500415 -0.915782 -0.183947 
720 1.000000 0.400000 0.333242 0.300724 0.527364 -0.919919 0.001970 
730 1.000000 0.400000 0.322802 0.350664 0.548849 -0.893524 0.188345 
740 1.000000 0.400000 0.311666 0.404329 0.564275 -0.860840 0.360749 
750 1.000000 0.400000 0.300977 0.459410 0.572260 -0.856902 0.554717 
760 1.000000 0.400000 0.291273 0.514692 0.572113 -0.787876 0.737087 
770 1.000000 0.400000 0.282824 0.569934 0.564127 -0.715413 0.907518 
780 1.000000 0.400000 0.275338 0.618849 0.549240 -0.655422 1.094246 
790 1.000000 0.400000 0.267782 0.662265 0.528714 -0.547641 1.245276 
800 1.000000 0.400000 0.259381 0.702674 0.502247 -0.392662 1.358081 
810 1.000000 0.400000 0.249956 0.740019 0.469948 -0.259649 1.478891 
820 1.000000 0.400000 0.239909 0.773080 0.433337 -0.067009 1.496897 
830 1.000000 0.400000 0.228921 0.803486 0.390092 0.114723 1.521869 
840 1.000000 0.400000 0.217548 0.830128 0.340318 0.301548 1.514014 
850 1.000000 0.400000 0.206955 0.850385 0.285786 0.486129 1.496370 
860 1.000000 0.400000 0.198262 0.863067 0.227758 0.682014 1.468231 
870 1.000000 0.400000 0.192607 0.866971 0.170602 0.856862 1.493138 
880 1.000000 0.400000 0.189852 0.864309 0.118672 1.005419 1.461296 
890 1.000000 0.400000 0.188940 0.856217 0.072323 1.188438 1.450288 
900 1.000000 0.400000 0.188866 0.843619 0.031763 1.366033 1.407062 
910 1.000000 0.400000 0.188957 0.827228 -0.004378 1.541071 1.331430 
920 1.000000 0.400000 0.188852 0.806649 -0.037949 1.668078 1.185782 
930 1.000000 0.400000 0.188399 0.781727 -0.069366 1.774206 1.031240 
940 1.000000 0.400000 0.187361 0.751675 -0.099351 1.840574 0.856945 
950 1.000000 0.400000 0.185664 0.717043 -0.126725 1.886606 0.686384 
960 1.000000 0.400000 0.183543 0.677471 -0.151662 1.891115 0.506466 
970 1.000000 0.400000 0.181083 0.631952 -0.173612 1.862908 0.314006 
980 1.000000 0.400000 0.178787 0.580487 -0.191524 1.811873 0.143051 
990 1.000000 0.400000 0.176942 0.524705 -0.203291 1.787308 -0.051242 
1000 1.000000 0.400000 0.175939 0.467486 -0.207839 1.726110 -0.219642 
1010 1.000000 0.400000 0.176672 0.408640 -0.204517 1.646984 -0.384098 
1020 1.000000 0.400000 0.177703 0.350029 -0.193087 1.542786 -0.529867 
1030 1.000000 0.400000 0.178858 0.290571 -0.173328 1.402037 -0.640388 
1040 1.000000 0.400000 0.178969 0.234209 -0.145529 1.272214 -0.773207 
1050 1.000000 0.400000 0.177528 0.179763 -0.108611 1.091782 -0.843601 
1060 1.000000 0.400000 0.174431 0.126741 -0.061584 0.906664 -0.877479 
1070 1.000000 0.400000 0.169781 0.076061 -0.003971 0.717853 -0.857221 
1080 1.000000 0.400000 0.163689 0.029513 0.065366 0.527874 -0.810095 
1090 1.000000 0.400000 0.157751 -0.012167 0.146610 0.351779 -0.756629 
1100 1.000000 0.400000 0.153875 -0.044576 0.236778 0.192295 -0.677068 
1110 1.000000 0.400000 0.153876 -0.062567 0.332040 0.016909 -0.619144 
1120 1.000000 0.400000 0.157215 -0.063325 0.420314 -0.163576 -0.604911 
1130 1.000000 0.400000 0.160752 -0.050628 0.495228 -0.353211 -0.599964 
1140 1.000000 0.400000 0.162586 -0.028230 0.559123 -0.525482 -0.527089 
1150 1.000000 0.400000 0.162123 0.002180 0.615108 -0.661725 -0.391102 
1160 1.000000 0.400000 0.159072 0.040100 0.664685 -0.770479 -0.241716 
1170 1.000000 0.400000 0.154010 0.086586 0.711440 -0.799222 -0.055422 
1180 1.000000 0.400000 0.147124 0.142547 0.755438 -0.790754 0.127968 
1190 1.000000 0.400000 0.138111 0.206468 0.792132 -0.775262 0.311845 
1200 1.000000 0.400000 0.127860 0.279657 0.822172 -0.738117 0.502698 
1210 1.000000 0.400000 0.117412 0.357872 0.840540 -0.689748 0.678647 
1220 1.000000 0.400000 0.108909 0.432689 0.845716 -0.722759 0.864615 
1230 1.000000 0.400000 0.104063 0.489750 0.843172 -0.874589 0.885779 
1240 1.000000 0.400000 0.102297 0.533825 0.844488 -0.936899 0.721867 
1250 1.000000 0.400000 0.102233 0.571201 0.850071 -0.974149 0.535529 
1260 1.000000 0.400000 0.103061 0.604175 0.859115 -0.923467 0.358232 
1270 1.000000 0.400000 0.104358 0.634479 0.871228 -0.840678 0.191594 
1280 1.000000 0.400000 0.105883 0.663056 0.886554 -0.740106 0.042927 
1290 1.000000 0.400000 0.107425 0.689120 0.904550 -0.600903 -0.084777 
1300 1.000000 0.400000 0.108996 0.715597 0.926615 -0.441587 -0.136128 
1310 1.000000 0.400000 0.110448 0.740342 0.952356 -0.279007 -0.233380 
1320 1.000000 0.400000 0.111572 0.762270 0.981370 -0.097509 -0.313110 
1330 1.000000 0.400000 0.112435 0.781496 1.013979 0.084585 -0.330011 
1340 1.000000 0.400000 0.113103 0.797755 1.050379 0.277854 -0.336878 
1350 1.000000 0.400000 0.113646 0.810382 1.090532 0.454946 -0.297282 
1360 1.000000 0.400000 0.114246 0.819243 1.134807 0.617967 -0.234210 
1370 1.000000 0.400000 0.115039 0.823426 1.184023 0.802122 -0.166054 
1380 1.000000 0.400000 0.115980 0.821447 1.236478 0.948948 -0.055161 
1390 1.000000 0.400000 0.117017 0.812463 1.293239 1.079990 0.081776 
1400 1.000000 0.400000 0.118004 0.795185 1.354145 1.195422 0.239032 
1410 1.000000 0.400000 0.118361 0.768533 1.415733 1.298630 0.389551 
1420 1.000000 0.400000 0.117886 0.731511 1.478700 1.346473 0.574094 
1430 1.000000 0.400000 0.116621 0.682568 1.543246 1.340895 0.759943 
1440 1.000000 0.400000 0.114555 0.621288 1.607169 1.348153 0.948934 
1450 1.000000 0.400000 0.111351 0.546330 1.666510 1.332882 1.143302 
1460 1.000000 0.400000 0.107305 0.460162 1.715747 1.267119 1.304379 
1470 1.000000 0.400000 0.104637 0.363189 1.756221 1.191519 1.475647 
1480 1.000000 0.400000 0.105996 0.256719 1.785796 1.087635 1.611178 
1490 1.000000 0.400000 0.112110 0.146922 1.798856 1.019427 1.793592 
1500 1.000000 0.400000 0.120114 0.045740 1.788909 0.969091 1.979281 
1510 1.000000 0.400000 0.125937 -0.042824 1.762249 0.871966 2.142312 
1520 1.000000 0.400000 0.129212 -0.121879 1.721682 0.729287 2.271910 
1530 1.000000 0.400000 0.129184 -0.190011 1.669587 0.562704 2.348286 
1540 1.000000 0.400000 0.126475 -0.247578 1.609089 0.401102 2.422020 
1550 1.000000 0.400000 0.121395 -0.295707 1.539316 0.212280 2.418135 
1560 1.000000 0.400000 0.114941 -0.334257 1.461544 0.052964 2.393282 
1570 1.000000 0.400000 0.108232 -0.361856 1.378029 -0.119695 2.367490 
1580 1.000000 0.400000 0.102425 -0.374575 1.296620 -0.306088 2.382695 
1590 1.000000 0.400000 0.098988 -0.375882 1.232278 -0.387039 2.526687 
1600 1.000000 0.400000 0.098287 -0.378212 1.184608 -0.246054 2.618238 
1610 1.000000 0.400000 0.099254 -0.384735 1.144644 -0.058426 2.621466 
1620 1.000000 0.400000 0.101200 -0.395421 1.108630 0.112965 2.557715 
1630 1.000000 0.400000 0.103630 -0.409812 1.075112 0.282955 2.476554 
1640 1.000000 0.400000 0.106227 -0.427970 1.043710 0.415221 2.339755 
1650 1.000000 0.400000 0.108694 -0.449602 1.014869 0.553018 2.205413 
1660 1.000000 0.400000 0.110956 -0.475291 0.988020 0.644101 2.029904 
1670 1.000000 0.400000 0.112933 -0.504987 0.963191 0.701131 1.861220 
1680 1.000000 0.400000 0.114639 -0.538755 0.940669 0.726502 1.683299 
1690 1.000000 0.400000 0.115920 -0.575728 0.922099 0.768750 1.495153 
1700 1.000000 0.400000 0.116933 -0.616545 0.907333 0.739336 1.313073 
1710 1.000000 0.400000 0.117913 -0.661696 0.896506 0.693468 1.137278 
1720 1.000000 0.400000 0.118519 -0.710619 0.890299 0.629721 0.963249 
1730 1.000000 0.400000 0.119692 -0.761948 0.890294 0.523614 0.804601 
1740 1.000000 0.400000 0.121197 -0.819837 0.897365 0.383316 0.682378 
1750 1.000000 0.400000 0.122537 -0.881555 0.912499 0.258836 0.543495 
1760 1.000000 0.400000 0.123283 -0.944657 0.937039 0.087203 0.451455 
1770 1.000000 0.400000 0.123150 -1.009348 0.972328 -0.090717 0.385171 
1780 1.000000 0.400000 0.121913 -1.074803 1.019447 -0.273971 0.342036 
1790 1.000000 0.400000 0.119070 -1.136777 1.078685 -0.467340 0.322876 
1800 1.000000 0.400000 0.114697 -1.192647 1.149535 -0.638535 0.344713 
1810 1.000000 0.400000 0.109404 -1.241183 1.231394 -0.817146 0.401903 
1820 1.000000 0.400000 0.104548 -1.282607 1.326095 -0.986325 0.488455 
1830 1.000000 0.400000 0.102508 -1.312951 1.432110 -1.141609 0.597699 
1840 1.000000 0.400000 0.106533 -1.329501 1.545717 -1.282705 0.682442 
1850 1.000000 0.400000 0.113338 -1.324634 1.650512 -1.467718 0.737588 
1860 1.000000 0.400000 0.118790 -1.301772 1.740209 -1.654744 0.789280 
1870 1.000000 0.400000 0.121103 -1.266988 1.813461 -1.818694 0.889828 
1880 1.000000 0.400000 0.120666 -1.222806 1.875525 -1.932474 1.032558 
1890 1.000000 0.400000 0.118171 -1.169876 1.930488 -1.957393 1.209639 
1900 1.000000 0.400000 0.114044 -1.106707 1.980399 -1.992999 1.396980 
1910 1.000000 0.400000 0.108231 -1.037093 2.019393 -2.011284 1.570213 
1920 1.000000 0.400000 0.101588 -0.963620 2.046242 -1.989566 1.754235 
1930 1.000000 0.400000 0.095214 -0.889394 2.060515 -2.028568 1.939501 
1940 1.000000 0.400000 0.091718 -0.830820 2.068000 -2.139887 1.831637 
1950 1.000000 0.400000 0.091221 -0.785512 2.079716 -2.157624 1.640778 
1960 1.000000 0.400000 0.092142 -0.748280 2.094339 -2.138126 1.463914 
1970 1.000000 0.400000 0.093779 -0.716675 2.111292 -2.062999 1.289382 
1980 1.000000 0.400000 0.095805 -0.688317 2.131338 -1.929984 1.152461 
1990 1.000000 0.400000 0.098002 -0.662571 2.154476 -1.781641 1.041244 
2000 1.000000 0.400000 0.100306 -0.638980 2.181165 -1.600813 0.966158 
2010 1.000000 0.400000 0.102439 -0.618616 2.210602 -1.432242 0.876209 
2020 1.000000 0.400000 0.104480 -0.601258 2.242920 -1.253889 0.848907 
2030 1.000000 0.400000 0.106418 -0.586916 2.278227 -1.078519 0.866151 
2040 1.000000 0.400000 0.108333 -0.575969 2.317356 -0.884357 0.879872 
2050 1.000000 0.400000 0.110226 -0.569068 2.359699 -0.714988 0.934777 
2060 1.000000 0.400000 0.112063 -0.567088 2.405135 -0.548151 1.011505 
2070 1.000000 0.400000 0.113870 -0.570625 2.453556 -0.385611 1.105419 
2080 1.000000 0.400000 0.115396 -0.580748 2.504487 -0.253408 1.248755 
2090 1.000000 0.400000 0.116634 -0.598655 2.559796 -0.141759 1.413242 
2100 1.000000 0.400000 0.117231 -0.624571 2.615755 -0.029637 1.547053 
2110 1.000000 0.400000 0.116530 -0.659367 2.669541 0.048855 1.724225 
2120 1.000000 0.400000 0.114688 -0.703631 2.722644 0.097040 1.895510 
2130 1.000000 0.400000 0.111776 -0.757923 2.774267 0.054606 2.076956 
2140 1.000000 0.400000 0.108959 -0.821404 2.827315 -0.023451 2.212646 
2150 1.000000 0.400000 0.106029 -0.896766 2.878735 -0.083833 2.388547 
2160 1.000000 0.400000 0.103745 -0.984522 2.925558 -0.167415 2.531298 
2170 1.000000 0.400000 0.103305 -1.078733 2.961598 -0.215047 2.698012 
2180 1.000000 0.400000 0.106720 -1.181077 2.986417 -0.303620 2.851784 
2190 1.000000 0.400000 0.113580 -1.285017 2.994812 -0.377193 3.015432 
2200 1.000000 0.400000 0.121381 -1.380544 2.983809 -0.438280 3.187391 
2210 1.000000 0.400000 0.127213 -1.466638 2.957286 -0.534382 3.346891 
2220 1.000000 0.400000 0.130514 -1.544151 2.917761 -0.683121 3.464385 
2230 1.000000 0.400000 0.130622 -1.612066 2.866309 -0.857970 3.550631 
2240 1.000000 0.400000 0.127705 -1.670458 2.804131 -1.036490 3.601068 
2250 1.000000 0.400000 0.122321 -1.719028 2.732230 -1.227371 3.606895 
2260 1.000000 0.400000 0.115199 -1.757383 2.650555 -1.412094 3.562164 
2270 1.000000 0.400000 0.107930 -1.784228 2.561538 -1.591542 3.526176 
2280 1.000000 0.400000 0.101852 -1.793267 2.478707 -1.773936 3.580190 
2290 1.000000 0.400000 0.098824 -1.793249 2.416506 -1.791290 3.744410 
2300 1.000000 0.400000 0.098594 -1.796226 2.370722 -1.623904 3.819230 
2310 1.000000 0.400000 0.099928 -1.803674 2.331862 -1.438923 3.821991 
2320 1.000000 0.400000 0.101962 -1.814515 2.297949 -1.251088 3.775820 
2330 1.000000 0.400000 0.104371 -1.829190 2.266116 -1.097193 3.656797 
2340 1.000000 0.400000 0.106930 -1.847679 2.235687 -0.960522 3.527826 
2350 1.000000 0.400000 0.109409 -1.870123 2.206890 -0.862358 3.376614 
2360 1.000000 0.400000 0.111571 -1.895594 2.180956 -0.736087 3.226955 
2370 1.000000 0.400000 0.113379 -1.924215 2.157923 -0.673398 3.059232 
2380 1.000000 0.400000 0.114781 -1.955918 2.137865 -0.628778 2.870988 
2390 1.000000 0.400000 0.115901 -1.991682 2.120611 -0.622675 2.687503 
2400 1.000000 0.400000 0.116832 -2.032108 2.106463 -0.673709 2.499617 
2410 1.000000 0.400000 0.117916 -2.078939 2.095489 -0.746833 2.321267 
2420 1.000000 0.400000 0.118690 -2.130753 2.089042 -0.823613 2.164447 
2430 1.000000 0.400000 0.120388 -2.185311 2.088802 -0.929615 2.007069 
2440 1.000000 0.400000 0.122534 -2.246335 2.095899 -1.063880 1.880200 
2450 1.000000 0.400000 0.124221 -2.309140 2.111896 -1.195785 1.748237 
2460 1.000000 0.400000 0.125462 -2.374461 2.137672 -1.348290 1.645090 
2470 1.000000 0.400000 0.125339 -2.436155 2.172892 -1.502406 1.552670 
2480 1.000000 0.400000 0.123743 -2.495823 2.218691 -1.685191 1.515784 
2490 1.000000 0.400000 0.121118 -2.555764 2.276396 -1.868872 1.528603 
2500 1.000000 0.400000 0.117169 -2.612159 2.346564 -2.059662 1.551769 
2510 1.000000 0.400000 0.112158 -2.662523 2.430006 -2.244429 1.611276 
2520 1.000000 0.400000 0.106950 -2.701635 2.524216 -2.417636 1.678713 
2530 1.000000 0.400000 0.104742 -2.730107 2.630743 -2.572022 1.800922 
2540 1.000000 0.400000 0.108060 -2.741753 2.743406 -2.745681 1.867162 
2550 1.000000 0.400000 0.114119 -2.732954 2.845745 -2.888475 1.900548 
2560 1.000000 0.400000 0.119251 -2.712850 2.929102 -3.046448 1.925438 
2570 1.000000 0.400000 0.122163 -2.682446 3.000585 -3.193978 2.038728 
2580 1.000000 0.400000 0.122575 -2.642097 3.063197 -3.337388 2.173853 
2590 1.000000 0.400000 0.120724 -2.592431 3.118984 -3.396967 2.357304 
2600 1.000000 0.400000 0.116510 -2.534656 3.165492 -3.446155 2.544283 
2610 1.000000 0.400000 0.110538 -2.468091 3.204228 -3.449525 2.735128 
2620 1.000000 0.400000 0.103437 -2.395198 3.232263 -3.435235 2.931807 
2630 1.000000 0.400000 0.096358 -2.319978 3.247449 -3.435208 3.121030 
2640 1.000000 0.400000 0.092054 -2.258976 3.254644 -3.550970 3.041654 
2650 1.000000 0.400000 0.090920 -2.211799 3.265887 -3.569805 2.859771 
2660 1.000000 0.400000 0.091414 -2.173343 3.280272 -3.576995 2.670712 
2670 1.000000 0.400000 0.092800 -2.140491 3.297292 -3.473903 2.513766 
2680 1.000000 0.400000 0.094652 -2.110810 3.317458 -3.363534 2.365793 
2690 1.000000 0.400000 0.096688 -2.084502 3.340269 -3.262477 2.219246 
2700 1.000000 0.400000 0.098665 -2.062351 3.364023 -3.099351 2.136467 
2710 1.000000 0.400000 0.100660 -2.041984 3.391304 -2.919051 2.069427 
2720 1.000000 0.400000 0.102542 -2.024698 3.421274 -2.737057 2.013239 
2730 1.000000 0.400000 0.104383 -2.010201 3.454466 -2.547367 2.017818 
2740 1.000000 0.400000 0.106244 -1.998649 3.491528 -2.361256 2.036531 
2750 1.000000 0.400000 0.108034 -1.991307 3.530934 -2.181250 2.064718 
2760 1.000000 0.400000 0.109931 -1.987712 3.574200 -2.023211 2.142038 
2770 1.000000 0.400000 0.111761 -1.989298 3.619826 -1.849962 2.230986 
2780 1.000000 0.400000 0.113442 -1.996900 3.668841 -1.716290 2.368108 
2790 1.000000 0.400000 0.114811 -2.011633 3.721144 -1.587278 2.517547 
2800 1.000000 0.400000 0.115666 -2.034719 3.776671 -1.500323 2.682116 
2810 1.000000 0.400000 0.115935 -2.066336 3.834362 -1.445002 2.852695 
2820 1.000000 0.400000 0.115023 -2.108051 3.891600 -1.387316 3.033802 
2830 1.000000 0.400000 0.112968 -2.160176 3.947532 -1.366213 3.214117 
2840 1.000000 0.400000 0.109735 -2.224021 4.000882 -1.413512 3.401585 
2850 1.000000 0.400000 0.106414 -2.301224 4.053861 -1.492504 3.572632 
2860 1.000000 0.400000 0.102956 -2.390045 4.098036 -1.552133 3.749855 
2870 1.000000 0.400000 0.101591 -2.488478 4.132274 -1.625159 3.905499 
2880 1.000000 0.400000 0.105307 -2.597185 4.156976 -1.759674 4.031425 
2890 1.000000 0.400000 0.113521 -2.707564 4.164930 -1.838452 4.195559 
2900 1.000000 0.400000 0.121992 -2.806447 4.151288 -1.887101 4.380342 
2910 1.000000 0.400000 0.128232 -2.895735 4.121079 -2.003154 4.524639 
2920 1.000000 0.400000 0.131342 -2.974073 4.077233 -2.156451 4.645562 
2930 1.000000 0.400000 0.130915 -3.041323 4.021586 -2.328224 4.735558 
2940 1.000000 0.400000 0.127324 -3.098714 3.954407 -2.521967 4.770132 
2950 1.000000 0.400000 0.121143 -3.145141 3.877088 -2.712930 4.748457 
2960 1.000000 0.400000 0.113609 -3.180719 3.789775 -2.885474 4.687234 
2970 1.000000 0.400000 0.106856 -3.203979 3.696121 -3.064786 4.668217 
2980 1.000000 0.400000 0.102801 -3.211487 3.620028 -3.155617 4.820845 
2990 1.000000 0.400000 0.101500 -3.213885 3.566610 -3.125629 4.970638 
3000 1.000000 0.400000 0.102220 -3.219565 3.524715 -2.938461 5.001647 
3010 1.000000 0.400000 0.103961 -3.228584 3.489739 -2.756313 5.011644 
3020 1.000000 0.400000 0.106093 -3.240473 3.459009 -2.573085 4.947382 
3030 1.000000 0.400000 0.108455 -3.255751 3.430144 -2.431580 4.821294 
3040 1.000000 0.400000 0.110724 -3.273430 3.403999 -2.288346 4.711334 
3050 1.000000 0.400000 0.112857 -3.294727 3.379071 -2.195463 4.547381 
3060 1.000000 0.400000 0.114755 -3.319420 3.355690 -2.110639 4.389422 
3070 1.000000 0.400000 0.116413 -3.347976 3.333611 -2.090601 4.206998 
3080 1.000000 0.400000 0.117804 -3.381394 3.313165 -2.076665 4.012766 
3090 1.000000 0.400000 0.119109 -3.420433 3.294428 -2.102077 3.829671 
3100 1.000000 0.400000 0.120209 -3.464576 3.279471 -2.140635 3.637463 
3110 1.000000 0.400000 0.121251 -3.513391 3.269334 -2.178289 3.451033 
3120 1.000000 0.400000 0.121901 -3.565463 3.264580 -2.263697 3.289750 
3130 1.000000 0.400000 0.123597 -3.619804 3.266684 -2.365561 3.136213 
3140 1.000000 0.400000 0.124852 -3.678682 3.276659 -2.479903 2.980430 
3150 1.000000 0.400000 0.125818 -3.740206 3.295316 -2.643530 2.888185 
3160 1.000000 0.400000 0.126356 -3.804919 3.323754 -2.806630 2.799486 
3170 1.000000 0.400000 0.125948 -3.869493 3.362019 -2.977381 2.748433 
3180 1.000000 0.400000 0.124332 -3.933671 3.411849 -3.162052 2.712290 
3190 1.000000 0.400000 0.121256 -3.994382 3.473509 -3.333563 2.735323 
3200 1.000000 0.400000 0.117523 -4.051645 3.545684 -3.499973 2.768118 
3210 1.000000 0.400000 0.113518 -4.104704 3.630465 -3.676684 2.831930 
3220 1.000000 0.400000 0.110238 -4.149383 3.727410 -3.850989 2.901730 
3230 1.000000 0.400000 0.109615 -4.179770 3.833619 -4.014192 3.000237 
3240 1.000000 0.400000 0.113669 -4.191883 3.942762 -4.176084 3.071002 
3250 1.000000 0.400000 0.120915 -4.184367 4.047570 -4.353288 3.139959 
3260 1.000000 0.400000 0.125892 -4.160041 4.133984 -4.541480 3.177164 
3270 1.000000 0.400000 0.127957 -4.123693 4.207603 -4.673099 3.306551 
3280 1.000000 0.400000 0.127266 -4.077782 4.270983 -4.806889 3.443576 
3290 1.000000 0.400000 0.123824 -4.023251 4.324774 -4.828835 3.624150 
3300 1.000000 0.400000 0.118542 -3.959863 4.371788 -4.891279 3.800406 
3310 1.000000 0.400000 0.111475 -3.891757 4.406264 -4.901751 3.996648 
3320 1.000000 0.400000 0.103661 -3.821192 4.428164 -4.925589 4.182100 
3330 1.000000 0.400000 0.096454 -3.752102 4.437797 -4.925517 4.371975 
3340 1.000000 0.400000 0.091273 -3.693428 4.437480 -5.011722 4.535792 
3350 1.000000 0.400000 0.087885 -3.645351 4.430838 -5.017429 4.713700 
3360 1.000000 0.400000 0.085422 -3.602980 4.418980 -4.991745 4.898491 
3370 1.000000 0.400000 0.083660 -3.565903 4.403391 -4.925656 5.073502 
3380 1.000000 0.400000 0.082309 -3.532482 4.384201 -4.805563 5.217285 
3390 1.000000 0.400000 0.081217 -3.502016 4.361358 -4.680949 5.359698 
3400 1.000000 0.400000 0.080296 -3.474609 4.334911 -4.509447 5.452736 
3410 1.000000 0.400000 0.079527 -3.450370 4.304988 -4.338901 5.539038 
3420 1.000000 0.400000 0.079057 -3.430128 4.272375 -4.156283 5.596177 
3430 1.000000 0.400000 0.078908 -3.413934 4.237359 -3.990006 5.639032 
3440 1.000000 0.400000 0.079170 -3.402173 4.202344 -3.812008 5.700764 
3450 1.000000 0.400000 0.079876 -3.394682 4.165820 -3.617988 5.690600 
3460 1.000000 0.400000 0.080966 -3.391685 4.129274 -3.434274 5.672343 
3470 1.000000 0.400000 0.082361 -3.393027 4.092915 -3.254608 5.663721 
3480 1.000000 0.400000 0.083874 -3.398384 4.057745 -3.074819 5.591597 
3490 1.000000 0.400000 0.085443 -3.408116 4.022447 -2.916360 5.493004 
3500 1.000000 0.400000 0.086913 -3.422123 3.987359 -2.802840 5.357746 
3510 1.000000 0.400000 0.088210 -3.440832 3.952170 -2.675433 5.215827 
3520 1.000000 0.400000 0.089170 -3.464577 3.917860 -2.563711 5.073802 
3530 1.000000 0.400000 0.089683 -3.493614 3.884983 -2.516326 4.888558 
3540 1.000000 0.400000 0.089770 -3.529576 3.852462 -2.472006 4.697913 
3550 1.000000 0.400000 0.089377 -3.571681 3.823363 -2.446518 4.506445 
3560 1.000000 0.400000 0.088740 -3.621040 3.797594 -2.480041 4.315261 
3570 1.000000 0.400000 0.088273 -3.678155 3.775582 -2.518550 4.150067 
3580 1.000000 0.400000 0.088495 -3.741428 3.759200 -2.602593 3.989946 
3590 1.000000 0.400000 0.089878 -3.811270 3.748801 -2.675633 3.831382 
3600 1.000000 0.400000 0.092156 -3.879951 3.749153 -2.748191 3.654200 
3610 1.000000 0.400000 0.095103 -3.952723 3.760798 -2.890301 3.520015 
3620 1.000000 0.400000 0.098374 -4.027702 3.783532 -3.047190 3.417326 
3630 1.000000 0.400000 0.101327 -4.103013 3.818703 -3.199254 3.302341 
3640 1.000000 0.400000 0.102726 -4.171798 3.865764 -3.371564 3.222882 
3650 1.000000 0.400000 0.102634 -4.235233 3.925127 -3.556487 3.177130 
3660 1.000000 0.400000 0.101356 -4.291722 3.995724 -3.733165 3.214069 
3670 1.000000 0.400000 0.100428 -4.344744 4.079474 -3.912298 3.273308 
3680 1.000000 0.400000 0.099938 -4.385083 4.173046 -4.098856 3.310859 
3690 1.000000 0.400000 0.102504 -4.413497 4.275651 -4.247434 3.419415 
3700 1.000000 0.400000 0.109101 -4.425966 4.383574 -4.405458 3.490962 
3710 1.000000 0.400000 0.116664 -4.418753 4.483949 -4.583897 3.555530 
3720 1.000000 0.400000 0.121672 -4.397559 4.565553 -4.756606 3.539499 
3730 1.000000 0.400000 0.123969 -4.369551 4.630303 -4.911781 3.612253 
3740 1.000000 0.400000 0.124120 -4.335145 4.685247 -5.060876 3.712611 
3750 1.000000 0.400000 0.122252 -4.294575 4.731987 -5.160290 3.876939 
3760 1.000000 0.400000 0.118566 -4.248091 4.771602 -5.258561 4.042154 
3770 1.000000 0.400000 0.113689 -4.198861 4.802523 -5.313612 4.198591 
3780 1.000000 0.400000 0.107959 -4.146411 4.826261 -5.326082 4.382382 
3790 1.000000 0.400000 0.101536 -4.089080 4.843336 -5.305283 4.572550 
3800 1.000000 0.400000 0.095181 -4.030734 4.851563 -5.294374 4.768100 
3810 1.000000 0.400000 0.089667 -3.974673 4.851088 -5.279852 4.950835 
3820 1.000000 0.400000 0.085447 -3.923630 4.843369 -5.273247 5.141755 
3830 1.000000 0.400000 0.082553 -3.879668 4.830273 -5.224342 5.324652 
3840 1.000000 0.400000 0.080574 -3.840808 4.813036 -5.154143 5.494914 
3850 1.000000 0.400000 0.079221 -3.805782 4.791658 -5.030154 5.647116 
3860 1.000000 0.400000 0.078443 -3.775734 4.767793 -4.929976 5.777107 
3870 1.000000 0.400000 0.078040 -3.748523 4.741094 -4.776749 5.872160 
3880 1.000000 0.400000 0.077961 -3.723750 4.710606 -4.605960 5.916355 
3890 1.000000 0.400000 0.078284 -3.703285 4.678673 -4.465134 6.023359 
3900 1.000000 0.400000 0.078993 -3.687755 4.646806 -4.301576 6.092804 
3910 1.000000 0.400000 0.079961 -3.676084 4.613311 -4.110828 6.138071 
3920 1.000000 0.400000 0.081261 -3.668248 4.578266 -3.929430 6.112422 
3930 1.000000 0.400000 0.082771 -3.664567 4.543134 -3.738114 6.124060 
3940 1.000000 0.400000 0.084421 -3.664947 4.507038 -3.561649 6.077950 
3950 1.000000 0.400000 0.086151 -3.669454 4.470422 -3.393417 5.998220 
3960 1.000000 0.400000 0.087834 -3.678459 4.433617 -3.233427 5.886978 
3970 1.000000 0.400000 0.089316 -3.692003 4.397737 -3.078988 5.780337 
3980 1.000000 0.400000 0.090448 -3.710509 4.362202 -2.948652 5.638726 
3990 1.000000 0.400000 0.091161 -3.734041 4.328066 -2.840535 5.475497 
4000 1.000000 0.400000 0.091443 -3.763932 4.293598 -2.801183 5.289364 
4010 1.000000 0.400000 0.091203 -3.800265 4.260510 -2.764728 5.104546 
4020 1.000000 0.400000 0.090484 -3.844368 4.228846 -2.759977 4.913838 
4030 1.000000 0.400000 0.089402 -3.895845 4.200974 -2.776758 4.720380 
4040 1.000000 0.400000 0.088421 -3.955929 4.177420 -2.854551 4.544014 
4050 1.000000 0.400000 0.088378 -4.025732 4.158616 -2.943641 4.379034 
4060 1.000000 0.400000 0.089513 -4.102279 4.148658 -3.034021 4.204377 
4070 1.000000 0.400000 0.092742 -4.181469 4.149290 -3.139270 4.059485 
4080 1.000000 0.400000 0.096292 -4.260456 4.163336 -3.222783 3.888032 
4090 1.000000 0.400000 0.099601 -4.337006 4.189615 -3.368680 3.768598 
4100 1.000000 0.400000 0.102011 -4.410649 4.228579 -3.546079 3.690798 
4110 1.000000 0.400000 0.103270 -4.480205 4.279009 -3.712355 3.647734 
4120 1.000000 0.400000 0.103679 -4.546947 4.341932 -3.895414 3.621433 
4130 1.000000 0.400000 0.102825 -4.604576 4.415203 -4.073743 3.618501 
4140 1.000000 0.400000 0.101775 -4.654088 4.499580 -4.239716 3.677079 
