50 0.01 0.3 0.05 0.6 2
50 0.01 0.3 0.05 0.01 0
50 0.01 0.3 0.05 0.01 3
50 0.01 0.3 0.05 0.01 3
50 0.01 0.3 0.05 0.01 0
50 0.01 0.3 0.05 0.01 0
50 0.01 0.3 0.05 0.5 4
50 0.01 0.3 0.05 2.5 4
30 0.01 0.3 0.05 0.2 3
30 0.01 0.3 0.05 0.2 3
30 0.01 0.3 0.05 0.2 4
30 0.01 0.3 0.05 0.2 4
30 0.01 0.3 0.05 0.2 4
30 0.01 0.1 0.05 0.2 0
30 0.01 0.1 0.05 0.2 0
30 0.01 0.1 0.05 0.2 1
30 0.01 0.1 0.05 0.2 1
30 0.01 0.3 0.05 0.9 4
70 0.01 0.3 0.05 0.9 4
70 0.01 0.3 0.05 0.9 2
70 0.01 0.3 0.05 1.9 2
200 0.01 0.3 0.05 0.3 1
50 0.01 0.3 0.05 0.6 2
50 0.01 0.3 0.05 0.3 1
50 0.01 0.3 0.05 0.3 4
100 0.01 0.3 0.05 0.5 4
100 0.01 0.3 0.05 0.5 4
100 0.01 0.3 0.05 0.5 4
50 0.01 0.2 0.05 0.2 1
100 0.01 0.3 0.05 0.4 4
100 0.01 0.5 0.05 0.4 4
100 0.01 0.8 0.05 0.4 4
100 0.01 0.4 0.05 0.4 4
100 0.01 0.8 0.05 0.4 4
100 0.01 1.6 0.05 0.4 2
100 0.01 0.6 0.05 0.4 4
100 0.01 1.0 0.05 0.4 4
100 0.01 1.2 0.05 0.4 4
100 0.01 1.2 0.05 0.4 4
30 0.01 0.6 0.05 0.4 4
