4140 0 -4.589823 4.642306 1.931605 -4.239716 3.677079
4140 1 -4.688674 4.450652 2.087850 -4.239716 3.677079
4140 2 -4.702947 4.387022 2.155777 -4.239716 3.677079
4140 3 -4.611276 4.489208 1.979732 -4.239716 3.677079
4140 4 -4.583967 4.582289 1.922199 -4.239716 3.677079
4140 5 -4.592056 4.546474 1.952550 -4.239716 3.677079
4140 6 -4.611986 4.592314 1.955592 -4.239716 3.677079
4140 7 -4.648413 4.578621 2.016519 -4.239716 3.677079
4140 8 -4.572471 4.526935 1.929214 -4.239716 3.677079
4140 9 -4.622453 4.556868 1.984345 -4.239716 3.677079
4140 10 -4.655521 4.501110 2.038035 -4.239716 3.677079
4140 11 -4.725432 4.332321 2.211349 -4.239716 3.677079
4140 12 -4.656644 4.431050 2.062698 -4.239716 3.677079
4140 13 -4.690305 4.500203 2.076052 -4.239716 3.677079
4140 14 -4.564660 4.622234 1.891351 -4.239716 3.677079
4140 15 -4.548634 4.588544 1.884999 -4.239716 3.677079
4140 16 -4.686854 4.561394 2.038561 -4.239716 3.677079
4140 17 -4.729330 4.480397 2.134605 -4.239716 3.677079
4140 18 -4.655593 4.532269 2.016354 -4.239716 3.677079
4140 19 -4.687570 4.531431 2.078915 -4.239716 3.677079
4140 20 -4.742283 4.362554 2.210791 -4.239716 3.677079
4140 21 -4.636589 4.615775 1.975926 -4.239716 3.677079
4140 22 -4.735191 4.433167 2.151283 -4.239716 3.677079
4140 23 -4.624796 4.523965 1.990336 -4.239716 3.677079
4140 24 -4.647839 4.476632 2.055309 -4.239716 3.677079
4140 25 -4.621273 4.454123 2.026122 -4.239716 3.677079
4140 26 -4.690710 4.425072 2.135027 -4.239716 3.677079
4140 27 -4.696495 4.472474 2.094335 -4.239716 3.677079
4140 28 -4.668210 4.389784 2.101441 -4.239716 3.677079
4140 29 -4.734636 4.400215 2.184964 -4.239716 3.677079
