5 1.000000 1.300000 0.837139 0.074486 0.083072 0.000073 -1.684507 
10 1.000000 1.300000 0.832534 0.074218 0.087474 -0.037890 -1.378092 
15 1.000000 1.300000 0.825756 0.073755 0.095761 0.070935 -1.095821 
20 1.000000 1.300000 0.821035 0.072376 0.107238 0.134584 -0.814008 
25 1.000000 1.300000 0.819478 0.071107 0.116054 -0.018495 -1.035696 
30 1.000000 1.300000 0.817001 0.070053 0.123719 -0.329217 -1.108931 
35 1.000000 1.300000 0.812578 0.070783 0.133371 -0.554734 -0.923870 
40 1.000000 1.300000 0.810723 0.072209 0.145026 -0.571577 -0.876764 
45 1.000000 1.300000 0.811031 0.073148 0.154155 -0.277471 -0.857116 
50 1.000000 1.300000 0.811868 0.073919 0.162717 0.028454 -0.879924 
55 1.000000 1.300000 0.812597 0.074673 0.169909 0.248700 -1.036810 
60 1.000000 1.300000 0.812194 0.075625 0.175891 0.558901 -1.083206 
65 1.000000 1.300000 0.809425 0.075767 0.182158 0.870954 -1.084683 
70 1.000000 1.300000 0.802309 0.073043 0.189199 1.078836 -0.875931 
75 1.000000 1.300000 0.792656 0.064969 0.196039 1.037697 -0.577454 
80 1.000000 1.300000 0.787410 0.056687 0.201039 0.963273 -0.758668 
85 1.000000 1.300000 0.781781 0.050663 0.209829 0.680436 -0.687578 
90 1.000000 1.300000 0.779165 0.045883 0.219657 0.720900 -0.644192 
95 1.000000 1.300000 0.778166 0.041885 0.228758 0.422893 -0.738684 
100 1.000000 1.300000 0.777551 0.037725 0.241854 0.265307 -0.474440 
105 1.000000 1.300000 0.779209 0.034640 0.255270 0.188468 -0.565134 
110 1.000000 1.300000 0.781549 0.032318 0.265969 0.144320 -0.663437 
115 1.000000 1.300000 0.783455 0.030853 0.273096 0.246537 -0.760006 
120 1.000000 1.300000 0.785244 0.029589 0.279178 0.284179 -0.836861 
125 1.000000 1.300000 0.786689 0.028600 0.284093 0.589579 -0.806542 
130 1.000000 1.300000 0.787478 0.027194 0.289009 0.894303 -0.744003 
135 1.000000 1.300000 0.786752 0.024357 0.294890 1.066308 -0.505867 
140 1.000000 1.300000 0.782722 0.018479 0.301728 1.104502 -0.225705 
145 1.000000 1.300000 0.774977 0.006988 0.309500 0.960804 0.025263 
150 1.000000 1.300000 0.770460 -0.006285 0.316432 0.907145 0.033468 
155 1.000000 1.300000 0.768933 -0.016943 0.322498 1.029978 0.178118 
160 1.000000 1.300000 0.765549 -0.026568 0.328501 1.028532 0.425976 
165 1.000000 1.300000 0.757273 -0.041078 0.335248 1.012526 0.730756 
170 1.000000 1.300000 0.747354 -0.056649 0.337111 0.980986 0.967079 
175 1.000000 1.300000 0.734129 -0.070623 0.332812 0.931346 1.234221 
180 1.000000 1.300000 0.716203 -0.081756 0.319997 0.677848 1.225276 
185 1.000000 1.300000 0.700320 -0.092351 0.300784 0.587405 1.051770 
190 1.000000 1.300000 0.690755 -0.104763 0.288129 0.824307 0.911165 
195 1.000000 1.300000 0.680983 -0.121368 0.280501 0.836900 0.613899 
200 1.000000 1.300000 0.670142 -0.141201 0.278668 0.653772 0.400899 
205 1.000000 1.300000 0.665121 -0.159839 0.279376 0.707787 0.211931 
210 1.000000 1.300000 0.662267 -0.173763 0.281391 0.670137 -0.102029 
215 1.000000 1.300000 0.659261 -0.185198 0.286180 0.593426 -0.396583 
220 1.000000 1.300000 0.655447 -0.193459 0.294140 0.411254 -0.497243 
225 1.000000 1.300000 0.652199 -0.201925 0.307902 0.282905 -0.371184 
230 1.000000 1.300000 0.652574 -0.211333 0.325610 0.172447 -0.272827 
235 1.000000 1.300000 0.654011 -0.219197 0.337528 0.419419 -0.272335 
240 1.000000 1.300000 0.653582 -0.229019 0.346998 0.549889 0.004969 
245 1.000000 1.300000 0.652737 -0.245739 0.356561 0.368834 0.161249 
250 1.000000 1.300000 0.653488 -0.260213 0.363920 0.624168 0.331144 
255 1.000000 1.300000 0.652547 -0.274232 0.368711 0.645646 0.639328 
260 1.000000 1.300000 0.648835 -0.290574 0.369587 0.672177 0.951120 
265 1.000000 1.300000 0.640107 -0.306150 0.363544 0.463615 1.156417 
270 1.000000 1.300000 0.624211 -0.317799 0.348322 0.221593 1.218345 
275 1.000000 1.300000 0.607162 -0.323615 0.323334 0.097638 1.091873 
280 1.000000 1.300000 0.598543 -0.332370 0.305787 0.350651 1.023950 
285 1.000000 1.300000 0.589487 -0.348862 0.292610 0.433032 0.761334 
290 1.000000 1.300000 0.581592 -0.374301 0.285936 0.288702 0.489925 
295 1.000000 1.300000 0.579879 -0.398959 0.287308 0.291277 0.300863 
300 1.000000 1.300000 0.580347 -0.419121 0.292120 0.220911 0.013031 
305 1.000000 1.300000 0.581349 -0.436383 0.301023 0.080379 -0.165460 
310 1.000000 1.300000 0.582881 -0.450347 0.315163 -0.143346 -0.347513 
315 1.000000 1.300000 0.583706 -0.457743 0.327753 -0.267215 -0.612249 
320 1.000000 1.300000 0.581733 -0.461874 0.337555 -0.517571 -0.746998 
325 1.000000 1.300000 0.574549 -0.464529 0.349097 -0.835794 -0.697509 
330 1.000000 1.300000 0.562224 -0.463629 0.360856 -1.125627 -0.725772 
335 1.000000 1.300000 0.547850 -0.458288 0.370963 -1.331337 -0.514099 
340 1.000000 1.300000 0.529619 -0.447548 0.377790 -1.331671 -0.278153 
345 1.000000 1.300000 0.517407 -0.432181 0.384341 -1.198932 -0.282935 
350 1.000000 1.300000 0.509534 -0.422593 0.392496 -1.064840 -0.520548 
355 1.000000 1.300000 0.493534 -0.415281 0.407240 -0.759995 -0.468548 
360 1.000000 1.300000 0.479538 -0.412186 0.430421 -0.558227 -0.289633 
365 1.000000 1.300000 0.474538 -0.412744 0.453200 -0.392057 -0.285801 
370 1.000000 1.300000 0.473455 -0.419812 0.476313 -0.151696 -0.166168 
375 1.000000 1.300000 0.473073 -0.432610 0.494698 0.037386 0.041194 
380 1.000000 1.300000 0.472748 -0.454426 0.510327 0.120670 0.342453 
385 1.000000 1.300000 0.471728 -0.476004 0.517966 0.221815 0.576035 
390 1.000000 1.300000 0.467635 -0.496610 0.519265 0.258781 0.856064 
395 1.000000 1.300000 0.458134 -0.518374 0.510005 0.069410 1.100440 
400 1.000000 1.300000 0.447543 -0.534364 0.490729 -0.155250 1.182751 
405 1.000000 1.300000 0.437466 -0.540110 0.466584 -0.347533 1.182619 
410 1.000000 1.300000 0.433199 -0.547608 0.448037 -0.066058 1.123737 
415 1.000000 1.300000 0.428593 -0.562760 0.433367 0.085643 0.853702 
420 1.000000 1.300000 0.422891 -0.591585 0.422657 -0.009618 0.579269 
425 1.000000 1.300000 0.421022 -0.621619 0.423905 -0.013014 0.286127 
430 1.000000 1.300000 0.420221 -0.648940 0.436847 -0.210012 0.037261 
435 1.000000 1.300000 0.419155 -0.668345 0.461449 -0.442457 -0.146974 
440 1.000000 1.300000 0.416299 -0.675309 0.483453 -0.728312 -0.300808 
445 1.000000 1.300000 0.409770 -0.676297 0.499933 -0.955508 -0.410942 
450 1.000000 1.300000 0.398512 -0.672525 0.516121 -1.160600 -0.233761 
455 1.000000 1.300000 0.385153 -0.660758 0.532235 -1.219307 -0.105304 
460 1.000000 1.300000 0.376714 -0.649616 0.541819 -1.458824 0.032578 
465 1.000000 1.300000 0.365836 -0.634193 0.546884 -1.375896 0.279888 
470 1.000000 1.300000 0.360508 -0.616544 0.553863 -1.320013 0.028689 
475 1.000000 1.300000 0.354659 -0.603918 0.566329 -1.048984 -0.102443 
480 1.000000 1.300000 0.344403 -0.593154 0.591417 -0.762261 -0.017895 
485 1.000000 1.300000 0.337304 -0.593433 0.629996 -0.481332 0.140034 
490 1.000000 1.300000 0.332739 -0.612147 0.663627 -0.194518 0.279446 
495 1.000000 1.300000 0.326139 -0.647056 0.683435 -0.142232 0.579573 
500 1.000000 1.300000 0.320096 -0.683727 0.683387 -0.150666 0.882567 
505 1.000000 1.300000 0.316632 -0.714432 0.669412 -0.140460 0.993761 
510 1.000000 1.300000 0.316549 -0.735370 0.660744 -0.019941 0.873940 
515 1.000000 1.300000 0.317530 -0.756300 0.660040 -0.076728 0.568223 
520 1.000000 1.300000 0.317442 -0.779388 0.667483 -0.228195 0.355006 
525 1.000000 1.300000 0.314978 -0.805556 0.687155 -0.467298 0.219417 
530 1.000000 1.300000 0.308734 -0.823046 0.721133 -0.772078 0.153598 
535 1.000000 1.300000 0.297107 -0.822248 0.751631 -1.053545 0.135048 
540 1.000000 1.300000 0.283852 -0.807931 0.776665 -1.219140 0.203838 
545 1.000000 1.300000 0.278481 -0.795085 0.799656 -1.041079 0.151080 
550 1.000000 1.300000 0.276945 -0.793389 0.826510 -0.723352 0.175955 
555 1.000000 1.300000 0.274976 -0.806440 0.860219 -0.544144 0.440782 
560 1.000000 1.300000 0.271010 -0.843319 0.892762 -0.439407 0.738595 
565 1.000000 1.300000 0.267649 -0.886324 0.900353 -0.338852 0.961032 
570 1.000000 1.300000 0.263725 -0.919332 0.891134 -0.394201 1.243804 
575 1.000000 1.300000 0.254540 -0.943108 0.866473 -0.653588 1.355849 
580 1.000000 1.300000 0.243714 -0.951039 0.832253 -0.942670 1.431513 
585 1.000000 1.300000 0.237099 -0.945541 0.807516 -1.234698 1.490513 
590 1.000000 1.300000 0.234589 -0.941834 0.792320 -1.006126 1.657427 
595 1.000000 1.300000 0.232977 -0.943002 0.779387 -0.716716 1.646478 
600 1.000000 1.300000 0.230520 -0.949639 0.765028 -0.526891 1.428859 
605 1.000000 1.300000 0.225706 -0.967336 0.746823 -0.448799 1.126538 
610 1.000000 1.300000 0.218972 -1.005308 0.730269 -0.541195 0.837836 
615 1.000000 1.300000 0.214656 -1.055712 0.737249 -0.671420 0.575978 
620 1.000000 1.300000 0.211575 -1.097879 0.774719 -0.890353 0.395677 
625 1.000000 1.300000 0.210056 -1.109407 0.819283 -1.127646 0.255520 
630 1.000000 1.300000 0.208282 -1.103750 0.846265 -1.414769 0.218301 
635 1.000000 1.300000 0.202379 -1.088068 0.865658 -1.640087 0.422917 
640 1.000000 1.300000 0.190485 -1.059769 0.878277 -1.617680 0.715378 
645 1.000000 1.300000 0.184913 -1.030813 0.887772 -1.642865 0.529884 
650 1.000000 1.300000 0.182398 -1.014545 0.903549 -1.418312 0.349162 
655 1.000000 1.300000 0.179941 -1.003409 0.932167 -1.117059 0.369357 
660 1.000000 1.300000 0.178352 -1.007702 0.975745 -0.842624 0.530226 
665 1.000000 1.300000 0.173876 -1.036544 1.012057 -0.617869 0.718122 
670 1.000000 1.300000 0.169006 -1.087939 1.038328 -0.722309 0.977842 
675 1.000000 1.300000 0.164512 -1.139023 1.031002 -0.751158 1.230656 
680 1.000000 1.300000 0.158979 -1.170723 1.001365 -0.794820 1.435483 
685 1.000000 1.300000 0.158307 -1.197475 0.983345 -0.639581 1.223026 
690 1.000000 1.300000 0.159383 -1.221772 0.978186 -0.577521 0.998487 
695 1.000000 1.300000 0.160431 -1.250165 0.985110 -0.722016 0.733023 
700 1.000000 1.300000 0.158489 -1.285723 1.014648 -1.030132 0.684192 
705 1.000000 1.300000 0.149591 -1.301786 1.072132 -1.348728 0.641517 
710 1.000000 1.300000 0.142205 -1.279659 1.120142 -1.627252 0.731452 
715 1.000000 1.300000 0.138130 -1.252084 1.146425 -1.582555 0.681082 
720 1.000000 1.300000 0.138515 -1.242361 1.178933 -1.280383 0.600383 
725 1.000000 1.300000 0.139127 -1.251824 1.217486 -1.039303 0.780180 
730 1.000000 1.300000 0.135076 -1.292163 1.255114 -0.914267 1.077159 
735 1.000000 1.300000 0.131417 -1.360824 1.264099 -0.998784 1.369037 
740 1.000000 1.300000 0.126555 -1.404116 1.232170 -1.145517 1.606556 
745 1.000000 1.300000 0.122620 -1.427102 1.198329 -0.997922 1.615898 
750 1.000000 1.300000 0.123122 -1.454865 1.184729 -0.866292 1.330636 
755 1.000000 1.300000 0.125036 -1.490915 1.186746 -1.001923 1.058049 
760 1.000000 1.300000 0.123480 -1.527862 1.211699 -1.222939 0.879210 
765 1.000000 1.300000 0.117049 -1.552855 1.273380 -1.536243 0.924761 
770 1.000000 1.300000 0.114347 -1.539661 1.324609 -1.794871 0.898866 
775 1.000000 1.300000 0.109498 -1.505773 1.351397 -1.974233 1.143399 
780 1.000000 1.300000 0.108113 -1.479761 1.374873 -1.813308 0.895731 
785 1.000000 1.300000 0.109063 -1.470294 1.407026 -1.507863 0.843913 
790 1.000000 1.300000 0.109328 -1.479256 1.443695 -1.269361 0.982762 
795 1.000000 1.300000 0.105751 -1.516720 1.482793 -1.200576 1.266372 
800 1.000000 1.300000 0.102952 -1.588207 1.504146 -1.195212 1.535682 
805 1.000000 1.300000 0.101251 -1.636471 1.481296 -1.284834 1.803180 
810 1.000000 1.300000 0.097225 -1.661699 1.443161 -1.330071 1.891611 
815 1.000000 1.300000 0.097357 -1.686487 1.422838 -1.150007 1.722913 
820 1.000000 1.300000 0.099204 -1.716700 1.416611 -1.128293 1.408543 
825 1.000000 1.300000 0.101041 -1.754934 1.428753 -1.334876 1.185887 
830 1.000000 1.300000 0.098261 -1.794498 1.472022 -1.620967 1.115407 
835 1.000000 1.300000 0.093271 -1.800260 1.546740 -1.907351 1.181037 
840 1.000000 1.300000 0.090980 -1.768842 1.589095 -2.070518 1.234396 
845 1.000000 1.300000 0.092495 -1.753727 1.623629 -1.897767 1.042543 
850 1.000000 1.300000 0.094466 -1.753979 1.650546 -1.630644 1.028888 
855 1.000000 1.300000 0.095852 -1.768240 1.682583 -1.474052 1.252595 
860 1.000000 1.300000 0.093381 -1.812579 1.718216 -1.464938 1.559282 
865 1.000000 1.300000 0.088419 -1.878458 1.722247 -1.530108 1.798487 
870 1.000000 1.300000 0.087933 -1.927322 1.700170 -1.494282 1.973257 
875 1.000000 1.300000 0.085595 -1.955373 1.665906 -1.652740 2.111223 
880 1.000000 1.300000 0.086167 -1.978331 1.646482 -1.406504 1.955801 
885 1.000000 1.300000 0.088176 -2.004802 1.640820 -1.367114 1.641170 
890 1.000000 1.300000 0.090229 -2.036102 1.648767 -1.526690 1.425153 
895 1.000000 1.300000 0.088790 -2.070192 1.679269 -1.810620 1.328104 
900 1.000000 1.300000 0.084692 -2.091599 1.751318 -2.100204 1.431660 
905 1.000000 1.300000 0.083722 -2.061634 1.806652 -2.379130 1.514831 
910 1.000000 1.300000 0.084497 -2.038616 1.840554 -2.223634 1.374935 
915 1.000000 1.300000 0.088692 -2.038072 1.882330 -1.918157 1.390619 
920 1.000000 1.300000 0.089972 -2.065950 1.924134 -1.772774 1.640586 
925 1.000000 1.300000 0.084934 -2.129390 1.951833 -1.782940 1.920106 
930 1.000000 1.300000 0.086017 -2.196207 1.952484 -1.780606 1.852925 
935 1.000000 1.300000 0.091140 -2.239044 1.985665 -1.990639 1.647730 
940 1.000000 1.300000 0.091622 -2.251908 2.042744 -2.291834 1.633822 
945 1.000000 1.300000 0.087368 -2.222754 2.094069 -2.491299 1.822691 
950 1.000000 1.300000 0.081719 -2.173227 2.127842 -2.548440 1.829221 
955 1.000000 1.300000 0.082680 -2.151355 2.163848 -2.312548 1.653581 
960 1.000000 1.300000 0.085187 -2.150944 2.196978 -2.031252 1.611165 
965 1.000000 1.300000 0.086770 -2.170588 2.232891 -1.837737 1.862020 
970 1.000000 1.300000 0.085735 -2.223218 2.268362 -1.881569 2.163596 
975 1.000000 1.300000 0.082966 -2.288445 2.260272 -1.913504 2.440940 
980 1.000000 1.300000 0.081107 -2.334602 2.222677 -1.959306 2.533272 
985 1.000000 1.300000 0.083516 -2.370508 2.209614 -1.808031 2.268088 
990 1.000000 1.300000 0.086706 -2.404474 2.217494 -1.919922 1.989686 
995 1.000000 1.300000 0.087962 -2.445441 2.251808 -2.173606 1.923869 
1000 1.000000 1.300000 0.084365 -2.468541 2.316686 -2.474617 1.930323 
1005 1.000000 1.300000 0.082737 -2.449994 2.380451 -2.707470 2.055230 
1010 1.000000 1.300000 0.080644 -2.411328 2.418990 -2.678318 1.999281 
1015 1.000000 1.300000 0.083365 -2.402327 2.454588 -2.417569 1.906592 
1020 1.000000 1.300000 0.086962 -2.415478 2.495525 -2.166923 2.086990 
1025 1.000000 1.300000 0.085660 -2.462729 2.532272 -2.104801 2.397352 
1030 1.000000 1.300000 0.080948 -2.532597 2.524880 -2.205175 2.701127 
1035 1.000000 1.300000 0.085002 -2.587174 2.522997 -2.144736 2.398200 
1040 1.000000 1.300000 0.089284 -2.630181 2.555235 -2.369554 2.252888 
1045 1.000000 1.300000 0.088106 -2.648221 2.618958 -2.675490 2.258968 
1050 1.000000 1.300000 0.083954 -2.619778 2.671739 -2.907993 2.380437 
1055 1.000000 1.300000 0.080694 -2.579862 2.707597 -2.892081 2.338044 
1060 1.000000 1.300000 0.082738 -2.566196 2.744382 -2.636473 2.170356 
1065 1.000000 1.300000 0.085949 -2.573328 2.781142 -2.361173 2.296059 
1070 1.000000 1.300000 0.086899 -2.606685 2.818928 -2.296988 2.571343 
1075 1.000000 1.300000 0.083308 -2.671664 2.834135 -2.319069 2.877384 
1080 1.000000 1.300000 0.080807 -2.728123 2.802439 -2.398956 3.072141 
1085 1.000000 1.300000 0.082831 -2.767574 2.788446 -2.225891 2.836402 
1090 1.000000 1.300000 0.086466 -2.803442 2.797308 -2.326867 2.560653 
1095 1.000000 1.300000 0.086828 -2.838202 2.831280 -2.607414 2.486983 
1100 1.000000 1.300000 0.084512 -2.854621 2.905294 -2.892752 2.587081 
1105 1.000000 1.300000 0.082098 -2.824417 2.955862 -3.158002 2.676267 
1110 1.000000 1.300000 0.080862 -2.790075 2.991236 -3.021226 2.570229 
1115 1.000000 1.300000 0.084166 -2.781884 3.028061 -2.788478 2.468317 
1120 1.000000 1.300000 0.087624 -2.795010 3.067945 -2.553407 2.662653 
1125 1.000000 1.300000 0.085453 -2.840412 3.102288 -2.498213 2.956575 
1130 1.000000 1.300000 0.083718 -2.911603 3.114865 -2.577216 3.112524 
1135 1.000000 1.300000 0.083629 -2.964882 3.089053 -2.663789 3.384513 
1140 1.000000 1.300000 0.079648 -2.994692 3.044477 -2.703847 3.452106 
1145 1.000000 1.300000 0.080386 -3.019283 3.023404 -2.519018 3.326351 
1150 1.000000 1.300000 0.083159 -3.051884 3.015764 -2.494201 3.025688 
1155 1.000000 1.300000 0.085243 -3.085380 3.026787 -2.611162 2.739222 
1160 1.000000 1.300000 0.083765 -3.121557 3.063397 -2.908359 2.707632 
1165 1.000000 1.300000 0.080251 -3.136013 3.137823 -3.169769 2.781356 
1170 1.000000 1.300000 0.085339 -3.155438 3.191730 -2.894611 2.845289 
1175 1.000000 1.300000 0.087688 -3.206321 3.219386 -2.803741 3.150947 
1180 1.000000 1.300000 0.088521 -3.265400 3.212037 -2.893014 3.402114 
1185 1.000000 1.300000 0.083164 -3.302989 3.171911 -3.087975 3.515536 
1190 1.000000 1.300000 0.080147 -3.331374 3.132823 -2.912015 3.522095 
1195 1.000000 1.300000 0.082241 -3.364781 3.118490 -2.822004 3.215235 
1200 1.000000 1.300000 0.086078 -3.403472 3.123283 -2.910919 2.946259 
1205 1.000000 1.300000 0.087083 -3.443396 3.156151 -3.202727 2.819126 
1210 1.000000 1.300000 0.082395 -3.458948 3.227196 -3.491324 2.909063 
1215 1.000000 1.300000 0.081061 -3.429782 3.288052 -3.579963 2.881628 
1220 1.000000 1.300000 0.085941 -3.430138 3.333862 -3.317097 2.861324 
1225 1.000000 1.300000 0.088797 -3.458546 3.374161 -3.138740 3.097772 
1230 1.000000 1.300000 0.087420 -3.523169 3.404119 -3.177938 3.377524 
1235 1.000000 1.300000 0.083710 -3.588119 3.376738 -3.295371 3.669170 
1240 1.000000 1.300000 0.083724 -3.627131 3.354684 -3.132267 3.488272 
1245 1.000000 1.300000 0.087457 -3.663228 3.356147 -3.113041 3.214238 
1250 1.000000 1.300000 0.089346 -3.693648 3.375444 -3.317823 3.018396 
1255 1.000000 1.300000 0.087570 -3.720235 3.423201 -3.626939 3.033334 
1260 1.000000 1.300000 0.086094 -3.713552 3.495067 -3.885103 3.163006 
1265 1.000000 1.300000 0.081355 -3.667245 3.538190 -3.991504 3.263851 
1270 1.000000 1.300000 0.082583 -3.646061 3.574305 -3.799037 3.077303 
1275 1.000000 1.300000 0.086251 -3.646822 3.612032 -3.522106 3.102678 
1280 1.000000 1.300000 0.087470 -3.672213 3.649874 -3.343228 3.343491 
1285 1.000000 1.300000 0.082296 -3.732548 3.672255 -3.402467 3.634815 
1290 1.000000 1.300000 0.086155 -3.798098 3.691180 -3.459156 3.451060 
1295 1.000000 1.300000 0.091727 -3.831961 3.741640 -3.721497 3.330136 
1300 1.000000 1.300000 0.092849 -3.826257 3.798034 -3.996403 3.385426 
1305 1.000000 1.300000 0.087157 -3.781797 3.844158 -4.116941 3.672208 
1310 1.000000 1.300000 0.081950 -3.735012 3.871592 -4.104690 3.494112 
1315 1.000000 1.300000 0.083659 -3.720236 3.903051 -3.845523 3.303127 
1320 1.000000 1.300000 0.086395 -3.721975 3.933584 -3.600251 3.388590 
1325 1.000000 1.300000 0.087787 -3.741804 3.966428 -3.407623 3.602431 
1330 1.000000 1.300000 0.084871 -3.796079 3.995197 -3.471122 3.905540 
1335 1.000000 1.300000 0.081845 -3.864133 3.978673 -3.545959 4.203825 
1340 1.000000 1.300000 0.081662 -3.907418 3.948475 -3.466994 4.131495 
1345 1.000000 1.300000 0.085041 -3.943480 3.942989 -3.367924 3.898656 
1350 1.000000 1.300000 0.088086 -3.978885 3.957051 -3.550250 3.680770 
1355 1.000000 1.300000 0.085985 -4.011564 3.999721 -3.855878 3.637178 
1360 1.000000 1.300000 0.082361 -4.016908 4.074041 -4.038631 3.694968 
1365 1.000000 1.300000 0.087247 -4.035765 4.122742 -3.748636 3.747944 
1370 1.000000 1.300000 0.089802 -4.081164 4.150151 -3.651828 4.038278 
1375 1.000000 1.300000 0.088713 -4.139513 4.141455 -3.793807 4.316084 
1380 1.000000 1.300000 0.082048 -4.182032 4.090081 -3.947331 4.450207 
1385 1.000000 1.300000 0.081926 -4.216577 4.064412 -3.726440 4.271417 
1390 1.000000 1.300000 0.085534 -4.255154 4.062049 -3.698627 3.959089 
1395 1.000000 1.300000 0.087563 -4.290845 4.082328 -3.923718 3.727035 
1400 1.000000 1.300000 0.086118 -4.323333 4.136756 -4.224889 3.806694 
1405 1.000000 1.300000 0.083091 -4.308241 4.208313 -4.505203 3.917597 
1410 1.000000 1.300000 0.081699 -4.275654 4.250049 -4.492553 3.786207 
1415 1.000000 1.300000 0.085524 -4.270897 4.289785 -4.215275 3.757471 
1420 1.000000 1.300000 0.088873 -4.288808 4.329128 -3.989744 3.949639 
1425 1.000000 1.300000 0.086807 -4.340676 4.363686 -4.007513 4.257706 
1430 1.000000 1.300000 0.083865 -4.414214 4.358141 -4.061011 4.454072 
1435 1.000000 1.300000 0.083555 -4.454303 4.336205 -4.075765 4.668916 
1440 1.000000 1.300000 0.080231 -4.476343 4.300242 -4.229306 4.792221 
1445 1.000000 1.300000 0.080268 -4.495970 4.279085 -3.968929 4.666284 
1450 1.000000 1.300000 0.082005 -4.519749 4.270217 -3.876515 4.381804 
1455 1.000000 1.300000 0.084640 -4.553345 4.273769 -4.037644 4.108820 
1460 1.000000 1.300000 0.085262 -4.591001 4.300010 -4.277603 4.025351 
1465 1.000000 1.300000 0.082693 -4.621830 4.358507 -4.546221 4.038044 
