10 1.000000 0.400000 0.799031 -0.017863 0.073750 0.166057 -1.918583 
20 1.000000 0.400000 0.804013 -0.024718 0.121170 0.353686 -1.913049 
30 1.000000 0.400000 0.810991 -0.033999 0.163741 0.530973 -1.904829 
40 1.000000 0.400000 0.818785 -0.045193 0.202743 0.693784 -1.866334 
50 1.000000 0.400000 0.826202 -0.057888 0.238184 0.876998 -1.851869 
60 1.000000 0.400000 0.832769 -0.071988 0.270792 1.041528 -1.767614 
70 1.000000 0.400000 0.838215 -0.087871 0.301461 1.197142 -1.653422 
80 1.000000 0.400000 0.842295 -0.105491 0.330371 1.336980 -1.524941 
90 1.000000 0.400000 0.845082 -0.125291 0.358362 1.454292 -1.373920 
100 1.000000 0.400000 0.846522 -0.147557 0.385684 1.545861 -1.199881 
110 1.000000 0.400000 0.846572 -0.172441 0.412331 1.613484 -1.024571 
120 1.000000 0.400000 0.845510 -0.199900 0.438295 1.645414 -0.846690 
130 1.000000 0.400000 0.843266 -0.230408 0.463623 1.674800 -0.659333 
140 1.000000 0.400000 0.839999 -0.263477 0.487565 1.702786 -0.485748 
150 1.000000 0.400000 0.836128 -0.299678 0.510164 1.700722 -0.291924 
160 1.000000 0.400000 0.831889 -0.339051 0.530975 1.660317 -0.115402 
170 1.000000 0.400000 0.828190 -0.382043 0.550409 1.614241 0.074042 
180 1.000000 0.400000 0.825167 -0.428443 0.567375 1.577692 0.265918 
190 1.000000 0.400000 0.823095 -0.477240 0.580936 1.526326 0.448588 
200 1.000000 0.400000 0.822816 -0.528879 0.591242 1.459619 0.628509 
210 1.000000 0.400000 0.823859 -0.580849 0.596853 1.432522 0.818286 
220 1.000000 0.400000 0.825660 -0.630866 0.597572 1.420732 1.009455 
230 1.000000 0.400000 0.827839 -0.678245 0.593969 1.384030 1.193104 
240 1.000000 0.400000 0.829830 -0.722374 0.586648 1.371958 1.381114 
250 1.000000 0.400000 0.831101 -0.763549 0.575982 1.284805 1.547057 
260 1.000000 0.400000 0.831733 -0.803178 0.562093 1.208647 1.720776 
270 1.000000 0.400000 0.830795 -0.840110 0.545341 1.086488 1.871666 
280 1.000000 0.400000 0.828056 -0.875087 0.525644 0.962455 2.009772 
290 1.000000 0.400000 0.822964 -0.907619 0.503447 0.837413 2.154701 
300 1.000000 0.400000 0.815229 -0.938189 0.478560 0.658477 2.223550 
310 1.000000 0.400000 0.804850 -0.967381 0.450491 0.482538 2.308867 
320 1.000000 0.400000 0.791424 -0.994653 0.419397 0.304168 2.335688 
330 1.000000 0.400000 0.775345 -1.020320 0.385056 0.118216 2.372557 
340 1.000000 0.400000 0.756268 -1.043990 0.347217 -0.080808 2.372204 
350 1.000000 0.400000 0.734666 -1.065880 0.305269 -0.267880 2.321500 
360 1.000000 0.400000 0.710672 -1.085123 0.259604 -0.457978 2.302517 
370 1.000000 0.400000 0.684742 -1.100869 0.210849 -0.624725 2.218806 
380 1.000000 0.400000 0.658644 -1.114388 0.157484 -0.785228 2.138493 
390 1.000000 0.400000 0.632509 -1.123179 0.102688 -0.967762 2.094152 
400 1.000000 0.400000 0.607257 -1.126994 0.046577 -1.134135 2.010015 
410 1.000000 0.400000 0.584322 -1.125839 -0.011172 -1.290439 1.911256 
420 1.000000 0.400000 0.565108 -1.119287 -0.068704 -1.467448 1.830397 
430 1.000000 0.400000 0.550398 -1.107208 -0.124005 -1.645666 1.759930 
440 1.000000 0.400000 0.540349 -1.090638 -0.175330 -1.814952 1.677884 
450 1.000000 0.400000 0.533811 -1.071156 -0.220764 -2.000103 1.653882 
460 1.000000 0.400000 0.529322 -1.049998 -0.260599 -2.159779 1.582440 
470 1.000000 0.400000 0.525792 -1.026617 -0.296792 -2.302212 1.483202 
480 1.000000 0.400000 0.522685 -1.001256 -0.329881 -2.438088 1.350786 
490 1.000000 0.400000 0.519807 -0.973167 -0.361202 -2.516226 1.178446 
500 1.000000 0.400000 0.516932 -0.942690 -0.390078 -2.618101 1.023855 
510 1.000000 0.400000 0.514141 -0.910564 -0.415979 -2.687048 0.852275 
520 1.000000 0.400000 0.511707 -0.876247 -0.439478 -2.757927 0.683482 
530 1.000000 0.400000 0.509883 -0.839993 -0.460281 -2.795771 0.495497 
540 1.000000 0.400000 0.509023 -0.802204 -0.478423 -2.806134 0.330897 
550 1.000000 0.400000 0.509251 -0.762995 -0.493747 -2.841286 0.147089 
560 1.000000 0.400000 0.510538 -0.723172 -0.505744 -2.867502 -0.040880 
570 1.000000 0.400000 0.512653 -0.683722 -0.514276 -2.907621 -0.225846 
580 1.000000 0.400000 0.515240 -0.645749 -0.519313 -2.937791 -0.415845 
590 1.000000 0.400000 0.518177 -0.608404 -0.521255 -2.933643 -0.605984 
600 1.000000 0.400000 0.521216 -0.571935 -0.520368 -2.902229 -0.781251 
610 1.000000 0.400000 0.524071 -0.536874 -0.516934 -2.877341 -0.965128 
620 1.000000 0.400000 0.526454 -0.503202 -0.511017 -2.849441 -1.141850 
630 1.000000 0.400000 0.528101 -0.471252 -0.502974 -2.785035 -1.313255 
640 1.000000 0.400000 0.528749 -0.440992 -0.492873 -2.748219 -1.497185 
650 1.000000 0.400000 0.528400 -0.411580 -0.480630 -2.604324 -1.615742 
660 1.000000 0.400000 0.527333 -0.381679 -0.465957 -2.477969 -1.724260 
670 1.000000 0.400000 0.525086 -0.352188 -0.448931 -2.337101 -1.837307 
680 1.000000 0.400000 0.521452 -0.322600 -0.429005 -2.183120 -1.919571 
690 1.000000 0.400000 0.516205 -0.293297 -0.406113 -2.004986 -1.996296 
700 1.000000 0.400000 0.508802 -0.264808 -0.379976 -1.827812 -2.075527 
710 1.000000 0.400000 0.499235 -0.237382 -0.350569 -1.644911 -2.104570 
720 1.000000 0.400000 0.487730 -0.210104 -0.317032 -1.455682 -2.118910 
730 1.000000 0.400000 0.474062 -0.184454 -0.279911 -1.276639 -2.123367 
740 1.000000 0.400000 0.458672 -0.159550 -0.238225 -1.097369 -2.079822 
750 1.000000 0.400000 0.441645 -0.137444 -0.193302 -0.913918 -2.106511 
760 1.000000 0.400000 0.423498 -0.117938 -0.144637 -0.743165 -2.034579 
770 1.000000 0.400000 0.404452 -0.100644 -0.090490 -0.574396 -1.931337 
780 1.000000 0.400000 0.385377 -0.086018 -0.030424 -0.429531 -1.810844 
790 1.000000 0.400000 0.367663 -0.075124 0.034561 -0.259684 -1.730604 
800 1.000000 0.400000 0.352432 -0.069231 0.103945 -0.112602 -1.608786 
810 1.000000 0.400000 0.340980 -0.069025 0.176988 0.007733 -1.488741 
820 1.000000 0.400000 0.334162 -0.074465 0.253622 0.123533 -1.340855 
830 1.000000 0.400000 0.331737 -0.087374 0.332850 0.262323 -1.200831 
840 1.000000 0.400000 0.332600 -0.108783 0.411500 0.397078 -1.068071 
850 1.000000 0.400000 0.334858 -0.137443 0.484874 0.545857 -0.970876 
860 1.000000 0.400000 0.337417 -0.173595 0.554578 0.654752 -0.810803 
870 1.000000 0.400000 0.339214 -0.216616 0.619182 0.783470 -0.668238 
880 1.000000 0.400000 0.339791 -0.264814 0.677475 0.855623 -0.498974 
890 1.000000 0.400000 0.339186 -0.319588 0.731473 0.907643 -0.318481 
900 1.000000 0.400000 0.337485 -0.380381 0.780678 0.918468 -0.124210 
910 1.000000 0.400000 0.335037 -0.447612 0.825000 0.928749 0.068232 
920 1.000000 0.400000 0.331911 -0.519488 0.862265 0.908506 0.255860 
930 1.000000 0.400000 0.329632 -0.597024 0.893802 0.851176 0.436856 
940 1.000000 0.400000 0.328912 -0.678110 0.918191 0.814717 0.614553 
950 1.000000 0.400000 0.329669 -0.759037 0.932722 0.800487 0.808495 
960 1.000000 0.400000 0.331956 -0.837510 0.937620 0.757792 0.990205 
970 1.000000 0.400000 0.335759 -0.914343 0.933531 0.692144 1.171192 
980 1.000000 0.400000 0.339864 -0.987704 0.921046 0.625087 1.356224 
990 1.000000 0.400000 0.342635 -1.054094 0.901758 0.590653 1.548611 
1000 1.000000 0.400000 0.343455 -1.114831 0.876652 0.471421 1.693739 
1010 1.000000 0.400000 0.342420 -1.172233 0.845640 0.336967 1.833617 
1020 1.000000 0.400000 0.339077 -1.224777 0.809700 0.182086 1.937871 
1030 1.000000 0.400000 0.333772 -1.275326 0.767811 -0.002647 1.979442 
1040 1.000000 0.400000 0.326626 -1.323931 0.719882 -0.169769 2.001393 
1050 1.000000 0.400000 0.318103 -1.371227 0.665778 -0.352421 2.007573 
1060 1.000000 0.400000 0.307813 -1.415833 0.605025 -0.541591 1.987631 
1070 1.000000 0.400000 0.295591 -1.456205 0.537620 -0.732769 1.986268 
1080 1.000000 0.400000 0.281762 -1.489912 0.465697 -0.916042 1.968515 
1090 1.000000 0.400000 0.266954 -1.517169 0.388962 -1.087570 1.899886 
1100 1.000000 0.400000 0.251939 -1.537865 0.307113 -1.261654 1.822257 
1110 1.000000 0.400000 0.237634 -1.550457 0.221453 -1.425406 1.733075 
1120 1.000000 0.400000 0.225333 -1.554807 0.132439 -1.580269 1.621264 
1130 1.000000 0.400000 0.215955 -1.548936 0.047762 -1.766777 1.624955 
1140 1.000000 0.400000 0.209363 -1.534657 -0.027948 -1.953591 1.600894 
1150 1.000000 0.400000 0.204578 -1.514324 -0.093713 -2.133626 1.559052 
1160 1.000000 0.400000 0.200667 -1.488745 -0.152783 -2.312885 1.488929 
1170 1.000000 0.400000 0.197135 -1.458820 -0.206064 -2.435914 1.356619 
1180 1.000000 0.400000 0.193661 -1.424697 -0.255114 -2.570538 1.223019 
1190 1.000000 0.400000 0.190075 -1.386524 -0.300154 -2.662086 1.069697 
1200 1.000000 0.400000 0.186345 -1.344997 -0.340702 -2.763863 0.912608 
1210 1.000000 0.400000 0.182385 -1.300066 -0.376586 -2.858879 0.751032 
1220 1.000000 0.400000 0.178343 -1.252362 -0.407919 -2.899911 0.566804 
1230 1.000000 0.400000 0.174311 -1.202773 -0.434042 -2.941987 0.379772 
1240 1.000000 0.400000 0.170411 -1.150054 -0.455920 -2.925868 0.195078 
1250 1.000000 0.400000 0.166861 -1.094144 -0.473450 -2.911713 0.003243 
1260 1.000000 0.400000 0.163950 -1.035998 -0.485851 -2.875304 -0.177526 
1270 1.000000 0.400000 0.161898 -0.978235 -0.492440 -2.870075 -0.371630 
1280 1.000000 0.400000 0.160723 -0.920850 -0.493355 -2.808626 -0.545414 
1290 1.000000 0.400000 0.160423 -0.863616 -0.489306 -2.747106 -0.706598 
1300 1.000000 0.400000 0.160801 -0.806699 -0.479944 -2.655077 -0.871123 
1310 1.000000 0.400000 0.161536 -0.752776 -0.465676 -2.612657 -1.058880 
1320 1.000000 0.400000 0.162233 -0.702561 -0.446896 -2.526948 -1.225137 
1330 1.000000 0.400000 0.162850 -0.654287 -0.423832 -2.381072 -1.347552 
1340 1.000000 0.400000 0.163244 -0.607560 -0.396142 -2.244208 -1.465520 
1350 1.000000 0.400000 0.163279 -0.562889 -0.363994 -2.072167 -1.559712 
1360 1.000000 0.400000 0.162894 -0.519646 -0.326632 -1.890131 -1.612526 
1370 1.000000 0.400000 0.162165 -0.477621 -0.283675 -1.705549 -1.659449 
1380 1.000000 0.400000 0.161032 -0.439618 -0.237045 -1.534031 -1.706750 
1390 1.000000 0.400000 0.159608 -0.404055 -0.184813 -1.349167 -1.701636 
1400 1.000000 0.400000 0.158195 -0.370858 -0.126746 -1.169555 -1.672803 
1410 1.000000 0.400000 0.156993 -0.341945 -0.064602 -1.016068 -1.639799 
1420 1.000000 0.400000 0.156394 -0.317050 0.001816 -0.831226 -1.603881 
1430 1.000000 0.400000 0.156403 -0.298499 0.071835 -0.638077 -1.575897 
1440 1.000000 0.400000 0.157403 -0.286253 0.145057 -0.472593 -1.491303 
1450 1.000000 0.400000 0.159627 -0.280428 0.222247 -0.325962 -1.374435 
1460 1.000000 0.400000 0.162781 -0.282361 0.300571 -0.143474 -1.317873 
1470 1.000000 0.400000 0.166324 -0.292564 0.378109 0.009111 -1.199317 
1480 1.000000 0.400000 0.169754 -0.311328 0.454309 0.169450 -1.085343 
1490 1.000000 0.400000 0.172669 -0.338529 0.528397 0.288977 -0.928796 
1500 1.000000 0.400000 0.174977 -0.374136 0.601472 0.374049 -0.757348 
1510 1.000000 0.400000 0.176790 -0.418444 0.674694 0.417184 -0.584862 
1520 1.000000 0.400000 0.178460 -0.470738 0.748332 0.428851 -0.392944 
1530 1.000000 0.400000 0.179576 -0.532467 0.820859 0.428838 -0.203027 
1540 1.000000 0.400000 0.179717 -0.602592 0.888632 0.444416 -0.035850 
1550 1.000000 0.400000 0.179274 -0.680434 0.951358 0.444557 0.159353 
1560 1.000000 0.400000 0.177956 -0.766328 1.006152 0.419860 0.348064 
1570 1.000000 0.400000 0.176461 -0.858861 1.051786 0.372411 0.530994 
1580 1.000000 0.400000 0.176238 -0.957173 1.088777 0.315673 0.704218 
1590 1.000000 0.400000 0.177824 -1.059276 1.114096 0.244575 0.879143 
1600 1.000000 0.400000 0.182273 -1.163731 1.129385 0.167298 1.038230 
1610 1.000000 0.400000 0.189171 -1.265613 1.131471 0.099202 1.202142 
1620 1.000000 0.400000 0.196891 -1.361161 1.122281 0.053168 1.364083 
1630 1.000000 0.400000 0.202999 -1.447904 1.102510 -0.001463 1.547601 
1640 1.000000 0.400000 0.207442 -1.528320 1.073312 -0.117998 1.706189 
1650 1.000000 0.400000 0.209660 -1.601246 1.036161 -0.252095 1.843989 
1660 1.000000 0.400000 0.210003 -1.669622 0.990934 -0.425222 1.935364 
1670 1.000000 0.400000 0.208320 -1.732638 0.938207 -0.601100 2.017127 
1680 1.000000 0.400000 0.204915 -1.791095 0.878169 -0.784509 2.044628 
1690 1.000000 0.400000 0.199763 -1.844040 0.811057 -0.976587 2.072872 
1700 1.000000 0.400000 0.193302 -1.891600 0.737141 -1.153244 2.050829 
1710 1.000000 0.400000 0.185746 -1.931514 0.658352 -1.339740 2.037295 
1720 1.000000 0.400000 0.177432 -1.963595 0.573967 -1.523995 1.973489 
1730 1.000000 0.400000 0.169145 -1.986792 0.485332 -1.707215 1.922016 
1740 1.000000 0.400000 0.161876 -1.999288 0.397819 -1.884053 1.930323 
1750 1.000000 0.400000 0.156134 -2.000844 0.316198 -2.067822 1.909350 
1760 1.000000 0.400000 0.152051 -1.994140 0.242565 -2.244188 1.949324 
1770 1.000000 0.400000 0.149184 -1.981290 0.178278 -2.436202 1.928404 
1780 1.000000 0.400000 0.146858 -1.962625 0.118397 -2.595725 1.828654 
1790 1.000000 0.400000 0.144770 -1.938495 0.061610 -2.729581 1.709595 
1800 1.000000 0.400000 0.142786 -1.909537 0.008052 -2.883099 1.606589 
1810 1.000000 0.400000 0.140737 -1.876971 -0.040003 -3.005377 1.473467 
1820 1.000000 0.400000 0.138475 -1.839881 -0.084811 -3.116063 1.313994 
1830 1.000000 0.400000 0.136088 -1.799296 -0.125398 -3.197639 1.155113 
1840 1.000000 0.400000 0.133599 -1.755422 -0.161760 -3.281840 0.997757 
1850 1.000000 0.400000 0.131101 -1.707396 -0.195747 -3.265057 0.818551 
1860 1.000000 0.400000 0.128734 -1.656329 -0.225239 -3.341781 0.639533 
1870 1.000000 0.400000 0.126657 -1.603282 -0.249283 -3.355925 0.463734 
1880 1.000000 0.400000 0.125116 -1.549550 -0.267939 -3.383372 0.291547 
1890 1.000000 0.400000 0.124199 -1.494576 -0.281787 -3.369940 0.101885 
1900 1.000000 0.400000 0.123935 -1.437576 -0.290715 -3.318769 -0.075483 
1910 1.000000 0.400000 0.124403 -1.379834 -0.294300 -3.262703 -0.260735 
1920 1.000000 0.400000 0.125510 -1.322396 -0.292353 -3.214049 -0.444273 
1930 1.000000 0.400000 0.127134 -1.265481 -0.284751 -3.136826 -0.624354 
1940 1.000000 0.400000 0.129067 -1.209269 -0.271721 -3.033790 -0.786081 
1950 1.000000 0.400000 0.131090 -1.154987 -0.253325 -2.930453 -0.950168 
1960 1.000000 0.400000 0.132937 -1.103530 -0.229984 -2.811751 -1.106539 
1970 1.000000 0.400000 0.134605 -1.053585 -0.201639 -2.654760 -1.208803 
1980 1.000000 0.400000 0.135969 -1.005859 -0.168278 -2.493932 -1.309603 
1990 1.000000 0.400000 0.136880 -0.960922 -0.130007 -2.320639 -1.404090 
2000 1.000000 0.400000 0.137411 -0.918604 -0.086590 -2.140127 -1.459918 
2010 1.000000 0.400000 0.137535 -0.880510 -0.039279 -1.971103 -1.537336 
2020 1.000000 0.400000 0.137351 -0.846579 0.012006 -1.783193 -1.551221 
2030 1.000000 0.400000 0.137115 -0.815896 0.068129 -1.614058 -1.522530 
2040 1.000000 0.400000 0.137093 -0.788425 0.129339 -1.425875 -1.493967 
2050 1.000000 0.400000 0.137497 -0.765373 0.195567 -1.244115 -1.431222 
2060 1.000000 0.400000 0.138506 -0.748576 0.265832 -1.053201 -1.377102 
2070 1.000000 0.400000 0.140314 -0.738622 0.339707 -0.873505 -1.296778 
2080 1.000000 0.400000 0.143056 -0.735713 0.415985 -0.712151 -1.216741 
2090 1.000000 0.400000 0.146370 -0.740652 0.492270 -0.549590 -1.117761 
2100 1.000000 0.400000 0.150218 -0.753296 0.570184 -0.425482 -0.991014 
2110 1.000000 0.400000 0.154335 -0.773591 0.648746 -0.306740 -0.839418 
2120 1.000000 0.400000 0.158590 -0.801662 0.728620 -0.230276 -0.676530 
2130 1.000000 0.400000 0.162306 -0.838620 0.806922 -0.102948 -0.531569 
2140 1.000000 0.400000 0.164882 -0.884209 0.880898 -0.019406 -0.352582 
2150 1.000000 0.400000 0.166303 -0.938315 0.950641 0.030881 -0.174970 
2160 1.000000 0.400000 0.167123 -1.000632 1.018198 0.034556 0.009558 
2170 1.000000 0.400000 0.167673 -1.072048 1.084060 -0.014954 0.191288 
2180 1.000000 0.400000 0.168089 -1.151611 1.146211 -0.059427 0.355517 
2190 1.000000 0.400000 0.168761 -1.236379 1.202280 -0.052865 0.515212 
2200 1.000000 0.400000 0.169750 -1.327588 1.250474 -0.113591 0.692888 
2210 1.000000 0.400000 0.171929 -1.425434 1.289835 -0.161100 0.873901 
2220 1.000000 0.400000 0.176232 -1.528180 1.318779 -0.254135 1.042498 
2230 1.000000 0.400000 0.182665 -1.633267 1.335642 -0.315683 1.228808 
2240 1.000000 0.400000 0.191116 -1.735218 1.339377 -0.350336 1.397481 
2250 1.000000 0.400000 0.198821 -1.826592 1.330698 -0.346852 1.578798 
2260 1.000000 0.400000 0.204692 -1.909520 1.312177 -0.428229 1.756232 
2270 1.000000 0.400000 0.209015 -1.986652 1.285052 -0.527255 1.914782 
2280 1.000000 0.400000 0.211457 -2.058238 1.250138 -0.677439 2.038140 
2290 1.000000 0.400000 0.212374 -2.126432 1.207744 -0.823970 2.129889 
2300 1.000000 0.400000 0.211433 -2.188813 1.159208 -0.990395 2.222453 
2310 1.000000 0.400000 0.208605 -2.246177 1.103797 -1.173440 2.280369 
2320 1.000000 0.400000 0.203954 -2.297928 1.041960 -1.352968 2.324807 
2330 1.000000 0.400000 0.197865 -2.343044 0.975639 -1.522731 2.319653 
2340 1.000000 0.400000 0.190789 -2.384256 0.902336 -1.709990 2.274011 
2350 1.000000 0.400000 0.182797 -2.418686 0.823528 -1.895577 2.252682 
2360 1.000000 0.400000 0.174324 -2.445412 0.739444 -2.079820 2.194211 
2370 1.000000 0.400000 0.166054 -2.462155 0.653270 -2.273800 2.161796 
2380 1.000000 0.400000 0.158906 -2.468227 0.569655 -2.455475 2.148260 
2390 1.000000 0.400000 0.153328 -2.464616 0.492140 -2.642177 2.148527 
2400 1.000000 0.400000 0.149150 -2.453161 0.421451 -2.825423 2.119231 
2410 1.000000 0.400000 0.146064 -2.435928 0.358710 -3.008699 2.069386 
2420 1.000000 0.400000 0.143446 -2.413058 0.300528 -3.170473 1.966142 
2430 1.000000 0.400000 0.141044 -2.384823 0.245988 -3.326185 1.851388 
2440 1.000000 0.400000 0.138703 -2.352352 0.196402 -3.455748 1.712298 
2450 1.000000 0.400000 0.136301 -2.315564 0.150689 -3.564950 1.565058 
2460 1.000000 0.400000 0.133847 -2.274670 0.108933 -3.660501 1.392925 
2470 1.000000 0.400000 0.131312 -2.229462 0.071146 -3.717041 1.202032 
2480 1.000000 0.400000 0.128865 -2.179915 0.036673 -3.755430 1.028035 
2490 1.000000 0.400000 0.126782 -2.129052 0.008221 -3.827354 0.858158 
2500 1.000000 0.400000 0.125142 -2.075957 -0.014956 -3.834870 0.660266 
2510 1.000000 0.400000 0.124065 -2.019773 -0.033322 -3.812228 0.469027 
2520 1.000000 0.400000 0.123770 -1.961403 -0.046578 -3.801452 0.287060 
2530 1.000000 0.400000 0.124303 -1.903120 -0.053948 -3.802301 0.095720 
2540 1.000000 0.400000 0.125539 -1.846756 -0.055420 -3.772516 -0.096186 
2550 1.000000 0.400000 0.127313 -1.790445 -0.051576 -3.698649 -0.268460 
2560 1.000000 0.400000 0.129428 -1.735690 -0.042772 -3.652422 -0.436860 
2570 1.000000 0.400000 0.131678 -1.682890 -0.029251 -3.543025 -0.592420 
2580 1.000000 0.400000 0.133898 -1.631041 -0.010699 -3.415497 -0.740814 
2590 1.000000 0.400000 0.135976 -1.580667 0.012842 -3.283970 -0.876096 
2600 1.000000 0.400000 0.137746 -1.531949 0.041405 -3.125425 -0.984394 
2610 1.000000 0.400000 0.139192 -1.484440 0.075135 -2.968076 -1.080659 
2620 1.000000 0.400000 0.140201 -1.439544 0.113642 -2.797295 -1.162105 
2630 1.000000 0.400000 0.140765 -1.397317 0.157041 -2.627455 -1.209985 
2640 1.000000 0.400000 0.141026 -1.357458 0.205471 -2.444125 -1.218846 
2650 1.000000 0.400000 0.141039 -1.320456 0.259147 -2.252204 -1.231565 
2660 1.000000 0.400000 0.140920 -1.287307 0.317830 -2.066781 -1.236525 
2670 1.000000 0.400000 0.140814 -1.259715 0.380453 -1.875585 -1.225898 
2680 1.000000 0.400000 0.141074 -1.237267 0.447991 -1.686449 -1.179098 
2690 1.000000 0.400000 0.141918 -1.221427 0.517888 -1.521082 -1.126206 
2700 1.000000 0.400000 0.143671 -1.211490 0.591387 -1.359266 -1.044577 
2710 1.000000 0.400000 0.146520 -1.207766 0.668794 -1.208598 -0.926769 
2720 1.000000 0.400000 0.150077 -1.211696 0.747113 -1.045883 -0.847555 
2730 1.000000 0.400000 0.154115 -1.223522 0.826092 -0.899538 -0.737879 
2740 1.000000 0.400000 0.158287 -1.243261 0.905049 -0.800796 -0.580016 
2750 1.000000 0.400000 0.162423 -1.271326 0.984663 -0.690041 -0.420782 
2760 1.000000 0.400000 0.166020 -1.308050 1.062867 -0.593754 -0.270102 
2770 1.000000 0.400000 0.168525 -1.352815 1.136763 -0.484401 -0.120250 
2780 1.000000 0.400000 0.170144 -1.405583 1.207761 -0.459043 0.069559 
2790 1.000000 0.400000 0.170787 -1.467636 1.276056 -0.444763 0.264356 
2800 1.000000 0.400000 0.170588 -1.539123 1.340896 -0.441797 0.456915 
2810 1.000000 0.400000 0.169554 -1.618423 1.399506 -0.462771 0.628575 
2820 1.000000 0.400000 0.169195 -1.705376 1.454975 -0.538031 0.797962 
2830 1.000000 0.400000 0.169414 -1.800481 1.503443 -0.590877 0.983757 
2840 1.000000 0.400000 0.171260 -1.902761 1.543089 -0.696073 1.138209 
2850 1.000000 0.400000 0.176232 -2.009755 1.573617 -0.759695 1.304060 
2860 1.000000 0.400000 0.183574 -2.117948 1.591228 -0.810399 1.490016 
2870 1.000000 0.400000 0.191997 -2.218694 1.593791 -0.807413 1.670835 
2880 1.000000 0.400000 0.199359 -2.307568 1.584399 -0.820159 1.850650 
2890 1.000000 0.400000 0.205101 -2.389670 1.565247 -0.905563 2.024640 
2900 1.000000 0.400000 0.209301 -2.465566 1.538004 -0.983487 2.183295 
2910 1.000000 0.400000 0.211685 -2.535078 1.504054 -1.119940 2.316823 
2920 1.000000 0.400000 0.212148 -2.599374 1.463246 -1.273110 2.435668 
2930 1.000000 0.400000 0.210766 -2.659538 1.415268 -1.460178 2.498751 
2940 1.000000 0.400000 0.207635 -2.715906 1.359954 -1.647207 2.549063 
2950 1.000000 0.400000 0.202821 -2.767955 1.297446 -1.832372 2.541687 
2960 1.000000 0.400000 0.196644 -2.814920 1.228815 -2.015567 2.575460 
2970 1.000000 0.400000 0.189141 -2.854552 1.155402 -2.200835 2.547592 
2980 1.000000 0.400000 0.180779 -2.887274 1.076933 -2.374202 2.512151 
2990 1.000000 0.400000 0.172068 -2.912300 0.994098 -2.565586 2.471137 
3000 1.000000 0.400000 0.163722 -2.928645 0.908472 -2.738162 2.424193 
3010 1.000000 0.400000 0.156496 -2.934486 0.824975 -2.913855 2.389085 
3020 1.000000 0.400000 0.150898 -2.931115 0.746016 -3.103831 2.388708 
3030 1.000000 0.400000 0.146809 -2.919691 0.675406 -3.294784 2.371954 
3040 1.000000 0.400000 0.143753 -2.902037 0.611709 -3.475108 2.312980 
3050 1.000000 0.400000 0.141256 -2.878849 0.552600 -3.622228 2.223586 
3060 1.000000 0.400000 0.139088 -2.851139 0.498167 -3.769484 2.104583 
3070 1.000000 0.400000 0.136958 -2.818611 0.447686 -3.911033 1.965933 
3080 1.000000 0.400000 0.134750 -2.781702 0.401594 -4.035345 1.819434 
3090 1.000000 0.400000 0.132540 -2.741838 0.360601 -4.133711 1.675129 
3100 1.000000 0.400000 0.130334 -2.699039 0.324113 -4.224384 1.507946 
3110 1.000000 0.400000 0.128172 -2.652454 0.291154 -4.249137 1.320935 
3120 1.000000 0.400000 0.126198 -2.602391 0.262091 -4.271994 1.141471 
3130 1.000000 0.400000 0.124565 -2.549168 0.237297 -4.265955 0.956989 
3140 1.000000 0.400000 0.123509 -2.494424 0.217292 -4.297187 0.785958 
3150 1.000000 0.400000 0.123114 -2.438941 0.202686 -4.289972 0.611893 
3160 1.000000 0.400000 0.123434 -2.381509 0.192835 -4.265206 0.433140 
3170 1.000000 0.400000 0.124441 -2.324915 0.188547 -4.255654 0.245690 
3180 1.000000 0.400000 0.126013 -2.269196 0.189728 -4.188658 0.060571 
3190 1.000000 0.400000 0.127964 -2.214524 0.196158 -4.124419 -0.115325 
3200 1.000000 0.400000 0.130090 -2.161213 0.207651 -4.062671 -0.293879 
3210 1.000000 0.400000 0.132281 -2.109420 0.223756 -3.937220 -0.422260 
3220 1.000000 0.400000 0.134433 -2.057972 0.244824 -3.797820 -0.557477 
3230 1.000000 0.400000 0.136462 -2.006719 0.271189 -3.636489 -0.654260 
3240 1.000000 0.400000 0.138236 -1.956370 0.302815 -3.475981 -0.730294 
3250 1.000000 0.400000 0.139768 -1.906610 0.339862 -3.319086 -0.796926 
3260 1.000000 0.400000 0.140937 -1.859589 0.381119 -3.180043 -0.865850 
3270 1.000000 0.400000 0.141672 -1.816379 0.426260 -3.005758 -0.944100 
3280 1.000000 0.400000 0.141964 -1.777255 0.475192 -2.849328 -0.973112 
3290 1.000000 0.400000 0.142150 -1.740077 0.529340 -2.667520 -0.961591 
3300 1.000000 0.400000 0.142298 -1.706044 0.588968 -2.504702 -0.916463 
3310 1.000000 0.400000 0.142758 -1.675203 0.654030 -2.317016 -0.891335 
3320 1.000000 0.400000 0.143632 -1.649498 0.723975 -2.148689 -0.828764 
3330 1.000000 0.400000 0.145369 -1.629088 0.798870 -1.976224 -0.769230 
3340 1.000000 0.400000 0.148117 -1.615520 0.877687 -1.802155 -0.682640 
3350 1.000000 0.400000 0.151888 -1.609304 0.958129 -1.655194 -0.606854 
3360 1.000000 0.400000 0.156459 -1.610662 1.039123 -1.491314 -0.538743 
3370 1.000000 0.400000 0.161175 -1.620950 1.119501 -1.329104 -0.433144 
3380 1.000000 0.400000 0.165935 -1.639224 1.199462 -1.201414 -0.312531 
3390 1.000000 0.400000 0.169948 -1.664614 1.274912 -1.075797 -0.205398 
3400 1.000000 0.400000 0.173268 -1.697712 1.348649 -0.996024 -0.042094 
3410 1.000000 0.400000 0.175945 -1.738599 1.421441 -0.906476 0.116862 
3420 1.000000 0.400000 0.177449 -1.787705 1.491145 -0.842812 0.301999 
3430 1.000000 0.400000 0.177687 -1.845252 1.557332 -0.820713 0.485938 
3440 1.000000 0.400000 0.177145 -1.910712 1.620645 -0.817657 0.669063 
3450 1.000000 0.400000 0.176033 -1.985462 1.681636 -0.857621 0.857308 
3460 1.000000 0.400000 0.174982 -2.069258 1.739749 -0.950238 1.009215 
3470 1.000000 0.400000 0.175350 -2.161495 1.795941 -1.023517 1.183570 
3480 1.000000 0.400000 0.176223 -2.259726 1.842070 -1.037387 1.373047 
3490 1.000000 0.400000 0.178443 -2.362226 1.876250 -1.103228 1.542477 
3500 1.000000 0.400000 0.183122 -2.468372 1.898816 -1.173245 1.726449 
3510 1.000000 0.400000 0.189772 -2.571375 1.907168 -1.203025 1.909017 
3520 1.000000 0.400000 0.196745 -2.665756 1.901730 -1.220023 2.100766 
3530 1.000000 0.400000 0.202542 -2.751774 1.885195 -1.283263 2.280533 
3540 1.000000 0.400000 0.206608 -2.830395 1.859757 -1.371305 2.449528 
3550 1.000000 0.400000 0.208909 -2.902919 1.826416 -1.490367 2.594429 
3560 1.000000 0.400000 0.209570 -2.970624 1.786066 -1.649039 2.681341 
3570 1.000000 0.400000 0.208582 -3.034786 1.738289 -1.823936 2.766971 
3580 1.000000 0.400000 0.205688 -3.093350 1.683924 -1.993808 2.849989 
3590 1.000000 0.400000 0.200946 -3.146114 1.623135 -2.186393 2.866885 
3600 1.000000 0.400000 0.194636 -3.193679 1.555518 -2.369733 2.894165 
3610 1.000000 0.400000 0.186987 -3.234544 1.482319 -2.565906 2.873291 
3620 1.000000 0.400000 0.178328 -3.268284 1.403570 -2.753647 2.846466 
3630 1.000000 0.400000 0.169211 -3.292765 1.321994 -2.938341 2.817057 
3640 1.000000 0.400000 0.160363 -3.308635 1.237261 -3.117403 2.752387 
3650 1.000000 0.400000 0.152650 -3.315045 1.152330 -3.296515 2.714099 
3660 1.000000 0.400000 0.146713 -3.311442 1.073558 -3.487459 2.710397 
3670 1.000000 0.400000 0.142370 -3.299595 1.001563 -3.676178 2.672305 
3680 1.000000 0.400000 0.139380 -3.282157 0.938201 -3.852942 2.679811 
3690 1.000000 0.400000 0.137173 -3.260085 0.880645 -3.997005 2.562677 
3700 1.000000 0.400000 0.135294 -3.232740 0.826294 -4.153593 2.444874 
3710 1.000000 0.400000 0.133582 -3.201082 0.777011 -4.296505 2.313594 
3720 1.000000 0.400000 0.131872 -3.165206 0.731395 -4.397024 2.167523 
3730 1.000000 0.400000 0.130223 -3.125940 0.690026 -4.478894 2.011486 
3740 1.000000 0.400000 0.128581 -3.082372 0.651455 -4.544594 1.837416 
3750 1.000000 0.400000 0.126995 -3.035090 0.616939 -4.605522 1.662077 
3760 1.000000 0.400000 0.125629 -2.985130 0.587319 -4.665799 1.480694 
3770 1.000000 0.400000 0.124599 -2.933435 0.562978 -4.694252 1.295788 
3780 1.000000 0.400000 0.124012 -2.879554 0.543439 -4.706457 1.117510 
3790 1.000000 0.400000 0.123990 -2.824369 0.529138 -4.686218 0.921000 
3800 1.000000 0.400000 0.124579 -2.767248 0.519931 -4.643058 0.735533 
3810 1.000000 0.400000 0.125743 -2.711407 0.516448 -4.635249 0.549535 
3820 1.000000 0.400000 0.127418 -2.655527 0.517778 -4.578629 0.389811 
3830 1.000000 0.400000 0.129473 -2.599879 0.524273 -4.504360 0.209854 
3840 1.000000 0.400000 0.131656 -2.545821 0.535940 -4.405681 0.049678 
3850 1.000000 0.400000 0.133834 -2.492990 0.552603 -4.321798 -0.116471 
3860 1.000000 0.400000 0.135802 -2.442994 0.573529 -4.203866 -0.253505 
3870 1.000000 0.400000 0.137558 -2.394001 0.599179 -4.074395 -0.386400 
3880 1.000000 0.400000 0.138912 -2.347150 0.629529 -3.902559 -0.476490 
3890 1.000000 0.400000 0.139878 -2.301730 0.665124 -3.729066 -0.561165 
3900 1.000000 0.400000 0.140423 -2.258957 0.705017 -3.567385 -0.625082 
3910 1.000000 0.400000 0.140589 -2.217700 0.750351 -3.381694 -0.640914 
3920 1.000000 0.400000 0.140422 -2.178886 0.800953 -3.206045 -0.679550 
3930 1.000000 0.400000 0.140027 -2.144125 0.855387 -3.043381 -0.667868 
3940 1.000000 0.400000 0.139667 -2.111994 0.915520 -2.851441 -0.640716 
3950 1.000000 0.400000 0.139462 -2.084418 0.981182 -2.657011 -0.601598 
3960 1.000000 0.400000 0.139740 -2.062318 1.051694 -2.484316 -0.547569 
3970 1.000000 0.400000 0.140911 -2.046093 1.126357 -2.312279 -0.468458 
3980 1.000000 0.400000 0.143146 -2.036875 1.204521 -2.148025 -0.372232 
3990 1.000000 0.400000 0.146538 -2.035247 1.286320 -1.977541 -0.290093 
4000 1.000000 0.400000 0.150703 -2.042141 1.368897 -1.834495 -0.155369 
4010 1.000000 0.400000 0.155428 -2.057427 1.452394 -1.709331 -0.022011 
4020 1.000000 0.400000 0.160542 -2.081494 1.537716 -1.603915 0.137690 
4030 1.000000 0.400000 0.165249 -2.115164 1.621744 -1.480765 0.287031 
4040 1.000000 0.400000 0.169227 -2.158108 1.703165 -1.408163 0.462705 
4050 1.000000 0.400000 0.172287 -2.210777 1.782033 -1.356694 0.644154 
4060 1.000000 0.400000 0.174428 -2.272177 1.857187 -1.331338 0.825922 
4070 1.000000 0.400000 0.175064 -2.341433 1.925104 -1.281199 1.007104 
4080 1.000000 0.400000 0.174571 -2.418942 1.986564 -1.300113 1.190347 
4090 1.000000 0.400000 0.173986 -2.505100 2.043377 -1.348795 1.374034 
4100 1.000000 0.400000 0.173347 -2.598370 2.091589 -1.387179 1.548089 
4110 1.000000 0.400000 0.173969 -2.697742 2.131051 -1.454391 1.723895 
4120 1.000000 0.400000 0.177068 -2.802994 2.160653 -1.545325 1.893386 
4130 1.000000 0.400000 0.182609 -2.910509 2.177854 -1.588065 2.079841 
4140 1.000000 0.400000 0.189582 -3.011874 2.179642 -1.626582 2.267682 
4150 1.000000 0.400000 0.195981 -3.101596 2.169307 -1.609569 2.449656 
4160 1.000000 0.400000 0.200951 -3.183189 2.150316 -1.675558 2.602138 
4170 1.000000 0.400000 0.204480 -3.257441 2.124176 -1.771988 2.759081 
4180 1.000000 0.400000 0.206622 -3.327892 2.090495 -1.904383 2.885562 
4190 1.000000 0.400000 0.207132 -3.393489 2.050132 -2.062658 2.993593 
4200 1.000000 0.400000 0.205864 -3.454804 2.002593 -2.240403 3.068689 
4210 1.000000 0.400000 0.202887 -3.511409 1.948467 -2.414660 3.130072 
4220 1.000000 0.400000 0.198260 -3.562879 1.887991 -2.605703 3.163897 
4230 1.000000 0.400000 0.192125 -3.608967 1.821179 -2.792172 3.145843 
4240 1.000000 0.400000 0.184860 -3.649005 1.749070 -2.969775 3.152711 
4250 1.000000 0.400000 0.176713 -3.681783 1.672276 -3.158760 3.131972 
4260 1.000000 0.400000 0.168118 -3.705925 1.592081 -3.352989 3.107306 
4270 1.000000 0.400000 0.159762 -3.720533 1.510420 -3.519597 3.056826 
4280 1.000000 0.400000 0.152574 -3.726736 1.428887 -3.704925 3.028416 
4290 1.000000 0.400000 0.147107 -3.724404 1.353050 -3.865238 3.035730 
4300 1.000000 0.400000 0.143130 -3.714850 1.283705 -4.053062 2.992803 
4310 1.000000 0.400000 0.140212 -3.699054 1.219847 -4.220354 2.938270 
4320 1.000000 0.400000 0.137961 -3.677819 1.160921 -4.387840 2.868863 
4330 1.000000 0.400000 0.136136 -3.652148 1.107178 -4.537047 2.750238 
4340 1.000000 0.400000 0.134435 -3.622159 1.057747 -4.677585 2.630898 
4350 1.000000 0.400000 0.132741 -3.587514 1.011172 -4.797393 2.481121 
4360 1.000000 0.400000 0.131059 -3.549739 0.969586 -4.889349 2.329085 
4370 1.000000 0.400000 0.129315 -3.507688 0.931141 -4.957838 2.148242 
4380 1.000000 0.400000 0.127598 -3.461824 0.896551 -5.009642 1.967261 
4390 1.000000 0.400000 0.126010 -3.412249 0.865926 -5.062197 1.783595 
4400 1.000000 0.400000 0.124711 -3.359441 0.839921 -5.080462 1.593264 
4410 1.000000 0.400000 0.123907 -3.304708 0.819253 -5.097344 1.403154 
4420 1.000000 0.400000 0.123707 -3.249023 0.804277 -5.104729 1.213125 
4430 1.000000 0.400000 0.124174 -3.192436 0.794652 -5.070416 1.034426 
4440 1.000000 0.400000 0.125268 -3.135425 0.790368 -5.058218 0.847855 
4450 1.000000 0.400000 0.126874 -3.079934 0.791610 -5.005607 0.658310 
4460 1.000000 0.400000 0.128843 -3.025228 0.797871 -4.927090 0.512311 
4470 1.000000 0.400000 0.131087 -2.969774 0.808631 -4.819689 0.374316 
4480 1.000000 0.400000 0.133431 -2.914766 0.824421 -4.712706 0.221623 
4490 1.000000 0.400000 0.135690 -2.860617 0.845539 -4.579248 0.086530 
4500 1.000000 0.400000 0.137698 -2.807985 0.872027 -4.434227 -0.046164 
4510 1.000000 0.400000 0.139286 -2.758089 0.903456 -4.294385 -0.163712 
4520 1.000000 0.400000 0.140423 -2.710600 0.939839 -4.119609 -0.233010 
4530 1.000000 0.400000 0.141287 -2.663726 0.981796 -3.958161 -0.263620 
4540 1.000000 0.400000 0.141783 -2.619563 1.028418 -3.785168 -0.323447 
4550 1.000000 0.400000 0.141897 -2.578181 1.080660 -3.602957 -0.336645 
4560 1.000000 0.400000 0.141758 -2.540169 1.138458 -3.411391 -0.328890 
4570 1.000000 0.400000 0.141512 -2.506706 1.201607 -3.219449 -0.320685 
4580 1.000000 0.400000 0.141707 -2.476663 1.271408 -3.050703 -0.229532 
4590 1.000000 0.400000 0.142773 -2.450948 1.347741 -2.897976 -0.145949 
4600 1.000000 0.400000 0.145152 -2.430793 1.429011 -2.725083 -0.070166 
4610 1.000000 0.400000 0.148902 -2.418289 1.514598 -2.553699 0.014221 
4620 1.000000 0.400000 0.153444 -2.415442 1.599512 -2.380930 0.066362 
4630 1.000000 0.400000 0.158475 -2.420884 1.682504 -2.241749 0.150224 
4640 1.000000 0.400000 0.163794 -2.434985 1.765778 -2.091663 0.272670 
4650 1.000000 0.400000 0.168930 -2.458177 1.848719 -1.968175 0.418042 
4660 1.000000 0.400000 0.173546 -2.490528 1.930563 -1.874795 0.579615 
4670 1.000000 0.400000 0.177494 -2.531664 2.010900 -1.784855 0.740807 
4680 1.000000 0.400000 0.180507 -2.581762 2.088909 -1.743577 0.914501 
4690 1.000000 0.400000 0.182740 -2.640668 2.164648 -1.726115 1.105663 
4700 1.000000 0.400000 0.184223 -2.708876 2.237565 -1.721930 1.293014 
4710 1.000000 0.400000 0.184976 -2.785815 2.306106 -1.737466 1.463563 
4720 1.000000 0.400000 0.184734 -2.869583 2.366505 -1.725781 1.651390 
4730 1.000000 0.400000 0.184521 -2.961458 2.420299 -1.799079 1.825500 
4740 1.000000 0.400000 0.185066 -3.059801 2.465225 -1.833503 1.997799 
4750 1.000000 0.400000 0.187419 -3.162476 2.499806 -1.898768 2.173802 
4760 1.000000 0.400000 0.191505 -3.266998 2.521106 -1.949695 2.361291 
4770 1.000000 0.400000 0.197369 -3.367177 2.528253 -1.960006 2.543134 
4780 1.000000 0.400000 0.203248 -3.456290 2.522902 -1.938074 2.729549 
4790 1.000000 0.400000 0.207952 -3.537065 2.507717 -2.001550 2.914588 
4800 1.000000 0.400000 0.211151 -3.610357 2.484935 -2.078424 3.066195 
4810 1.000000 0.400000 0.213061 -3.678964 2.455258 -2.211604 3.204151 
4820 1.000000 0.400000 0.213601 -3.745017 2.418216 -2.355693 3.316175 
4830 1.000000 0.400000 0.212354 -3.805447 2.375267 -2.515201 3.420223 
4840 1.000000 0.400000 0.209321 -3.861395 2.325894 -2.693483 3.475302 
4850 1.000000 0.400000 0.204787 -3.914571 2.269181 -2.880804 3.514434 
4860 1.000000 0.400000 0.198923 -3.963180 2.206739 -3.060258 3.517876 
4870 1.000000 0.400000 0.191642 -4.006738 2.137686 -3.252519 3.519023 
4880 1.000000 0.400000 0.183280 -4.043918 2.063395 -3.425815 3.516445 
4890 1.000000 0.400000 0.174314 -4.072985 1.986196 -3.605640 3.482774 
4900 1.000000 0.400000 0.165146 -4.093891 1.905742 -3.787506 3.419158 
4910 1.000000 0.400000 0.156430 -4.105996 1.822970 -3.972565 3.392885 
4920 1.000000 0.400000 0.149108 -4.108232 1.743821 -4.161110 3.362596 
4930 1.000000 0.400000 0.143269 -4.101514 1.667503 -4.343364 3.304416 
4940 1.000000 0.400000 0.139053 -4.087320 1.597539 -4.520001 3.278379 
4950 1.000000 0.400000 0.136088 -4.067481 1.534583 -4.693929 3.215980 
4960 1.000000 0.400000 0.133935 -4.042999 1.477564 -4.860240 3.158551 
4970 1.000000 0.400000 0.132315 -4.015545 1.426788 -4.991858 3.053302 
4980 1.000000 0.400000 0.130876 -3.983391 1.378605 -5.100092 2.900229 
4990 1.000000 0.400000 0.129517 -3.946690 1.333265 -5.198141 2.746536 
5000 1.000000 0.400000 0.128210 -3.906333 1.291946 -5.296996 2.591041 
5010 1.000000 0.400000 0.126971 -3.862791 1.254903 -5.363825 2.423654 
5020 1.000000 0.400000 0.125872 -3.816215 1.222032 -5.418835 2.249495 
5030 1.000000 0.400000 0.124978 -3.766353 1.193414 -5.442386 2.062657 
5040 1.000000 0.400000 0.124430 -3.714212 1.169713 -5.473694 1.884879 
5050 1.000000 0.400000 0.124357 -3.659487 1.150444 -5.454440 1.698749 
5060 1.000000 0.400000 0.124876 -3.602688 1.136182 -5.454053 1.513843 
5070 1.000000 0.400000 0.126021 -3.545496 1.127433 -5.420090 1.335752 
5080 1.000000 0.400000 0.127779 -3.487247 1.123880 -5.358957 1.158773 
5090 1.000000 0.400000 0.129972 -3.429943 1.125791 -5.334719 0.981772 
5100 1.000000 0.400000 0.132401 -3.374042 1.132744 -5.272549 0.802688 
5110 1.000000 0.400000 0.134848 -3.319787 1.144957 -5.168136 0.642009 
5120 1.000000 0.400000 0.137164 -3.266641 1.162421 -5.066131 0.474095 
5130 1.000000 0.400000 0.139206 -3.215029 1.184919 -4.932882 0.345309 
5140 1.000000 0.400000 0.140851 -3.165705 1.212065 -4.793022 0.217656 
5150 1.000000 0.400000 0.141994 -3.118203 1.244276 -4.630076 0.118565 
5160 1.000000 0.400000 0.142647 -3.072765 1.281498 -4.459499 0.041044 
5170 1.000000 0.400000 0.142784 -3.029875 1.323556 -4.287377 0.005671 
5180 1.000000 0.400000 0.142554 -2.988137 1.371524 -4.097020 -0.026034 
5190 1.000000 0.400000 0.141940 -2.949233 1.425176 -3.907342 -0.029493 
5200 1.000000 0.400000 0.141242 -2.912276 1.485610 -3.722414 0.009695 
5210 1.000000 0.400000 0.140542 -2.879963 1.551858 -3.528295 0.034255 
5220 1.000000 0.400000 0.140207 -2.853204 1.622899 -3.351745 0.070920 
5230 1.000000 0.400000 0.140630 -2.832819 1.696891 -3.183528 0.094300 
5240 1.000000 0.400000 0.142050 -2.819075 1.774234 -3.022413 0.202044 
5250 1.000000 0.400000 0.144650 -2.812133 1.853985 -2.867864 0.253464 
5260 1.000000 0.400000 0.148291 -2.812412 1.935115 -2.749067 0.381756 
5270 1.000000 0.400000 0.152874 -2.819906 2.018090 -2.590582 0.479578 
5280 1.000000 0.400000 0.157748 -2.836013 2.100888 -2.461197 0.611636 
5290 1.000000 0.400000 0.162370 -2.861173 2.182513 -2.326524 0.755038 
5300 1.000000 0.400000 0.166615 -2.894814 2.262945 -2.231431 0.901676 
5310 1.000000 0.400000 0.169803 -2.937045 2.339474 -2.134566 1.071219 
5320 1.000000 0.400000 0.171967 -2.988110 2.412981 -2.073578 1.247524 
5330 1.000000 0.400000 0.172911 -3.047680 2.482018 -2.031789 1.436798 
5340 1.000000 0.400000 0.172829 -3.114989 2.546267 -2.041548 1.608846 
5350 1.000000 0.400000 0.172741 -3.189330 2.608077 -2.084242 1.758450 
5360 1.000000 0.400000 0.173178 -3.271315 2.667684 -2.139922 1.931818 
5370 1.000000 0.400000 0.173624 -3.361911 2.720661 -2.180093 2.125638 
5380 1.000000 0.400000 0.174356 -3.458348 2.763005 -2.210035 2.307202 
5390 1.000000 0.400000 0.177375 -3.560895 2.796823 -2.314349 2.462881 
5400 1.000000 0.400000 0.183794 -3.668639 2.821604 -2.391238 2.626206 
5410 1.000000 0.400000 0.191228 -3.769668 2.831497 -2.338199 2.808116 
5420 1.000000 0.400000 0.197724 -3.856103 2.828354 -2.320411 2.997548 
5430 1.000000 0.400000 0.202878 -3.933398 2.816022 -2.330653 3.181144 
5440 1.000000 0.400000 0.206679 -4.004319 2.796777 -2.425962 3.324267 
5450 1.000000 0.400000 0.209327 -4.071306 2.770986 -2.520684 3.484915 
5460 1.000000 0.400000 0.210387 -4.133895 2.738795 -2.643331 3.628551 
5470 1.000000 0.400000 0.210187 -4.193536 2.700686 -2.821268 3.688671 
5480 1.000000 0.400000 0.208454 -4.249613 2.656577 -2.974711 3.787969 
5490 1.000000 0.400000 0.205170 -4.301378 2.606786 -3.147330 3.854433 
5500 1.000000 0.400000 0.200364 -4.348250 2.551849 -3.328931 3.883912 
5510 1.000000 0.400000 0.194189 -4.390555 2.491322 -3.519792 3.907860 
5520 1.000000 0.400000 0.186809 -4.427511 2.425613 -3.699733 3.892911 
5530 1.000000 0.400000 0.178577 -4.458376 2.355583 -3.888987 3.880411 
5540 1.000000 0.400000 0.169787 -4.481600 2.282484 -4.072116 3.867927 
5550 1.000000 0.400000 0.160982 -4.497757 2.206110 -4.253018 3.806762 
5560 1.000000 0.400000 0.152736 -4.505856 2.127879 -4.423885 3.736263 
5570 1.000000 0.400000 0.145803 -4.505657 2.051053 -4.589940 3.699056 
5580 1.000000 0.400000 0.140496 -4.497806 1.978061 -4.773663 3.648984 
5590 1.000000 0.400000 0.136670 -4.482877 1.910913 -4.948288 3.594133 
5600 1.000000 0.400000 0.133938 -4.461975 1.849098 -5.129855 3.526573 
5610 1.000000 0.400000 0.131935 -4.436178 1.793298 -5.296146 3.434160 
5620 1.000000 0.400000 0.130339 -4.405732 1.741883 -5.424708 3.298672 
5630 1.000000 0.400000 0.128974 -4.371006 1.694246 -5.542509 3.158397 
5640 1.000000 0.400000 0.127727 -4.332066 1.650631 -5.655285 2.997228 
5650 1.000000 0.400000 0.126583 -4.289243 1.611275 -5.732837 2.825638 
5660 1.000000 0.400000 0.125574 -4.242625 1.575719 -5.786079 2.653016 
5670 1.000000 0.400000 0.124813 -4.193174 1.544754 -5.819911 2.480923 
5680 1.000000 0.400000 0.124420 -4.141066 1.518160 -5.864612 2.302793 
5690 1.000000 0.400000 0.124475 -4.086650 1.496376 -5.873996 2.121909 
5700 1.000000 0.400000 0.125072 -4.030804 1.479735 -5.854855 1.940598 
5710 1.000000 0.400000 0.126262 -3.973864 1.468388 -5.829741 1.754972 
5720 1.000000 0.400000 0.128010 -3.915565 1.462391 -5.800788 1.573330 
5730 1.000000 0.400000 0.130158 -3.858523 1.461951 -5.760827 1.392317 
5740 1.000000 0.400000 0.132649 -3.800997 1.466821 -5.677865 1.226559 
5750 1.000000 0.400000 0.135276 -3.744221 1.476839 -5.601407 1.059841 
5760 1.000000 0.400000 0.137836 -3.689218 1.491857 -5.491118 0.912863 
5770 1.000000 0.400000 0.140153 -3.636080 1.512054 -5.390973 0.746156 
5780 1.000000 0.400000 0.142173 -3.583839 1.537402 -5.229484 0.646235 
5790 1.000000 0.400000 0.143814 -3.532169 1.568459 -5.067290 0.540052 
5800 1.000000 0.400000 0.144934 -3.482191 1.605336 -4.887433 0.459026 
5810 1.000000 0.400000 0.145438 -3.434756 1.647979 -4.710168 0.380821 
5820 1.000000 0.400000 0.145331 -3.390237 1.696338 -4.516498 0.370930 
5830 1.000000 0.400000 0.144765 -3.348138 1.750999 -4.331360 0.338594 
5840 1.000000 0.400000 0.143886 -3.309693 1.811400 -4.139939 0.351132 
5850 1.000000 0.400000 0.142959 -3.275429 1.877622 -3.971018 0.396270 
5860 1.000000 0.400000 0.142475 -3.245246 1.949644 -3.803661 0.468805 
5870 1.000000 0.400000 0.142900 -3.219895 2.027429 -3.633499 0.500234 
5880 1.000000 0.400000 0.144482 -3.201534 2.108188 -3.464462 0.566625 
5890 1.000000 0.400000 0.147009 -3.192141 2.189203 -3.283747 0.613304 
5900 1.000000 0.400000 0.150599 -3.190593 2.271046 -3.143935 0.717985 
5910 1.000000 0.400000 0.155212 -3.197010 2.355614 -2.989868 0.832091 
5920 1.000000 0.400000 0.159946 -3.212912 2.438852 -2.841262 0.958863 
5930 1.000000 0.400000 0.164712 -3.237861 2.522527 -2.737432 1.097448 
5940 1.000000 0.400000 0.169028 -3.271242 2.604097 -2.629577 1.262825 
5950 1.000000 0.400000 0.173148 -3.313546 2.686059 -2.587903 1.443855 
5960 1.000000 0.400000 0.176499 -3.365631 2.766398 -2.541666 1.631885 
5970 1.000000 0.400000 0.178563 -3.427140 2.842174 -2.478959 1.815354 
5980 1.000000 0.400000 0.179356 -3.498329 2.913049 -2.491591 2.007567 
5990 1.000000 0.400000 0.179752 -3.578506 2.980167 -2.498425 2.183840 
6000 1.000000 0.400000 0.179228 -3.665071 3.038152 -2.526349 2.354418 
6010 1.000000 0.400000 0.178826 -3.758513 3.088368 -2.559633 2.541681 
6020 1.000000 0.400000 0.178860 -3.854659 3.127112 -2.586063 2.695940 
6030 1.000000 0.400000 0.181377 -3.955759 3.157853 -2.679383 2.835673 
6040 1.000000 0.400000 0.186883 -4.060069 3.179554 -2.744551 3.010346 
6050 1.000000 0.400000 0.193399 -4.157631 3.186891 -2.704639 3.195580 
6060 1.000000 0.400000 0.199169 -4.241884 3.182162 -2.656920 3.380136 
6070 1.000000 0.400000 0.203559 -4.316637 3.169017 -2.704444 3.558376 
6080 1.000000 0.400000 0.206821 -4.386849 3.148699 -2.799406 3.718988 
6090 1.000000 0.400000 0.208688 -4.451861 3.122053 -2.891445 3.879129 
6100 1.000000 0.400000 0.209146 -4.512888 3.089263 -3.045970 3.999396 
6110 1.000000 0.400000 0.208023 -4.570078 3.050267 -3.187757 4.120435 
6120 1.000000 0.400000 0.205338 -4.621726 3.006743 -3.354148 4.198661 
6130 1.000000 0.400000 0.201245 -4.670209 2.957310 -3.535589 4.256902 
6140 1.000000 0.400000 0.195800 -4.714367 2.902664 -3.716415 4.279344 
6150 1.000000 0.400000 0.189118 -4.753461 2.843179 -3.896523 4.304723 
6160 1.000000 0.400000 0.181470 -4.787768 2.778747 -4.083946 4.285798 
6170 1.000000 0.400000 0.173004 -4.816779 2.708997 -4.266189 4.240032 
6180 1.000000 0.400000 0.164244 -4.838831 2.636197 -4.443424 4.237162 
6190 1.000000 0.400000 0.155687 -4.853547 2.561220 -4.625279 4.177644 
6200 1.000000 0.400000 0.147847 -4.860545 2.485186 -4.796279 4.126518 
6210 1.000000 0.400000 0.141267 -4.859390 2.410502 -4.981613 4.091055 
6220 1.000000 0.400000 0.136177 -4.850175 2.339225 -5.159933 4.009997 
6230 1.000000 0.400000 0.132521 -4.833973 2.273215 -5.347144 3.964096 
6240 1.000000 0.400000 0.130029 -4.812422 2.212873 -5.480079 3.885098 
6250 1.000000 0.400000 0.128387 -4.786909 2.157556 -5.648689 3.817161 
6260 1.000000 0.400000 0.127245 -4.757211 2.106606 -5.767357 3.686104 
6270 1.000000 0.400000 0.126372 -4.722991 2.058607 -5.877111 3.537942 
6280 1.000000 0.400000 0.125670 -4.684692 2.014613 -5.982271 3.375748 
6290 1.000000 0.400000 0.125103 -4.642783 1.974847 -6.069359 3.221342 
6300 1.000000 0.400000 0.124692 -4.597840 1.939667 -6.162654 3.046958 
6310 1.000000 0.400000 0.124440 -4.550163 1.909535 -6.203960 2.857550 
6320 1.000000 0.400000 0.124464 -4.499320 1.883399 -6.225738 2.689045 
6330 1.000000 0.400000 0.124872 -4.447073 1.862279 -6.255959 2.502171 
6340 1.000000 0.400000 0.125726 -4.393772 1.846305 -6.262816 2.317867 
6350 1.000000 0.400000 0.127041 -4.338712 1.835282 -6.232934 2.127501 
6360 1.000000 0.400000 0.128807 -4.283713 1.829652 -6.207047 1.942968 
6370 1.000000 0.400000 0.130979 -4.227880 1.829117 -6.148507 1.770549 
6380 1.000000 0.400000 0.133413 -4.172178 1.833426 -6.073004 1.603281 
6390 1.000000 0.400000 0.135932 -4.117636 1.842792 -6.016155 1.422934 
6400 1.000000 0.400000 0.138360 -4.064085 1.857316 -5.895684 1.273490 
6410 1.000000 0.400000 0.140591 -4.011275 1.877021 -5.767084 1.143126 
6420 1.000000 0.400000 0.142660 -3.957928 1.901952 -5.607203 1.039244 
6430 1.000000 0.400000 0.144238 -3.907156 1.931765 -5.470229 0.916454 
6440 1.000000 0.400000 0.145530 -3.856601 1.966574 -5.314551 0.864249 
6450 1.000000 0.400000 0.146326 -3.807841 2.006855 -5.138131 0.805148 
6460 1.000000 0.400000 0.146590 -3.761614 2.052323 -4.963211 0.768050 
6470 1.000000 0.400000 0.146342 -3.717519 2.104034 -4.777773 0.748071 
6480 1.000000 0.400000 0.145605 -3.677286 2.161181 -4.589641 0.722540 
6490 1.000000 0.400000 0.144614 -3.641049 2.224096 -4.401866 0.749448 
6500 1.000000 0.400000 0.143543 -3.611146 2.290362 -4.221219 0.721419 
6510 1.000000 0.400000 0.142735 -3.587402 2.360649 -4.034266 0.780721 
6520 1.000000 0.400000 0.142738 -3.568980 2.437005 -3.869120 0.887848 
6530 1.000000 0.400000 0.143980 -3.557325 2.518301 -3.699966 0.975668 
6540 1.000000 0.400000 0.146937 -3.552080 2.604142 -3.564205 1.087423 
6550 1.000000 0.400000 0.151005 -3.555810 2.690646 -3.405753 1.181275 
6560 1.000000 0.400000 0.155720 -3.568510 2.776402 -3.261086 1.285071 
6570 1.000000 0.400000 0.160266 -3.590093 2.858917 -3.122338 1.408955 
6580 1.000000 0.400000 0.165079 -3.619574 2.942410 -3.068975 1.565310 
6590 1.000000 0.400000 0.169482 -3.657420 3.024388 -2.955347 1.725940 
6600 1.000000 0.400000 0.172391 -3.702808 3.099350 -2.856754 1.856468 
6610 1.000000 0.400000 0.174299 -3.756268 3.170975 -2.816406 2.042972 
6620 1.000000 0.400000 0.174886 -3.818061 3.237923 -2.769043 2.224715 
6630 1.000000 0.400000 0.174428 -3.888564 3.300640 -2.773498 2.416915 
6640 1.000000 0.400000 0.173328 -3.967330 3.358694 -2.803360 2.599584 
6650 1.000000 0.400000 0.172286 -4.054988 3.412233 -2.884756 2.774707 
6660 1.000000 0.400000 0.172172 -4.151789 3.460120 -2.958669 2.957012 
6670 1.000000 0.400000 0.173844 -4.255824 3.499039 -3.037164 3.128558 
6680 1.000000 0.400000 0.178268 -4.362800 3.527023 -3.089490 3.290571 
6690 1.000000 0.400000 0.183828 -4.464507 3.540344 -3.064410 3.476618 
6700 1.000000 0.400000 0.190377 -4.549897 3.546163 -2.966437 3.386058 
6710 1.000000 0.400000 0.198020 -4.620839 3.558203 -2.933303 3.207100 
6720 1.000000 0.400000 0.205788 -4.682772 3.575006 -2.962090 3.029482 
6730 1.000000 0.400000 0.213369 -4.739927 3.597012 -3.061184 2.868597 
6740 1.000000 0.400000 0.220333 -4.792722 3.623630 -3.160274 2.699118 
6750 1.000000 0.400000 0.226636 -4.842607 3.655058 -3.329096 2.603716 
6760 1.000000 0.400000 0.232300 -4.890434 3.691617 -3.494334 2.517960 
6770 1.000000 0.400000 0.237468 -4.937024 3.733794 -3.678625 2.471259 
6780 1.000000 0.400000 0.241774 -4.980650 3.781315 -3.853598 2.421017 
6790 1.000000 0.400000 0.245098 -5.019969 3.832867 -4.037586 2.371008 
6800 1.000000 0.400000 0.247443 -5.053907 3.887611 -4.208644 2.309881 
6810 1.000000 0.400000 0.249392 -5.083624 3.946491 -4.396308 2.341363 
