6810 0 -5.232536 3.658368 2.141865 -4.396308 2.341363
6810 1 -5.303659 3.596655 2.200953 -4.396308 2.341363
6810 2 -4.885073 4.159226 1.822285 -4.396308 2.341363
6810 3 -5.043568 3.979767 1.950442 -4.396308 2.341363
6810 4 -4.962827 4.066173 1.872754 -4.396308 2.341363
6810 5 -5.239315 3.744232 2.120375 -4.396308 2.341363
6810 6 -5.239693 3.687242 2.126067 -4.396308 2.341363
6810 7 -5.277023 3.675535 2.154554 -4.396308 2.341363
6810 8 -5.081824 4.035018 1.988106 -4.396308 2.341363
6810 9 -5.161074 3.904525 2.032734 -4.396308 2.341363
6810 10 -5.183534 3.760705 2.077957 -4.396308 2.341363
6810 11 -5.346805 3.577245 2.238098 -4.396308 2.341363
6810 12 -5.207671 3.777085 2.096669 -4.396308 2.341363
6810 13 -5.160322 3.873874 2.028074 -4.396308 2.341363
6810 14 -5.150659 3.819083 2.038178 -4.396308 2.341363
6810 15 -4.965329 3.990721 1.882275 -4.396308 2.341363
6810 16 -5.115362 3.970029 2.004243 -4.396308 2.341363
6810 17 -5.042550 4.085067 1.939843 -4.396308 2.341363
6810 18 -4.861278 4.207481 1.803993 -4.396308 2.341363
6810 19 -5.135783 3.941420 1.994472 -4.396308 2.341363
6810 20 -5.029292 4.007833 1.924603 -4.396308 2.341363
6810 21 -5.080898 4.067221 1.951391 -4.396308 2.341363
6810 22 -4.794505 4.250162 1.765897 -4.396308 2.341363
6810 23 -4.903551 4.132100 1.846443 -4.396308 2.341363
6810 24 -4.930856 4.175212 1.866704 -4.396308 2.341363
6810 25 -4.769318 4.325586 1.763452 -4.396308 2.341363
6810 26 -5.098655 3.998840 1.980282 -4.396308 2.341363
6810 27 -5.249025 3.712784 2.119570 -4.396308 2.341363
6810 28 -5.221113 3.899848 2.069893 -4.396308 2.341363
6810 29 -4.870990 4.247234 1.828983 -4.396308 2.341363
6810 30 -5.066289 3.890168 1.968740 -4.396308 2.341363
6810 31 -5.037892 4.054715 1.940793 -4.396308 2.341363
6810 32 -4.750952 4.256339 1.744658 -4.396308 2.341363
6810 33 -5.215421 3.803132 2.083325 -4.396308 2.341363
6810 34 -5.352482 3.617876 2.224656 -4.396308 2.341363
6810 35 -4.968254 4.109110 1.885961 -4.396308 2.341363
6810 36 -5.182833 3.823621 2.062773 -4.396308 2.341363
6810 37 -4.717939 4.328530 1.733098 -4.396308 2.341363
6810 38 -4.892220 4.188910 1.825917 -4.396308 2.341363
6810 39 -5.210391 3.737651 2.085895 -4.396308 2.341363
6810 40 -4.996913 4.002516 1.914174 -4.396308 2.341363
6810 41 -4.940762 4.094366 1.868359 -4.396308 2.341363
6810 42 -5.311100 3.668254 2.179677 -4.396308 2.341363
6810 43 -4.845136 4.161183 1.789554 -4.396308 2.341363
6810 44 -5.264503 3.788960 2.133749 -4.396308 2.341363
6810 45 -5.029212 4.126734 1.934049 -4.396308 2.341363
6810 46 -4.909364 4.083805 1.830475 -4.396308 2.341363
6810 47 -5.082383 3.966287 1.979798 -4.396308 2.341363
6810 48 -5.124931 3.803102 2.011067 -4.396308 2.341363
6810 49 -4.995407 4.060444 1.909827 -4.396308 2.341363
6810 50 -5.230020 3.860507 2.087109 -4.396308 2.341363
6810 51 -5.311233 3.633876 2.196232 -4.396308 2.341363
6810 52 -4.774482 4.288812 1.768409 -4.396308 2.341363
6810 53 -5.073466 3.922313 1.963271 -4.396308 2.341363
6810 54 -5.172006 3.792957 2.054246 -4.396308 2.341363
6810 55 -4.873841 4.115110 1.807850 -4.396308 2.341363
6810 56 -4.818826 4.200774 1.781147 -4.396308 2.341363
6810 57 -5.199307 3.709955 2.097723 -4.396308 2.341363
6810 58 -5.275779 3.823042 2.121479 -4.396308 2.341363
6810 59 -5.278454 3.719075 2.169303 -4.396308 2.341363
6810 60 -5.182707 3.928611 2.051185 -4.396308 2.341363
6810 61 -5.242269 3.820644 2.097889 -4.396308 2.341363
6810 62 -4.934557 4.128373 1.855887 -4.396308 2.341363
6810 63 -5.122363 3.847272 2.015145 -4.396308 2.341363
6810 64 -5.306386 3.759090 2.161083 -4.396308 2.341363
6810 65 -5.152022 3.755537 2.033736 -4.396308 2.341363
6810 66 -5.190564 3.858125 2.060081 -4.396308 2.341363
6810 67 -5.130793 3.882944 2.019217 -4.396308 2.341363
6810 68 -5.346797 3.670721 2.206977 -4.396308 2.341363
6810 69 -5.034947 3.914237 1.942556 -4.396308 2.341363
6810 70 -5.120214 4.020084 1.993124 -4.396308 2.341363
6810 71 -5.102658 3.907470 1.986644 -4.396308 2.341363
6810 72 -4.978639 4.030220 1.872956 -4.396308 2.341363
6810 73 -5.131820 3.914732 2.013638 -4.396308 2.341363
6810 74 -5.211247 3.833982 2.084142 -4.396308 2.341363
6810 75 -5.099714 3.876595 1.983265 -4.396308 2.341363
6810 76 -5.271567 3.634795 2.157247 -4.396308 2.341363
6810 77 -5.014005 4.035602 1.922425 -4.396308 2.341363
6810 78 -5.086838 3.845609 1.983421 -4.396308 2.341363
6810 79 -5.275325 3.750317 2.120737 -4.396308 2.341363
6810 80 -5.191200 3.888928 2.054515 -4.396308 2.341363
6810 81 -5.155142 3.847336 2.038499 -4.396308 2.341363
6810 82 -5.101549 3.939968 1.992801 -4.396308 2.341363
6810 83 -4.956833 4.148482 1.880975 -4.396308 2.341363
6810 84 -5.311008 3.705883 2.172700 -4.396308 2.341363
6810 85 -5.010466 3.972639 1.898786 -4.396308 2.341363
6810 86 -4.937192 4.045509 1.856805 -4.396308 2.341363
6810 87 -5.026933 3.945370 1.925814 -4.396308 2.341363
6810 88 -4.914996 4.215573 1.846060 -4.396308 2.341363
6810 89 -5.147534 3.989202 1.997890 -4.396308 2.341363
6810 90 -5.053664 4.024369 1.944911 -4.396308 2.341363
6810 91 -4.999323 4.115375 1.884295 -4.396308 2.341363
6810 92 -5.069067 3.994966 1.949264 -4.396308 2.341363
6810 93 -5.002203 4.086355 1.918415 -4.396308 2.341363
6810 94 -4.987482 4.159315 1.914280 -4.396308 2.341363
6810 95 -5.059589 3.949390 1.945380 -4.396308 2.341363
6810 96 -4.831495 4.236368 1.800002 -4.396308 2.341363
6810 97 -5.240695 3.772564 2.096653 -4.396308 2.341363
6810 98 -5.159701 3.957930 2.039398 -4.396308 2.341363
6810 99 -4.824998 4.280252 1.795256 -4.396308 2.341363
