10 1.000000 0.400000 0.791053 0.029995 0.057361 -0.024111 -1.805710 
20 1.000000 0.400000 0.789154 0.030479 0.061868 -0.026932 -1.611954 
30 1.000000 0.400000 0.786843 0.030773 0.068342 -0.025709 -1.416448 
40 1.000000 0.400000 0.784918 0.031045 0.077368 -0.024731 -1.232318 
50 1.000000 0.400000 0.784577 0.031333 0.089523 -0.000349 -1.043713 
60 1.000000 0.400000 0.787006 0.031493 0.105244 -0.006029 -0.864541 
70 1.000000 0.400000 0.792163 0.031740 0.122033 -0.027772 -0.888411 
80 1.000000 0.400000 0.796508 0.032218 0.132911 0.026986 -1.074574 
90 1.000000 0.400000 0.799510 0.032690 0.140634 0.150719 -1.195188 
100 1.000000 0.400000 0.801875 0.033166 0.147546 0.342482 -1.238503 
110 1.000000 0.400000 0.803716 0.033621 0.154639 0.538236 -1.227759 
120 1.000000 0.400000 0.804995 0.033776 0.162659 0.714863 -1.164625 
130 1.000000 0.400000 0.805297 0.033152 0.171589 0.888416 -1.087145 
140 1.000000 0.400000 0.804028 0.031070 0.181455 1.041682 -0.972400 
150 1.000000 0.400000 0.800642 0.026984 0.192274 1.149364 -0.823735 
160 1.000000 0.400000 0.794540 0.020252 0.203689 1.236470 -0.657414 
170 1.000000 0.400000 0.785594 0.010078 0.216090 1.246650 -0.464283 
180 1.000000 0.400000 0.773640 -0.004043 0.228361 1.209967 -0.287603 
190 1.000000 0.400000 0.759843 -0.022032 0.240036 1.181985 -0.110660 
200 1.000000 0.400000 0.745210 -0.043325 0.249829 1.108072 0.067295 
210 1.000000 0.400000 0.732490 -0.066617 0.256793 1.087981 0.238344 
220 1.000000 0.400000 0.721733 -0.086732 0.260316 1.094065 0.422740 
230 1.000000 0.400000 0.711936 -0.104561 0.261503 1.067550 0.601122 
240 1.000000 0.400000 0.703821 -0.120913 0.260769 1.026280 0.784414 
250 1.000000 0.400000 0.697475 -0.135892 0.258031 0.965504 0.958707 
260 1.000000 0.400000 0.692232 -0.149940 0.252980 0.841845 1.107310 
270 1.000000 0.400000 0.686956 -0.162554 0.245497 0.701067 1.229683 
280 1.000000 0.400000 0.681578 -0.173324 0.235914 0.550199 1.335760 
290 1.000000 0.400000 0.676298 -0.181460 0.225398 0.395310 1.432328 
300 1.000000 0.400000 0.669962 -0.187005 0.214950 0.213196 1.503085 
310 1.000000 0.400000 0.662321 -0.190677 0.203954 0.023920 1.496264 
320 1.000000 0.400000 0.654612 -0.193014 0.191301 -0.153896 1.430931 
330 1.000000 0.400000 0.648351 -0.194003 0.176118 -0.287169 1.297445 
340 1.000000 0.400000 0.645470 -0.193659 0.159017 -0.347159 1.256014 
350 1.000000 0.400000 0.645273 -0.193445 0.144532 -0.193555 1.287376 
360 1.000000 0.400000 0.645629 -0.194047 0.131439 -0.030629 1.271228 
370 1.000000 0.400000 0.645855 -0.195725 0.118986 0.162788 1.258827 
380 1.000000 0.400000 0.645615 -0.198910 0.106288 0.321725 1.141154 
390 1.000000 0.400000 0.644735 -0.204046 0.093021 0.455965 1.038081 
400 1.000000 0.400000 0.642964 -0.211798 0.078624 0.541399 0.864023 
410 1.000000 0.400000 0.640034 -0.222663 0.063693 0.622303 0.710761 
420 1.000000 0.400000 0.635437 -0.237816 0.047815 0.647741 0.530034 
430 1.000000 0.400000 0.628793 -0.258338 0.031114 0.655494 0.335976 
440 1.000000 0.400000 0.620476 -0.284023 0.015853 0.646458 0.141051 
450 1.000000 0.400000 0.611071 -0.313319 0.004237 0.624923 -0.055309 
460 1.000000 0.400000 0.602657 -0.344184 -0.002329 0.590075 -0.240793 
470 1.000000 0.400000 0.597372 -0.371986 -0.003043 0.597697 -0.419717 
480 1.000000 0.400000 0.594012 -0.393144 0.000350 0.612638 -0.603851 
490 1.000000 0.400000 0.590893 -0.410246 0.006402 0.562434 -0.770448 
500 1.000000 0.400000 0.586336 -0.424222 0.014606 0.436451 -0.914890 
510 1.000000 0.400000 0.578686 -0.436301 0.025622 0.267025 -0.999008 
520 1.000000 0.400000 0.568679 -0.446785 0.040039 0.076307 -1.017478 
530 1.000000 0.400000 0.558511 -0.455509 0.058579 -0.106587 -0.957344 
540 1.000000 0.400000 0.551454 -0.461330 0.081060 -0.280280 -0.884383 
550 1.000000 0.400000 0.550435 -0.464943 0.105479 -0.234623 -0.808699 
560 1.000000 0.400000 0.552251 -0.471153 0.128611 -0.071643 -0.722718 
570 1.000000 0.400000 0.554537 -0.481986 0.153065 0.050590 -0.570399 
580 1.000000 0.400000 0.556674 -0.498735 0.178652 0.110114 -0.408798 
590 1.000000 0.400000 0.558471 -0.522860 0.204495 0.161022 -0.230226 
600 1.000000 0.400000 0.559668 -0.554579 0.227821 0.142358 -0.061632 
610 1.000000 0.400000 0.560754 -0.594765 0.247804 0.126844 0.126819 
620 1.000000 0.400000 0.561094 -0.641053 0.259689 0.061130 0.309317 
630 1.000000 0.400000 0.561129 -0.690865 0.261799 -0.032354 0.478778 
640 1.000000 0.400000 0.560699 -0.735086 0.253825 -0.074661 0.661002 
650 1.000000 0.400000 0.558346 -0.770073 0.238210 -0.172260 0.830370 
660 1.000000 0.400000 0.553043 -0.796039 0.218076 -0.297401 0.973437 
670 1.000000 0.400000 0.544788 -0.814955 0.194879 -0.463589 1.056493 
680 1.000000 0.400000 0.534183 -0.828597 0.168159 -0.650311 1.068830 
690 1.000000 0.400000 0.522564 -0.835965 0.141721 -0.840653 1.112608 
700 1.000000 0.400000 0.511024 -0.837901 0.117807 -1.024468 1.106514 
710 1.000000 0.400000 0.501604 -0.835825 0.094919 -1.203259 1.062110 
720 1.000000 0.400000 0.495950 -0.830871 0.076197 -1.379505 1.085176 
730 1.000000 0.400000 0.492190 -0.825336 0.063272 -1.557878 1.090124 
740 1.000000 0.400000 0.488082 -0.819111 0.053468 -1.725795 1.005875 
750 1.000000 0.400000 0.482415 -0.811382 0.045088 -1.820717 0.840764 
760 1.000000 0.400000 0.475023 -0.801850 0.037934 -1.891702 0.668776 
770 1.000000 0.400000 0.466833 -0.789203 0.031403 -1.837526 0.484212 
780 1.000000 0.400000 0.459955 -0.773175 0.026352 -1.790061 0.309705 
790 1.000000 0.400000 0.456868 -0.753403 0.022882 -1.714128 0.261205 
800 1.000000 0.400000 0.456056 -0.736162 0.017985 -1.691743 0.448242 
810 1.000000 0.400000 0.454865 -0.721297 0.010818 -1.604749 0.604548 
820 1.000000 0.400000 0.452542 -0.706675 0.000500 -1.440285 0.704004 
830 1.000000 0.400000 0.448365 -0.691355 -0.014779 -1.248436 0.747448 
840 1.000000 0.400000 0.441709 -0.675801 -0.036613 -1.062365 0.766630 
850 1.000000 0.400000 0.432544 -0.661089 -0.065719 -0.898774 0.710790 
860 1.000000 0.400000 0.420304 -0.649060 -0.104438 -0.729434 0.633037 
870 1.000000 0.400000 0.405510 -0.644564 -0.151356 -0.562160 0.552844 
880 1.000000 0.400000 0.388315 -0.651005 -0.206843 -0.423369 0.411114 
890 1.000000 0.400000 0.369041 -0.673474 -0.266089 -0.324195 0.244295 
900 1.000000 0.400000 0.348141 -0.713733 -0.321882 -0.263770 0.064947 
910 1.000000 0.400000 0.327295 -0.769699 -0.366303 -0.246216 -0.117382 
920 1.000000 0.400000 0.309906 -0.840896 -0.398272 -0.316803 -0.297451 
930 1.000000 0.400000 0.303995 -0.918337 -0.409850 -0.382919 -0.460178 
940 1.000000 0.400000 0.309595 -0.981426 -0.400325 -0.364218 -0.645322 
950 1.000000 0.400000 0.316026 -1.019096 -0.384005 -0.357217 -0.835726 
960 1.000000 0.400000 0.320536 -1.042251 -0.367440 -0.400891 -1.015660 
970 1.000000 0.400000 0.322959 -1.057655 -0.350745 -0.522800 -1.165349 
980 1.000000 0.400000 0.322689 -1.068605 -0.332933 -0.692041 -1.265312 
990 1.000000 0.400000 0.318098 -1.075362 -0.315682 -0.863560 -1.341597 
1000 1.000000 0.400000 0.308406 -1.079068 -0.297448 -1.048600 -1.324388 
1010 1.000000 0.400000 0.293991 -1.079625 -0.277223 -1.239813 -1.276057 
1020 1.000000 0.400000 0.277739 -1.076264 -0.256170 -1.410523 -1.190510 
1030 1.000000 0.400000 0.263002 -1.068714 -0.236108 -1.570264 -1.097872 
1040 1.000000 0.400000 0.250109 -1.057006 -0.217313 -1.663372 -0.951492 
1050 1.000000 0.400000 0.235939 -1.040724 -0.200155 -1.765277 -0.795090 
1060 1.000000 0.400000 0.219282 -1.018712 -0.185128 -1.781035 -0.601829 
1070 1.000000 0.400000 0.205301 -0.988178 -0.171949 -1.722111 -0.418489 
1080 1.000000 0.400000 0.201215 -0.954276 -0.162025 -1.775748 -0.412026 
1090 1.000000 0.400000 0.201882 -0.933771 -0.154089 -1.847858 -0.586439 
1100 1.000000 0.400000 0.202764 -0.919725 -0.145976 -1.777090 -0.760735 
1110 1.000000 0.400000 0.203223 -0.907067 -0.135444 -1.617513 -0.858144 
1120 1.000000 0.400000 0.202782 -0.894230 -0.120679 -1.436955 -0.899663 
1130 1.000000 0.400000 0.200931 -0.881696 -0.100368 -1.249845 -0.912267 
1140 1.000000 0.400000 0.197260 -0.870778 -0.072567 -1.061121 -0.884083 
1150 1.000000 0.400000 0.192672 -0.862979 -0.035226 -0.912060 -0.765137 
1160 1.000000 0.400000 0.188172 -0.863051 0.011755 -0.741381 -0.670331 
1170 1.000000 0.400000 0.184154 -0.875457 0.063219 -0.612049 -0.542038 
1180 1.000000 0.400000 0.179375 -0.903281 0.118472 -0.536550 -0.371074 
1190 1.000000 0.400000 0.172184 -0.949226 0.173514 -0.514288 -0.193307 
1200 1.000000 0.400000 0.160899 -1.012941 0.217131 -0.531517 -0.002440 
1210 1.000000 0.400000 0.149137 -1.089823 0.241081 -0.573442 0.181211 
1220 1.000000 0.400000 0.148343 -1.173579 0.242929 -0.640786 0.350584 
1230 1.000000 0.400000 0.149529 -1.234363 0.223091 -0.674451 0.523022 
1240 1.000000 0.400000 0.146325 -1.277432 0.193170 -0.786821 0.673744 
1250 1.000000 0.400000 0.138992 -1.312417 0.152120 -0.955219 0.694377 
1260 1.000000 0.400000 0.129917 -1.338913 0.100637 -1.141076 0.694692 
1270 1.000000 0.400000 0.122839 -1.350232 0.045158 -1.317406 0.741742 
1280 1.000000 0.400000 0.120991 -1.349318 0.008919 -1.453472 0.868794 
1290 1.000000 0.400000 0.120932 -1.344954 -0.013800 -1.628198 0.934066 
1300 1.000000 0.400000 0.120844 -1.337673 -0.031890 -1.786348 0.833296 
1310 1.000000 0.400000 0.120029 -1.326378 -0.049765 -1.911691 0.705791 
1320 1.000000 0.400000 0.118488 -1.311087 -0.066176 -2.009313 0.554163 
1330 1.000000 0.400000 0.116016 -1.290378 -0.081055 -2.040018 0.362256 
1340 1.000000 0.400000 0.113176 -1.262750 -0.093890 -2.068524 0.182674 
1350 1.000000 0.400000 0.111883 -1.234543 -0.099918 -2.106560 -0.004220 
1360 1.000000 0.400000 0.112364 -1.209679 -0.100308 -2.130599 -0.178761 
1370 1.000000 0.400000 0.113687 -1.187336 -0.095900 -2.097365 -0.370399 
1380 1.000000 0.400000 0.115124 -1.166916 -0.087301 -1.979235 -0.518812 
1390 1.000000 0.400000 0.116129 -1.145390 -0.072897 -1.816651 -0.619282 
1400 1.000000 0.400000 0.116404 -1.122781 -0.050517 -1.629464 -0.666229 
1410 1.000000 0.400000 0.115978 -1.101419 -0.019189 -1.450146 -0.681687 
1420 1.000000 0.400000 0.115572 -1.085933 0.019903 -1.268536 -0.671406 
1430 1.000000 0.400000 0.116857 -1.077968 0.068240 -1.107858 -0.596676 
1440 1.000000 0.400000 0.120450 -1.082485 0.122105 -0.933729 -0.505370 
1450 1.000000 0.400000 0.123651 -1.101921 0.174016 -0.787614 -0.390994 
1460 1.000000 0.400000 0.124026 -1.136705 0.222488 -0.707618 -0.214527 
1470 1.000000 0.400000 0.120914 -1.190165 0.266748 -0.709323 -0.018675 
1480 1.000000 0.400000 0.116117 -1.258609 0.296665 -0.724799 0.163735 
1490 1.000000 0.400000 0.115898 -1.329925 0.306839 -0.742092 0.320769 
1500 1.000000 0.400000 0.119444 -1.388212 0.297288 -0.785941 0.499858 
1510 1.000000 0.400000 0.120774 -1.433648 0.276655 -0.847621 0.648046 
1520 1.000000 0.400000 0.119182 -1.472096 0.246361 -0.992055 0.749589 
1530 1.000000 0.400000 0.114263 -1.504458 0.204716 -1.179273 0.758717 
1540 1.000000 0.400000 0.107444 -1.527965 0.150477 -1.368757 0.762898 
1550 1.000000 0.400000 0.103322 -1.534093 0.099459 -1.537259 0.835432 
1560 1.000000 0.400000 0.103644 -1.532198 0.068797 -1.651498 0.994717 
1570 1.000000 0.400000 0.105184 -1.528060 0.049444 -1.834962 1.007897 
1580 1.000000 0.400000 0.106443 -1.520605 0.032194 -1.995347 0.902312 
1590 1.000000 0.400000 0.107267 -1.509949 0.016505 -2.150100 0.791156 
1600 1.000000 0.400000 0.107578 -1.495876 0.002165 -2.251470 0.640357 
1610 1.000000 0.400000 0.107640 -1.479382 -0.009496 -2.329667 0.492187 
1620 1.000000 0.400000 0.107556 -1.459948 -0.018839 -2.317284 0.318955 
1630 1.000000 0.400000 0.107455 -1.435599 -0.025541 -2.318399 0.127045 
1640 1.000000 0.400000 0.108096 -1.410081 -0.027138 -2.303161 -0.057945 
1650 1.000000 0.400000 0.109429 -1.384838 -0.023557 -2.277760 -0.239065 
1660 1.000000 0.400000 0.111045 -1.363039 -0.015777 -2.190923 -0.389036 
1670 1.000000 0.400000 0.112485 -1.338612 -0.002188 -2.034898 -0.467985 
1680 1.000000 0.400000 0.113297 -1.312967 0.019312 -1.856581 -0.543544 
1690 1.000000 0.400000 0.113217 -1.288758 0.050391 -1.676441 -0.553173 
1700 1.000000 0.400000 0.113149 -1.266942 0.094181 -1.494521 -0.520652 
1710 1.000000 0.400000 0.115409 -1.253255 0.149737 -1.316907 -0.483706 
1720 1.000000 0.400000 0.120006 -1.253795 0.204508 -1.153285 -0.441396 
1730 1.000000 0.400000 0.124051 -1.268654 0.255881 -1.000755 -0.329870 
1740 1.000000 0.400000 0.124905 -1.298444 0.303608 -0.874342 -0.179394 
1750 1.000000 0.400000 0.120897 -1.343342 0.343686 -0.848002 0.008990 
1760 1.000000 0.400000 0.115121 -1.404025 0.376749 -0.887100 0.169017 
1770 1.000000 0.400000 0.112853 -1.479205 0.397357 -0.939331 0.356509 
1780 1.000000 0.400000 0.116358 -1.547710 0.392262 -0.957048 0.552792 
1790 1.000000 0.400000 0.117958 -1.601300 0.369300 -1.060775 0.716404 
1800 1.000000 0.400000 0.115773 -1.645200 0.332856 -1.218430 0.815609 
1810 1.000000 0.400000 0.110094 -1.677069 0.286191 -1.390606 0.876764 
1820 1.000000 0.400000 0.103999 -1.696222 0.230817 -1.579909 0.856606 
1830 1.000000 0.400000 0.102296 -1.699973 0.187041 -1.707074 1.001587 
1840 1.000000 0.400000 0.103663 -1.698475 0.162507 -1.834623 1.140265 
1850 1.000000 0.400000 0.105466 -1.694512 0.145353 -2.017316 1.132436 
1860 1.000000 0.400000 0.106870 -1.687537 0.129153 -2.164505 1.043333 
1870 1.000000 0.400000 0.107869 -1.677885 0.114357 -2.311672 0.913571 
1880 1.000000 0.400000 0.108227 -1.664578 0.100379 -2.391185 0.748738 
1890 1.000000 0.400000 0.107992 -1.646952 0.087562 -2.448489 0.569814 
1900 1.000000 0.400000 0.107472 -1.624872 0.077261 -2.469758 0.382838 
1910 1.000000 0.400000 0.107324 -1.599574 0.071038 -2.488434 0.194488 
1920 1.000000 0.400000 0.108033 -1.574280 0.070474 -2.460490 0.002391 
1930 1.000000 0.400000 0.109394 -1.550509 0.074903 -2.444996 -0.190309 
1940 1.000000 0.400000 0.110898 -1.529696 0.083288 -2.351908 -0.330788 
1950 1.000000 0.400000 0.112053 -1.507400 0.097310 -2.187039 -0.420300 
1960 1.000000 0.400000 0.112508 -1.485515 0.118247 -2.019293 -0.507112 
1970 1.000000 0.400000 0.112162 -1.465094 0.147906 -1.827905 -0.518059 
1980 1.000000 0.400000 0.111834 -1.448183 0.188395 -1.641432 -0.485920 
1990 1.000000 0.400000 0.113309 -1.440164 0.238423 -1.456585 -0.421496 
2000 1.000000 0.400000 0.117356 -1.445818 0.293696 -1.283610 -0.326038 
2010 1.000000 0.400000 0.121333 -1.467089 0.347457 -1.157361 -0.194714 
2020 1.000000 0.400000 0.122331 -1.503360 0.395951 -1.064738 -0.032058 
2030 1.000000 0.400000 0.120452 -1.556429 0.439512 -1.094835 0.132728 
2040 1.000000 0.400000 0.118967 -1.626245 0.473980 -1.123491 0.323348 
2050 1.000000 0.400000 0.120939 -1.698559 0.487213 -1.120487 0.498292 
2060 1.000000 0.400000 0.125012 -1.758076 0.478107 -1.130408 0.692740 
2070 1.000000 0.400000 0.125427 -1.803702 0.456366 -1.229559 0.841270 
2080 1.000000 0.400000 0.121929 -1.841168 0.424294 -1.389355 0.929715 
2090 1.000000 0.400000 0.114687 -1.872714 0.379476 -1.575433 0.938797 
2100 1.000000 0.400000 0.107010 -1.892290 0.328993 -1.729589 0.943440 
2110 1.000000 0.400000 0.102418 -1.899139 0.278231 -1.895057 1.014677 
2120 1.000000 0.400000 0.102537 -1.897454 0.247041 -2.012382 1.157922 
2130 1.000000 0.400000 0.104202 -1.893938 0.227831 -2.164254 1.212730 
2140 1.000000 0.400000 0.105710 -1.887549 0.211047 -2.339207 1.121447 
2150 1.000000 0.400000 0.106866 -1.878098 0.195710 -2.483518 1.007393 
2160 1.000000 0.400000 0.107558 -1.865577 0.181885 -2.597638 0.859088 
2170 1.000000 0.400000 0.107790 -1.849700 0.169769 -2.663361 0.683511 
2180 1.000000 0.400000 0.107688 -1.829802 0.159759 -2.691287 0.509968 
2190 1.000000 0.400000 0.107662 -1.806130 0.152915 -2.687609 0.318777 
2200 1.000000 0.400000 0.108286 -1.780584 0.150834 -2.697021 0.131870 
2210 1.000000 0.400000 0.109600 -1.756373 0.153910 -2.656778 -0.051584 
2220 1.000000 0.400000 0.111116 -1.733175 0.161801 -2.549534 -0.201661 
2230 1.000000 0.400000 0.112366 -1.709124 0.175693 -2.411034 -0.326562 
2240 1.000000 0.400000 0.112929 -1.685735 0.196360 -2.232310 -0.387896 
2250 1.000000 0.400000 0.112630 -1.662913 0.226218 -2.049463 -0.421120 
2260 1.000000 0.400000 0.111925 -1.644842 0.266051 -1.854339 -0.403219 
2270 1.000000 0.400000 0.112840 -1.634699 0.317151 -1.678323 -0.326195 
2280 1.000000 0.400000 0.117041 -1.638220 0.376043 -1.507907 -0.228845 
2290 1.000000 0.400000 0.121317 -1.657363 0.430507 -1.361377 -0.135815 
2300 1.000000 0.400000 0.122589 -1.690607 0.478341 -1.268122 0.026859 
2310 1.000000 0.400000 0.120387 -1.740182 0.520933 -1.260292 0.209280 
2320 1.000000 0.400000 0.117193 -1.807573 0.554813 -1.285121 0.394667 
2330 1.000000 0.400000 0.117547 -1.882276 0.568455 -1.312547 0.572968 
2340 1.000000 0.400000 0.121434 -1.940948 0.560250 -1.302952 0.763245 
2350 1.000000 0.400000 0.122044 -1.984856 0.539963 -1.397197 0.936424 
2360 1.000000 0.400000 0.119173 -2.021150 0.509737 -1.530975 1.015917 
2370 1.000000 0.400000 0.113800 -2.052003 0.470049 -1.716900 1.047914 
2380 1.000000 0.400000 0.106272 -2.074668 0.416870 -1.910339 1.012144 
2390 1.000000 0.400000 0.102221 -2.083560 0.361993 -2.038552 1.087417 
2400 1.000000 0.400000 0.103525 -2.085429 0.332068 -2.029437 1.278745 
2410 1.000000 0.400000 0.106188 -2.087143 0.315292 -1.906965 1.372243 
2420 1.000000 0.400000 0.109098 -2.090803 0.301515 -1.732463 1.344336 
2430 1.000000 0.400000 0.111913 -2.096575 0.288720 -1.567182 1.253237 
2440 1.000000 0.400000 0.114458 -2.104889 0.276180 -1.447087 1.111563 
2450 1.000000 0.400000 0.116567 -2.116347 0.264113 -1.367578 0.934731 
2460 1.000000 0.400000 0.118141 -2.132614 0.251537 -1.345093 0.764900 
2470 1.000000 0.400000 0.119115 -2.154188 0.240209 -1.333225 0.573316 
2480 1.000000 0.400000 0.119391 -2.182408 0.231443 -1.385451 0.392264 
2490 1.000000 0.400000 0.119753 -2.217249 0.227139 -1.455928 0.221753 
2500 1.000000 0.400000 0.121793 -2.258677 0.231860 -1.576329 0.076564 
2510 1.000000 0.400000 0.123549 -2.305802 0.248511 -1.709539 -0.058821 
2520 1.000000 0.400000 0.123230 -2.349797 0.278513 -1.875542 -0.145144 
2530 1.000000 0.400000 0.119844 -2.391503 0.325658 -2.066732 -0.156671 
2540 1.000000 0.400000 0.114856 -2.424044 0.390744 -2.259951 -0.133751 
2550 1.000000 0.400000 0.115252 -2.438734 0.469986 -2.427495 -0.054123 
2560 1.000000 0.400000 0.121204 -2.429918 0.540790 -2.619321 -0.033455 
2570 1.000000 0.400000 0.123548 -2.405677 0.592217 -2.775189 0.057426 
2580 1.000000 0.400000 0.121932 -2.366757 0.638305 -2.832891 0.236488 
2590 1.000000 0.400000 0.115823 -2.313363 0.674272 -2.845745 0.420729 
2600 1.000000 0.400000 0.109280 -2.249564 0.695544 -2.819824 0.590043 
2610 1.000000 0.400000 0.107692 -2.192978 0.699407 -2.923306 0.731619 
2620 1.000000 0.400000 0.109439 -2.161258 0.696876 -3.064089 0.834220 
2630 1.000000 0.400000 0.111560 -2.141896 0.693033 -3.107136 0.981856 
2640 1.000000 0.400000 0.113030 -2.125628 0.686571 -3.046856 1.161410 
2650 1.000000 0.400000 0.113581 -2.109691 0.676536 -2.888733 1.273464 
2660 1.000000 0.400000 0.112996 -2.093793 0.661899 -2.729713 1.366006 
2670 1.000000 0.400000 0.111226 -2.078707 0.641667 -2.536829 1.385774 
2680 1.000000 0.400000 0.108883 -2.066623 0.616454 -2.361691 1.442484 
2690 1.000000 0.400000 0.107149 -2.060029 0.589283 -2.181762 1.436186 
2700 1.000000 0.400000 0.106553 -2.059215 0.560518 -1.990257 1.445583 
2710 1.000000 0.400000 0.107393 -2.063889 0.536231 -1.797145 1.424809 
2720 1.000000 0.400000 0.108770 -2.072362 0.515967 -1.617011 1.362388 
2730 1.000000 0.400000 0.110038 -2.084833 0.497604 -1.488755 1.219777 
2740 1.000000 0.400000 0.110798 -2.103073 0.479450 -1.432469 1.031164 
2750 1.000000 0.400000 0.111060 -2.128755 0.462563 -1.431695 0.841885 
2760 1.000000 0.400000 0.111587 -2.165583 0.446769 -1.470205 0.658050 
2770 1.000000 0.400000 0.113278 -2.210201 0.438437 -1.516069 0.465477 
2780 1.000000 0.400000 0.117416 -2.257242 0.442515 -1.570769 0.286944 
2790 1.000000 0.400000 0.120778 -2.303721 0.458752 -1.712645 0.162830 
2800 1.000000 0.400000 0.122526 -2.351713 0.490187 -1.886263 0.084282 
2810 1.000000 0.400000 0.121035 -2.394673 0.537242 -2.066297 0.042778 
2820 1.000000 0.400000 0.118275 -2.429407 0.600907 -2.247516 0.074848 
2830 1.000000 0.400000 0.118726 -2.445716 0.676020 -2.433933 0.124498 
2840 1.000000 0.400000 0.122603 -2.437668 0.743555 -2.620379 0.171558 
2850 1.000000 0.400000 0.124726 -2.412511 0.799631 -2.764625 0.275276 
2860 1.000000 0.400000 0.121824 -2.373075 0.845363 -2.846713 0.449759 
2870 1.000000 0.400000 0.114508 -2.317732 0.882381 -2.833111 0.634662 
2880 1.000000 0.400000 0.107227 -2.248575 0.905558 -2.819951 0.819791 
2890 1.000000 0.400000 0.106012 -2.193497 0.909537 -2.942968 0.900516 
2900 1.000000 0.400000 0.108350 -2.165176 0.909183 -3.126329 0.970618 
2910 1.000000 0.400000 0.110920 -2.148181 0.907410 -3.181658 1.099396 
2920 1.000000 0.400000 0.112873 -2.132036 0.902872 -3.089081 1.270476 
2930 1.000000 0.400000 0.114142 -2.116493 0.895509 -3.003637 1.409178 
2940 1.000000 0.400000 0.114533 -2.101485 0.884839 -2.848874 1.524724 
2950 1.000000 0.400000 0.113915 -2.087363 0.870181 -2.689905 1.626249 
2960 1.000000 0.400000 0.112362 -2.074436 0.850962 -2.519587 1.632510 
2970 1.000000 0.400000 0.110116 -2.063784 0.826280 -2.327062 1.654766 
2980 1.000000 0.400000 0.108158 -2.057751 0.797308 -2.145264 1.656223 
2990 1.000000 0.400000 0.107753 -2.058105 0.770123 -1.951261 1.673923 
3000 1.000000 0.400000 0.108573 -2.063057 0.747856 -1.773863 1.637782 
3010 1.000000 0.400000 0.109765 -2.071601 0.728416 -1.606524 1.566140 
3020 1.000000 0.400000 0.110794 -2.084594 0.709730 -1.494777 1.410148 
3030 1.000000 0.400000 0.111360 -2.103311 0.691556 -1.434425 1.234068 
3040 1.000000 0.400000 0.111461 -2.129522 0.674530 -1.426420 1.043674 
3050 1.000000 0.400000 0.111879 -2.166593 0.659093 -1.476676 0.866858 
3060 1.000000 0.400000 0.113487 -2.209721 0.650752 -1.506750 0.686602 
3070 1.000000 0.400000 0.117932 -2.256967 0.653113 -1.577852 0.522541 
3080 1.000000 0.400000 0.121497 -2.302788 0.668427 -1.691228 0.371698 
3090 1.000000 0.400000 0.123059 -2.347381 0.697073 -1.859077 0.281548 
3100 1.000000 0.400000 0.121266 -2.388425 0.741127 -2.045715 0.237020 
3110 1.000000 0.400000 0.116963 -2.420760 0.801764 -2.225819 0.285553 
3120 1.000000 0.400000 0.117295 -2.440645 0.877830 -2.399383 0.334110 
3130 1.000000 0.400000 0.122160 -2.436282 0.948030 -2.587506 0.368496 
3140 1.000000 0.400000 0.124632 -2.413335 1.003923 -2.755442 0.468192 
3150 1.000000 0.400000 0.122003 -2.376173 1.049199 -2.864392 0.623940 
3160 1.000000 0.400000 0.115643 -2.327888 1.084377 -2.860164 0.789766 
3170 1.000000 0.400000 0.108093 -2.265272 1.109570 -2.810456 0.971896 
3180 1.000000 0.400000 0.105168 -2.202427 1.116890 -2.887262 1.133099 
3190 1.000000 0.400000 0.106805 -2.167804 1.115072 -3.061548 1.211349 
3200 1.000000 0.400000 0.109288 -2.148875 1.112717 -3.177038 1.315754 
3210 1.000000 0.400000 0.111379 -2.133463 1.108406 -3.117587 1.476325 
3220 1.000000 0.400000 0.112735 -2.118186 1.101143 -3.005117 1.623612 
3230 1.000000 0.400000 0.113176 -2.102836 1.090228 -2.853057 1.740343 
3240 1.000000 0.400000 0.112559 -2.088131 1.074894 -2.674340 1.814349 
3250 1.000000 0.400000 0.111013 -2.075302 1.054876 -2.491474 1.864435 
3260 1.000000 0.400000 0.108842 -2.065060 1.028860 -2.300517 1.845795 
3270 1.000000 0.400000 0.107403 -2.060358 1.000243 -2.110327 1.847093 
3280 1.000000 0.400000 0.107391 -2.061858 0.972995 -1.926810 1.852839 
3290 1.000000 0.400000 0.108375 -2.068299 0.949205 -1.746515 1.792801 
3300 1.000000 0.400000 0.109618 -2.078974 0.927729 -1.587345 1.713804 
3310 1.000000 0.400000 0.110627 -2.093809 0.908656 -1.480989 1.569734 
3320 1.000000 0.400000 0.111133 -2.115400 0.889179 -1.447626 1.382368 
3330 1.000000 0.400000 0.111182 -2.145356 0.871767 -1.440997 1.185836 
3340 1.000000 0.400000 0.111521 -2.183685 0.859473 -1.465248 1.000778 
3350 1.000000 0.400000 0.113437 -2.227407 0.855496 -1.518533 0.825524 
3360 1.000000 0.400000 0.117539 -2.274938 0.863158 -1.620264 0.663891 
3370 1.000000 0.400000 0.120423 -2.320427 0.882819 -1.740692 0.524895 
3380 1.000000 0.400000 0.120522 -2.363308 0.916619 -1.924838 0.457032 
3390 1.000000 0.400000 0.118111 -2.403707 0.967643 -2.110400 0.466338 
3400 1.000000 0.400000 0.116286 -2.435458 1.036128 -2.289404 0.520166 
3410 1.000000 0.400000 0.119367 -2.446469 1.111332 -2.467590 0.561717 
3420 1.000000 0.400000 0.124458 -2.435058 1.175720 -2.652655 0.599909 
3430 1.000000 0.400000 0.126333 -2.407111 1.229964 -2.787241 0.729346 
3440 1.000000 0.400000 0.122685 -2.364032 1.274835 -2.850664 0.907127 
3450 1.000000 0.400000 0.114593 -2.305148 1.309570 -2.825076 1.094412 
3460 1.000000 0.400000 0.107401 -2.235584 1.327846 -2.831499 1.279545 
3470 1.000000 0.400000 0.106069 -2.183860 1.326395 -2.934837 1.431435 
3480 1.000000 0.400000 0.107585 -2.155378 1.320939 -3.044630 1.578586 
3490 1.000000 0.400000 0.109046 -2.135886 1.313392 -3.010718 1.757749 
3500 1.000000 0.400000 0.109804 -2.118914 1.302716 -2.898206 1.901505 
3510 1.000000 0.400000 0.109606 -2.103353 1.288148 -2.724157 1.986478 
3520 1.000000 0.400000 0.108234 -2.088212 1.267549 -2.543780 2.024202 
3530 1.000000 0.400000 0.106502 -2.076501 1.242520 -2.363891 2.054256 
3540 1.000000 0.400000 0.105429 -2.070325 1.215816 -2.179122 2.097651 
3550 1.000000 0.400000 0.105508 -2.070072 1.189680 -1.985498 2.092022 
3560 1.000000 0.400000 0.106629 -2.074593 1.167214 -1.793575 2.078404 
3570 1.000000 0.400000 0.108018 -2.083516 1.146012 -1.655567 1.949299 
3580 1.000000 0.400000 0.109216 -2.097667 1.125285 -1.518232 1.813545 
3590 1.000000 0.400000 0.109991 -2.117302 1.106215 -1.455412 1.639813 
3600 1.000000 0.400000 0.110366 -2.144591 1.087809 -1.449602 1.465429 
3610 1.000000 0.400000 0.110921 -2.179632 1.073257 -1.467209 1.285940 
3620 1.000000 0.400000 0.112332 -2.222027 1.064931 -1.519584 1.105390 
3630 1.000000 0.400000 0.116035 -2.267750 1.068198 -1.590826 0.922740 
3640 1.000000 0.400000 0.119424 -2.315585 1.084471 -1.709400 0.788891 
3650 1.000000 0.400000 0.120867 -2.359267 1.112605 -1.860672 0.687244 
3660 1.000000 0.400000 0.120645 -2.404422 1.157094 -2.047528 0.700152 
3670 1.000000 0.400000 0.117942 -2.439808 1.216988 -2.232750 0.683066 
3680 1.000000 0.400000 0.117352 -2.458886 1.289294 -2.417225 0.740823 
3690 1.000000 0.400000 0.122051 -2.455294 1.361569 -2.592301 0.797482 
3700 1.000000 0.400000 0.125657 -2.434258 1.418789 -2.748054 0.860097 
3710 1.000000 0.400000 0.124866 -2.403422 1.462099 -2.861000 0.988596 
3720 1.000000 0.400000 0.119831 -2.358207 1.500919 -2.859483 1.168357 
3730 1.000000 0.400000 0.112128 -2.296987 1.531752 -2.854133 1.355873 
3740 1.000000 0.400000 0.106808 -2.233719 1.543216 -2.877575 1.504640 
3750 1.000000 0.400000 0.106788 -2.189694 1.541379 -2.993881 1.652424 
3760 1.000000 0.400000 0.108582 -2.165479 1.536935 -3.115100 1.798184 
3770 1.000000 0.400000 0.110351 -2.149164 1.531274 -3.090724 1.956691 
3780 1.000000 0.400000 0.111342 -2.133648 1.522470 -2.960121 2.101446 
3790 1.000000 0.400000 0.111355 -2.118219 1.509495 -2.807237 2.208888 
3800 1.000000 0.400000 0.110482 -2.104467 1.492528 -2.625980 2.277406 
3810 1.000000 0.400000 0.108747 -2.091988 1.469786 -2.441359 2.272022 
3820 1.000000 0.400000 0.106941 -2.083268 1.441661 -2.256051 2.273752 
3830 1.000000 0.400000 0.106507 -2.080607 1.414111 -2.075134 2.304933 
3840 1.000000 0.400000 0.107290 -2.083561 1.389156 -1.885551 2.278366 
3850 1.000000 0.400000 0.108673 -2.090767 1.366918 -1.728424 2.218690 
3860 1.000000 0.400000 0.110068 -2.101974 1.346827 -1.578891 2.105287 
3870 1.000000 0.400000 0.111012 -2.118995 1.326645 -1.513762 1.928366 
3880 1.000000 0.400000 0.111412 -2.142546 1.307784 -1.479946 1.757899 
3890 1.000000 0.400000 0.111512 -2.175442 1.290476 -1.479107 1.564287 
3900 1.000000 0.400000 0.112191 -2.218061 1.278332 -1.509564 1.382611 
3910 1.000000 0.400000 0.114921 -2.263453 1.276664 -1.585844 1.206205 
3920 1.000000 0.400000 0.119669 -2.315507 1.287885 -1.694527 1.060148 
3930 1.000000 0.400000 0.122926 -2.365094 1.312652 -1.837913 0.945589 
3940 1.000000 0.400000 0.122241 -2.406756 1.350085 -1.997583 0.848359 
3950 1.000000 0.400000 0.118476 -2.440650 1.399776 -2.164161 0.874678 
3960 1.000000 0.400000 0.115640 -2.468180 1.467847 -2.334151 0.951756 
3970 1.000000 0.400000 0.119449 -2.477561 1.544564 -2.522122 0.971231 
3980 1.000000 0.400000 0.123879 -2.464180 1.605816 -2.709001 1.027533 
3990 1.000000 0.400000 0.124276 -2.435532 1.655478 -2.834218 1.154390 
4000 1.000000 0.400000 0.119776 -2.393298 1.696505 -2.897235 1.338253 
4010 1.000000 0.400000 0.111266 -2.336085 1.727174 -2.890313 1.529578 
4020 1.000000 0.400000 0.104591 -2.271384 1.741455 -2.900561 1.698721 
4030 1.000000 0.400000 0.104047 -2.227826 1.740605 -3.047145 1.824955 
4040 1.000000 0.400000 0.105901 -2.204587 1.737379 -3.200324 1.924980 
4050 1.000000 0.400000 0.107867 -2.187796 1.732761 -3.157222 2.086208 
4060 1.000000 0.400000 0.109249 -2.171803 1.725192 -3.044520 2.243504 
4070 1.000000 0.400000 0.109830 -2.156462 1.713939 -2.894283 2.371128 
4080 1.000000 0.400000 0.109595 -2.142306 1.698610 -2.717205 2.454431 
4090 1.000000 0.400000 0.108622 -2.129977 1.678469 -2.531481 2.494567 
4100 1.000000 0.400000 0.107458 -2.121090 1.653877 -2.335498 2.510274 
4110 1.000000 0.400000 0.107005 -2.117460 1.627347 -2.157850 2.529701 
4120 1.000000 0.400000 0.107666 -2.119095 1.603044 -1.969479 2.506407 
4130 1.000000 0.400000 0.108926 -2.125162 1.581044 -1.788200 2.457141 
4140 1.000000 0.400000 0.110207 -2.135930 1.559690 -1.647176 2.327912 
4150 1.000000 0.400000 0.111084 -2.152497 1.538762 -1.566513 2.156643 
4160 1.000000 0.400000 0.111413 -2.175658 1.518951 -1.513087 1.986643 
4170 1.000000 0.400000 0.111414 -2.208872 1.500143 -1.542844 1.796801 
4180 1.000000 0.400000 0.112154 -2.250478 1.486578 -1.552826 1.624181 
4190 1.000000 0.400000 0.114440 -2.294335 1.482888 -1.575925 1.437264 
4200 1.000000 0.400000 0.117517 -2.337140 1.491490 -1.658489 1.259494 
4210 1.000000 0.400000 0.119258 -2.379314 1.511483 -1.798231 1.139468 
4220 1.000000 0.400000 0.119043 -2.420145 1.543646 -1.961302 1.066787 
4230 1.000000 0.400000 0.116159 -2.456713 1.590320 -2.146842 1.081986 
4240 1.000000 0.400000 0.113465 -2.487389 1.655391 -2.323989 1.130849 
4250 1.000000 0.400000 0.115371 -2.499320 1.728613 -2.511031 1.161875 
4260 1.000000 0.400000 0.120357 -2.490905 1.791495 -2.679600 1.172251 
4270 1.000000 0.400000 0.122771 -2.468501 1.841711 -2.816423 1.302095 
4280 1.000000 0.400000 0.120874 -2.434530 1.882285 -2.937203 1.441783 
4290 1.000000 0.400000 0.115205 -2.389369 1.914256 -2.959461 1.623475 
4300 1.000000 0.400000 0.108202 -2.332130 1.936618 -2.926811 1.786754 
4310 1.000000 0.400000 0.104785 -2.277217 1.943281 -2.997065 1.939473 
4320 1.000000 0.400000 0.105515 -2.243645 1.941183 -3.112379 2.081936 
4330 1.000000 0.400000 0.107137 -2.222865 1.936333 -3.175707 2.259084 
4340 1.000000 0.400000 0.108363 -2.205399 1.928538 -3.064574 2.415891 
4350 1.000000 0.400000 0.108830 -2.188710 1.916811 -2.919629 2.534694 
4360 1.000000 0.400000 0.108420 -2.172576 1.900351 -2.762816 2.628016 
4370 1.000000 0.400000 0.107551 -2.159265 1.880253 -2.585302 2.690094 
4380 1.000000 0.400000 0.106554 -2.149571 1.856176 -2.404614 2.704198 
4390 1.000000 0.400000 0.106247 -2.144767 1.830322 -2.218597 2.723267 
4400 1.000000 0.400000 0.107038 -2.145288 1.806635 -2.032639 2.755394 
4410 1.000000 0.400000 0.108424 -2.150033 1.785344 -1.868572 2.678909 
4420 1.000000 0.400000 0.109898 -2.158803 1.764806 -1.713810 2.585667 
4430 1.000000 0.400000 0.111038 -2.172941 1.744113 -1.622458 2.415642 
4440 1.000000 0.400000 0.111623 -2.194298 1.722748 -1.556115 2.242028 
4450 1.000000 0.400000 0.111586 -2.223634 1.703868 -1.536015 2.050870 
4460 1.000000 0.400000 0.111803 -2.263561 1.688333 -1.571801 1.866429 
4470 1.000000 0.400000 0.113586 -2.310771 1.680898 -1.621147 1.699359 
4480 1.000000 0.400000 0.117608 -2.356264 1.685638 -1.675950 1.521095 
4490 1.000000 0.400000 0.120683 -2.401959 1.702480 -1.815046 1.404889 
4500 1.000000 0.400000 0.121885 -2.447504 1.733281 -1.973574 1.301374 
4510 1.000000 0.400000 0.119199 -2.486062 1.778025 -2.159267 1.256118 
4520 1.000000 0.400000 0.114368 -2.516216 1.840071 -2.343336 1.318978 
4530 1.000000 0.400000 0.114881 -2.532271 1.918975 -2.519071 1.387847 
4540 1.000000 0.400000 0.120078 -2.524233 1.987736 -2.710417 1.392989 
4550 1.000000 0.400000 0.122758 -2.500143 2.041688 -2.846094 1.509750 
4560 1.000000 0.400000 0.121349 -2.462718 2.087293 -2.943732 1.659073 
4570 1.000000 0.400000 0.115560 -2.413410 2.121755 -2.976995 1.844752 
4580 1.000000 0.400000 0.108582 -2.351782 2.144065 -2.930329 2.032047 
4590 1.000000 0.400000 0.105565 -2.296652 2.147663 -3.027134 2.196019 
4600 1.000000 0.400000 0.106533 -2.265864 2.144367 -3.178848 2.300635 
4610 1.000000 0.400000 0.108293 -2.246581 2.139753 -3.195893 2.466247 
4620 1.000000 0.400000 0.109600 -2.230059 2.132401 -3.129404 2.636851 
4630 1.000000 0.400000 0.110176 -2.214318 2.121600 -2.970301 2.751906 
4640 1.000000 0.400000 0.109765 -2.198882 2.106025 -2.786839 2.811952 
4650 1.000000 0.400000 0.108518 -2.184996 2.085160 -2.604351 2.855738 
4660 1.000000 0.400000 0.106758 -2.173154 2.057316 -2.435319 2.862218 
4670 1.000000 0.400000 0.106309 -2.167657 2.030923 -2.261228 2.937228 
4680 1.000000 0.400000 0.107006 -2.167725 2.007352 -2.077752 2.935119 
4690 1.000000 0.400000 0.108240 -2.172285 1.984443 -1.900926 2.883031 
4700 1.000000 0.400000 0.109657 -2.181076 1.963023 -1.740855 2.788087 
4710 1.000000 0.400000 0.110818 -2.194452 1.943016 -1.630100 2.637906 
4720 1.000000 0.400000 0.111338 -2.214434 1.923021 -1.573497 2.455692 
4730 1.000000 0.400000 0.111255 -2.243959 1.902922 -1.570310 2.267760 
4740 1.000000 0.400000 0.111540 -2.282204 1.886410 -1.610574 2.107487 
4750 1.000000 0.400000 0.113033 -2.327138 1.877014 -1.623964 1.917121 
4760 1.000000 0.400000 0.116764 -2.373149 1.880081 -1.703893 1.746170 
4770 1.000000 0.400000 0.120472 -2.423626 1.896833 -1.849227 1.615489 
4780 1.000000 0.400000 0.122703 -2.474884 1.929540 -2.012031 1.518145 
4790 1.000000 0.400000 0.120622 -2.517086 1.977075 -2.195807 1.478924 
4800 1.000000 0.400000 0.116768 -2.549531 2.039913 -2.366559 1.514001 
4810 1.000000 0.400000 0.117990 -2.567909 2.117813 -2.539933 1.592859 
4820 1.000000 0.400000 0.123117 -2.562097 2.185743 -2.735490 1.581622 
4830 1.000000 0.400000 0.125099 -2.539674 2.237943 -2.890951 1.696255 
4840 1.000000 0.400000 0.122161 -2.502511 2.282309 -2.981023 1.865497 
4850 1.000000 0.400000 0.114830 -2.450694 2.318128 -2.978389 2.050625 
4860 1.000000 0.400000 0.106876 -2.387370 2.340874 -2.959853 2.225095 
4870 1.000000 0.400000 0.104489 -2.333095 2.346931 -3.059736 2.349283 
4880 1.000000 0.400000 0.106147 -2.302955 2.346709 -3.241667 2.395227 
4890 1.000000 0.400000 0.108524 -2.285405 2.344988 -3.324603 2.534214 
4900 1.000000 0.400000 0.110436 -2.269715 2.340784 -3.248292 2.701443 
4910 1.000000 0.400000 0.111623 -2.254114 2.333385 -3.135092 2.855533 
4920 1.000000 0.400000 0.111998 -2.238710 2.322383 -2.987749 2.971629 
4930 1.000000 0.400000 0.111382 -2.223492 2.306595 -2.807972 3.025329 
4940 1.000000 0.400000 0.109867 -2.209596 2.285211 -2.616523 3.056496 
4950 1.000000 0.400000 0.107990 -2.198938 2.257974 -2.425498 3.081992 
4960 1.000000 0.400000 0.107118 -2.194302 2.229064 -2.243220 3.099264 
4970 1.000000 0.400000 0.107679 -2.195620 2.203502 -2.061266 3.104330 
4980 1.000000 0.400000 0.108896 -2.201846 2.179351 -1.893973 3.030683 
4990 1.000000 0.400000 0.110241 -2.212397 2.157656 -1.735946 2.930534 
5000 1.000000 0.400000 0.111152 -2.228440 2.136937 -1.641739 2.764854 
5010 1.000000 0.400000 0.111349 -2.252412 2.116182 -1.615172 2.577710 
5020 1.000000 0.400000 0.111162 -2.286225 2.097007 -1.603820 2.389675 
5030 1.000000 0.400000 0.111486 -2.328561 2.084202 -1.644078 2.203009 
5040 1.000000 0.400000 0.113931 -2.375837 2.081704 -1.708664 2.021844 
5050 1.000000 0.400000 0.118027 -2.426388 2.093103 -1.812025 1.862804 
5060 1.000000 0.400000 0.120716 -2.475642 2.118709 -1.959518 1.746619 
5070 1.000000 0.400000 0.119935 -2.519720 2.159800 -2.139962 1.685685 
5080 1.000000 0.400000 0.116648 -2.557130 2.217948 -2.325189 1.713188 
5090 1.000000 0.400000 0.115766 -2.581813 2.292977 -2.502881 1.768352 
5100 1.000000 0.400000 0.119753 -2.582080 2.364847 -2.698566 1.771351 
5110 1.000000 0.400000 0.122342 -2.566033 2.415686 -2.870105 1.807510 
5120 1.000000 0.400000 0.121399 -2.537545 2.458819 -2.968907 1.969186 
5130 1.000000 0.400000 0.116713 -2.495929 2.496508 -3.007232 2.136827 
5140 1.000000 0.400000 0.109505 -2.442383 2.524388 -3.014544 2.322452 
5150 1.000000 0.400000 0.103899 -2.379855 2.537911 -3.027712 2.495308 
5160 1.000000 0.400000 0.104099 -2.341037 2.538636 -3.196187 2.591849 
5170 1.000000 0.400000 0.106133 -2.320077 2.536688 -3.342545 2.705015 
5180 1.000000 0.400000 0.108048 -2.303136 2.532364 -3.264186 2.858168 
5190 1.000000 0.400000 0.109406 -2.286866 2.525051 -3.174325 3.031015 
5200 1.000000 0.400000 0.110085 -2.271632 2.514390 -3.029613 3.155015 
5210 1.000000 0.400000 0.109989 -2.257118 2.499833 -2.873713 3.247810 
5220 1.000000 0.400000 0.109326 -2.245004 2.481709 -2.695911 3.308568 
5230 1.000000 0.400000 0.108314 -2.235642 2.459395 -2.507220 3.319566 
5240 1.000000 0.400000 0.107542 -2.230353 2.432848 -2.311947 3.302556 
5250 1.000000 0.400000 0.107855 -2.230814 2.406289 -2.122591 3.308447 
5260 1.000000 0.400000 0.109014 -2.236396 2.382540 -1.941978 3.246912 
5270 1.000000 0.400000 0.110389 -2.246569 2.360273 -1.794796 3.151829 
5280 1.000000 0.400000 0.111441 -2.262236 2.338439 -1.709477 2.981594 
5290 1.000000 0.400000 0.112052 -2.285459 2.315403 -1.670066 2.813886 
5300 1.000000 0.400000 0.112107 -2.317089 2.295034 -1.655256 2.631239 
5310 1.000000 0.400000 0.112519 -2.359259 2.278868 -1.691646 2.446073 
5320 1.000000 0.400000 0.114425 -2.407038 2.272309 -1.720345 2.264586 
5330 1.000000 0.400000 0.118624 -2.457068 2.279268 -1.821746 2.098383 
5340 1.000000 0.400000 0.121503 -2.506715 2.300690 -1.961205 1.962816 
5350 1.000000 0.400000 0.121646 -2.554076 2.338067 -2.135557 1.895334 
5360 1.000000 0.400000 0.118752 -2.595248 2.391673 -2.307827 1.891385 
5370 1.000000 0.400000 0.116073 -2.625179 2.459892 -2.495814 1.929266 
5380 1.000000 0.400000 0.118114 -2.633204 2.535985 -2.686724 1.970028 
5390 1.000000 0.400000 0.122048 -2.618399 2.599297 -2.875389 2.017693 
5400 1.000000 0.400000 0.121868 -2.589635 2.647263 -3.011843 2.145625 
5410 1.000000 0.400000 0.117081 -2.547678 2.686524 -3.068350 2.328146 
5420 1.000000 0.400000 0.109207 -2.492398 2.715373 -3.054460 2.510059 
5430 1.000000 0.400000 0.103622 -2.433098 2.728363 -3.107028 2.687764 
5440 1.000000 0.400000 0.103351 -2.395618 2.727898 -3.261316 2.799291 
5450 1.000000 0.400000 0.105068 -2.374380 2.725077 -3.365832 2.942311 
5460 1.000000 0.400000 0.106770 -2.357429 2.719871 -3.309048 3.103759 
5470 1.000000 0.400000 0.108003 -2.341797 2.711782 -3.203183 3.261405 
5480 1.000000 0.400000 0.108613 -2.326569 2.700306 -3.066527 3.371070 
5490 1.000000 0.400000 0.108533 -2.312232 2.684745 -2.891322 3.428556 
5500 1.000000 0.400000 0.108044 -2.300181 2.665697 -2.721029 3.486639 
5510 1.000000 0.400000 0.107232 -2.290327 2.641040 -2.541481 3.498064 
5520 1.000000 0.400000 0.107327 -2.285913 2.616726 -2.365210 3.520327 
5530 1.000000 0.400000 0.108190 -2.286362 2.592654 -2.182506 3.501376 
5540 1.000000 0.400000 0.109614 -2.291015 2.570376 -2.019032 3.477998 
5550 1.000000 0.400000 0.111084 -2.300091 2.548523 -1.883453 3.343796 
5560 1.000000 0.400000 0.112189 -2.314389 2.527159 -1.747228 3.214250 
5570 1.000000 0.400000 0.112656 -2.333697 2.507782 -1.685425 3.054711 
5580 1.000000 0.400000 0.112394 -2.361007 2.489131 -1.677403 2.869016 
5590 1.000000 0.400000 0.112075 -2.398535 2.472754 -1.731886 2.702851 
5600 1.000000 0.400000 0.113288 -2.447474 2.461677 -1.789310 2.515931 
5610 1.000000 0.400000 0.117837 -2.500244 2.463927 -1.861239 2.340679 
5620 1.000000 0.400000 0.121855 -2.550967 2.480732 -1.967036 2.194915 
5630 1.000000 0.400000 0.123526 -2.598150 2.511048 -2.114061 2.108218 
5640 1.000000 0.400000 0.122163 -2.641500 2.556233 -2.297839 2.069063 
5650 1.000000 0.400000 0.118054 -2.674357 2.615241 -2.474839 2.092405 
5660 1.000000 0.400000 0.117369 -2.694946 2.688936 -2.647191 2.132327 
5670 1.000000 0.400000 0.121642 -2.691637 2.761340 -2.832272 2.189981 
5680 1.000000 0.400000 0.124256 -2.669503 2.818078 -2.996480 2.276670 
5690 1.000000 0.400000 0.122400 -2.633590 2.864624 -3.104516 2.419197 
5700 1.000000 0.400000 0.116101 -2.587297 2.899045 -3.137913 2.600824 
5710 1.000000 0.400000 0.107723 -2.529975 2.920955 -3.107935 2.773256 
5720 1.000000 0.400000 0.103255 -2.471307 2.927873 -3.168898 2.938616 
5730 1.000000 0.400000 0.104195 -2.438002 2.926491 -3.347409 3.009735 
5740 1.000000 0.400000 0.106400 -2.419350 2.923739 -3.446982 3.163110 
5750 1.000000 0.400000 0.108263 -2.403676 2.918576 -3.372744 3.341426 
5760 1.000000 0.400000 0.109560 -2.389045 2.910665 -3.263123 3.477979 
5770 1.000000 0.400000 0.110142 -2.374784 2.899517 -3.101112 3.578111 
5780 1.000000 0.400000 0.109945 -2.361500 2.884442 -2.929664 3.656307 
5790 1.000000 0.400000 0.108967 -2.349556 2.864235 -2.740126 3.688183 
5800 1.000000 0.400000 0.107818 -2.340879 2.839417 -2.551284 3.679042 
5810 1.000000 0.400000 0.107298 -2.337279 2.811112 -2.354232 3.673105 
5820 1.000000 0.400000 0.108026 -2.339763 2.784793 -2.164789 3.657955 
5830 1.000000 0.400000 0.109330 -2.347829 2.759832 -1.990055 3.572186 
5840 1.000000 0.400000 0.110620 -2.361137 2.736897 -1.856266 3.442883 
5850 1.000000 0.400000 0.111475 -2.380141 2.715022 -1.774364 3.294601 
5860 1.000000 0.400000 0.111857 -2.407200 2.693028 -1.771627 3.118431 
5870 1.000000 0.400000 0.112059 -2.444552 2.673593 -1.786153 2.928983 
5880 1.000000 0.400000 0.113409 -2.492938 2.659986 -1.839081 2.751112 
5890 1.000000 0.400000 0.117469 -2.543961 2.658818 -1.885767 2.573046 
5900 1.000000 0.400000 0.121568 -2.593072 2.671783 -1.979269 2.423155 
5910 1.000000 0.400000 0.123825 -2.640951 2.698006 -2.129775 2.318041 
5920 1.000000 0.400000 0.122292 -2.683668 2.738698 -2.306730 2.263059 
5930 1.000000 0.400000 0.117710 -2.718527 2.794140 -2.482437 2.281409 
5940 1.000000 0.400000 0.114501 -2.741814 2.865246 -2.671322 2.309321 
5950 1.000000 0.400000 0.116945 -2.742816 2.939269 -2.835263 2.366202 
5960 1.000000 0.400000 0.120054 -2.725875 2.996154 -3.014041 2.412628 
5970 1.000000 0.400000 0.119430 -2.696033 3.041361 -3.147507 2.549613 
5980 1.000000 0.400000 0.114984 -2.653531 3.079052 -3.188878 2.731124 
5990 1.000000 0.400000 0.108301 -2.603057 3.103234 -3.226863 2.908905 
6000 1.000000 0.400000 0.103624 -2.549705 3.114481 -3.230071 3.061747 
6010 1.000000 0.400000 0.103285 -2.511760 3.114411 -3.367238 3.186846 
6020 1.000000 0.400000 0.105157 -2.490509 3.112402 -3.503715 3.284018 
6030 1.000000 0.400000 0.107054 -2.474108 3.108216 -3.463316 3.449237 
6040 1.000000 0.400000 0.108467 -2.458596 3.101212 -3.348316 3.600139 
6050 1.000000 0.400000 0.109270 -2.443532 3.090972 -3.222758 3.722172 
6060 1.000000 0.400000 0.109485 -2.429833 3.077528 -3.061420 3.807736 
6070 1.000000 0.400000 0.109092 -2.417408 3.059957 -2.898099 3.882521 
6080 1.000000 0.400000 0.108325 -2.407088 3.037758 -2.709383 3.868510 
6090 1.000000 0.400000 0.107792 -2.400793 3.011375 -2.515858 3.881430 
6100 1.000000 0.400000 0.108218 -2.400268 2.984673 -2.324840 3.875616 
6110 1.000000 0.400000 0.109402 -2.405188 2.959980 -2.138984 3.822039 
6120 1.000000 0.400000 0.110744 -2.414615 2.937754 -1.987873 3.741006 
6130 1.000000 0.400000 0.111790 -2.428969 2.916061 -1.873509 3.601986 
6140 1.000000 0.400000 0.112172 -2.450490 2.894218 -1.826579 3.413214 
6150 1.000000 0.400000 0.111846 -2.480749 2.874285 -1.816571 3.220848 
6160 1.000000 0.400000 0.111724 -2.521840 2.857985 -1.864811 3.043070 
6170 1.000000 0.400000 0.113594 -2.572235 2.848877 -1.903691 2.871412 
6180 1.000000 0.400000 0.118454 -2.624115 2.853571 -1.967994 2.706569 
6190 1.000000 0.400000 0.122434 -2.674285 2.871205 -2.098197 2.574122 
6200 1.000000 0.400000 0.124672 -2.724907 2.904304 -2.276581 2.515443 
6210 1.000000 0.400000 0.123141 -2.770905 2.955571 -2.462968 2.498782 
6220 1.000000 0.400000 0.119904 -2.806249 3.025629 -2.655773 2.514427 
6230 1.000000 0.400000 0.120474 -2.818797 3.103672 -2.846202 2.550259 
6240 1.000000 0.400000 0.124787 -2.807321 3.171522 -3.025893 2.589280 
6250 1.000000 0.400000 0.125515 -2.780366 3.223118 -3.173524 2.708283 
6260 1.000000 0.400000 0.120859 -2.742610 3.261286 -3.287830 2.859333 
6270 1.000000 0.400000 0.112605 -2.692450 3.291176 -3.249337 3.040088 
6280 1.000000 0.400000 0.104588 -2.631082 3.309342 -3.248713 3.228301 
6290 1.000000 0.400000 0.102365 -2.584425 3.310870 -3.388554 3.325787 
6300 1.000000 0.400000 0.103845 -2.558783 3.309091 -3.549928 3.414289 
6310 1.000000 0.400000 0.106005 -2.542297 3.306020 -3.564429 3.584387 
6320 1.000000 0.400000 0.107813 -2.527232 3.300495 -3.470026 3.737743 
6330 1.000000 0.400000 0.109101 -2.512499 3.292101 -3.361343 3.882927 
6340 1.000000 0.400000 0.109711 -2.498253 3.280170 -3.198057 3.974117 
6350 1.000000 0.400000 0.109529 -2.484279 3.263712 -3.028062 4.043435 
6360 1.000000 0.400000 0.108989 -2.473411 3.243987 -2.844839 4.097616 
6370 1.000000 0.400000 0.108369 -2.465751 3.220329 -2.656402 4.092864 
6380 1.000000 0.400000 0.108334 -2.462855 3.194282 -2.473748 4.095229 
6390 1.000000 0.400000 0.109162 -2.464856 3.168225 -2.300610 4.056423 
6400 1.000000 0.400000 0.110495 -2.471917 3.144147 -2.144943 3.969811 
6410 1.000000 0.400000 0.111728 -2.484087 3.121014 -2.004479 3.850835 
6420 1.000000 0.400000 0.112348 -2.502716 3.098578 -1.915415 3.680570 
6430 1.000000 0.400000 0.112118 -2.530529 3.076127 -1.906907 3.490027 
6440 1.000000 0.400000 0.111755 -2.570361 3.054955 -1.927527 3.307872 
6450 1.000000 0.400000 0.112715 -2.621612 3.041118 -1.989977 3.120981 
6460 1.000000 0.400000 0.117468 -2.678354 3.040999 -2.047125 2.940428 
6470 1.000000 0.400000 0.122713 -2.735121 3.057578 -2.173791 2.796566 
6480 1.000000 0.400000 0.125015 -2.787104 3.090091 -2.321361 2.681157 
6490 1.000000 0.400000 0.122296 -2.829082 3.137057 -2.507057 2.630910 
6500 1.000000 0.400000 0.116167 -2.859086 3.199394 -2.690116 2.671024 
6510 1.000000 0.400000 0.114824 -2.875006 3.277621 -2.859515 2.743548 
6520 1.000000 0.400000 0.119673 -2.867505 3.349405 -3.043126 2.778080 
6530 1.000000 0.400000 0.121720 -2.846022 3.398675 -3.224292 2.822548 
6540 1.000000 0.400000 0.119288 -2.814892 3.435661 -3.337982 2.966961 
6550 1.000000 0.400000 0.113830 -2.774598 3.465188 -3.347465 3.130137 
6560 1.000000 0.400000 0.107118 -2.724649 3.486664 -3.358486 3.308909 
6570 1.000000 0.400000 0.102961 -2.673946 3.494808 -3.401665 3.481839 
6580 1.000000 0.400000 0.103244 -2.642771 3.493922 -3.565043 3.584973 
6590 1.000000 0.400000 0.105014 -2.624152 3.491112 -3.632722 3.731095 
6600 1.000000 0.400000 0.106599 -2.607466 3.485575 -3.545617 3.888421 
6610 1.000000 0.400000 0.107918 -2.592688 3.477805 -3.469231 4.029747 
6620 1.000000 0.400000 0.108655 -2.578244 3.466692 -3.313094 4.141556 
6630 1.000000 0.400000 0.108696 -2.564292 3.451178 -3.132458 4.207916 
6640 1.000000 0.400000 0.108248 -2.551850 3.431005 -2.965371 4.249857 
6650 1.000000 0.400000 0.108029 -2.543278 3.408961 -2.792790 4.284437 
6660 1.000000 0.400000 0.108189 -2.538871 3.383843 -2.606647 4.279614 
6670 1.000000 0.400000 0.109118 -2.539685 3.359655 -2.416744 4.281666 
6680 1.000000 0.400000 0.110450 -2.545453 3.335938 -2.248657 4.185496 
6690 1.000000 0.400000 0.111703 -2.556856 3.311997 -2.111015 4.060656 
6700 1.000000 0.400000 0.112555 -2.573657 3.289089 -2.017188 3.918018 
6710 1.000000 0.400000 0.112724 -2.599926 3.264193 -2.025295 3.724612 
6720 1.000000 0.400000 0.112362 -2.636673 3.241650 -1.994032 3.539136 
6730 1.000000 0.400000 0.112490 -2.682967 3.226181 -2.011144 3.359401 
6740 1.000000 0.400000 0.115287 -2.736047 3.220886 -2.093804 3.186594 
6750 1.000000 0.400000 0.120114 -2.790016 3.231123 -2.169274 3.018745 
6760 1.000000 0.400000 0.122732 -2.839298 3.255354 -2.307755 2.878878 
6770 1.000000 0.400000 0.121487 -2.882451 3.293780 -2.486215 2.835248 
6780 1.000000 0.400000 0.117957 -2.923166 3.351132 -2.671569 2.838725 
6790 1.000000 0.400000 0.114579 -2.948017 3.420785 -2.850582 2.867531 
6800 1.000000 0.400000 0.116810 -2.952431 3.492963 -3.031672 2.898160 
6810 1.000000 0.400000 0.119592 -2.937746 3.548658 -3.206365 2.943071 
6820 1.000000 0.400000 0.119154 -2.912190 3.590995 -3.355939 3.057485 
6830 1.000000 0.400000 0.115505 -2.874312 3.629058 -3.375168 3.226281 
6840 1.000000 0.400000 0.109360 -2.825093 3.658632 -3.420760 3.418188 
6850 1.000000 0.400000 0.103599 -2.771362 3.672046 -3.447638 3.610848 
6860 1.000000 0.400000 0.102473 -2.733269 3.672184 -3.593217 3.739181 
6870 1.000000 0.400000 0.103875 -2.711791 3.669334 -3.686363 3.884941 
6880 1.000000 0.400000 0.105394 -2.694392 3.663932 -3.638335 4.050604 
6890 1.000000 0.400000 0.106545 -2.678143 3.655418 -3.518935 4.198131 
6900 1.000000 0.400000 0.107298 -2.663333 3.643915 -3.395629 4.310842 
6910 1.000000 0.400000 0.107484 -2.649272 3.628425 -3.227925 4.387841 
6920 1.000000 0.400000 0.107298 -2.636559 3.608689 -3.058052 4.400762 
6930 1.000000 0.400000 0.107039 -2.626554 3.583842 -2.871482 4.435472 
6940 1.000000 0.400000 0.107571 -2.621929 3.559075 -2.705911 4.469630 
6950 1.000000 0.400000 0.108788 -2.622341 3.534060 -2.518133 4.425500 
6960 1.000000 0.400000 0.110359 -2.627681 3.510516 -2.334507 4.377158 
6970 1.000000 0.400000 0.111749 -2.638249 3.487447 -2.190062 4.250693 
6980 1.000000 0.400000 0.112608 -2.655265 3.463584 -2.117713 4.086158 
6990 1.000000 0.400000 0.112642 -2.680156 3.439949 -2.056611 3.928997 
7000 1.000000 0.400000 0.112069 -2.711466 3.420337 -2.036104 3.748322 
7010 1.000000 0.400000 0.111569 -2.754235 3.404677 -2.092327 3.563496 
7020 1.000000 0.400000 0.113974 -2.810599 3.395777 -2.205579 3.409311 
7030 1.000000 0.400000 0.120820 -2.872414 3.403039 -2.285033 3.240936 
7040 1.000000 0.400000 0.125132 -2.926900 3.426558 -2.403799 3.098461 
7050 1.000000 0.400000 0.125446 -2.975345 3.465858 -2.577306 3.023139 
7060 1.000000 0.400000 0.120955 -3.014307 3.521749 -2.766124 3.002917 
7070 1.000000 0.400000 0.116304 -3.039709 3.591225 -2.924913 3.056629 
7080 1.000000 0.400000 0.117635 -3.045326 3.666318 -3.115737 3.103409 
7090 1.000000 0.400000 0.120118 -3.030859 3.723104 -3.307302 3.117244 
7100 1.000000 0.400000 0.119651 -3.006260 3.764973 -3.434305 3.224188 
7110 1.000000 0.400000 0.115463 -2.970318 3.800176 -3.507402 3.403717 
7120 1.000000 0.400000 0.108521 -2.922845 3.827047 -3.524203 3.587692 
7130 1.000000 0.400000 0.102451 -2.867491 3.841591 -3.532193 3.759980 
7140 1.000000 0.400000 0.101858 -2.829051 3.844000 -3.686546 3.843939 
7150 1.000000 0.400000 0.103718 -2.807507 3.843088 -3.843126 3.938674 
7160 1.000000 0.400000 0.105843 -2.791769 3.840163 -3.806464 4.122973 
7170 1.000000 0.400000 0.107573 -2.776760 3.834443 -3.732152 4.303618 
7180 1.000000 0.400000 0.108788 -2.762659 3.825859 -3.603446 4.439049 
7190 1.000000 0.400000 0.109388 -2.748930 3.813774 -3.435705 4.534253 
7200 1.000000 0.400000 0.109336 -2.736050 3.797533 -3.257581 4.584047 
7210 1.000000 0.400000 0.108863 -2.725203 3.777061 -3.074609 4.617136 
7220 1.000000 0.400000 0.108397 -2.717852 3.752103 -2.882146 4.615992 
7230 1.000000 0.400000 0.108671 -2.715784 3.725548 -2.695974 4.611145 
7240 1.000000 0.400000 0.109779 -2.718839 3.700417 -2.514617 4.587070 
7250 1.000000 0.400000 0.111152 -2.727414 3.674891 -2.379138 4.465796 
7260 1.000000 0.400000 0.112349 -2.741989 3.649460 -2.259778 4.326804 
7270 1.000000 0.400000 0.112801 -2.763974 3.624873 -2.186568 4.154465 
7280 1.000000 0.400000 0.112500 -2.797353 3.599603 -2.209201 3.965186 
7290 1.000000 0.400000 0.112672 -2.844917 3.577166 -2.238129 3.774671 
7300 1.000000 0.400000 0.115129 -2.902272 3.566046 -2.281174 3.584356 
7310 1.000000 0.400000 0.119860 -2.954476 3.571308 -2.314318 3.410830 
7320 1.000000 0.400000 0.123026 -3.005587 3.591375 -2.451767 3.269928 
7330 1.000000 0.400000 0.123461 -3.055064 3.627537 -2.625241 3.205385 
7340 1.000000 0.400000 0.120129 -3.096096 3.677614 -2.779148 3.192799 
7350 1.000000 0.400000 0.116366 -3.128509 3.742015 -2.955616 3.226723 
7360 1.000000 0.400000 0.117408 -3.144634 3.818537 -3.126800 3.257774 
7370 1.000000 0.400000 0.121563 -3.139133 3.879657 -3.313439 3.244404 
7380 1.000000 0.400000 0.123307 -3.121162 3.925159 -3.471814 3.322260 
7390 1.000000 0.400000 0.121566 -3.094094 3.961861 -3.590048 3.450027 
7400 1.000000 0.400000 0.116536 -3.056504 3.993633 -3.637028 3.630014 
7410 1.000000 0.400000 0.108998 -3.007779 4.017172 -3.614649 3.813951 
7420 1.000000 0.400000 0.103348 -2.958119 4.026605 -3.667493 3.996040 
7430 1.000000 0.400000 0.102248 -2.922645 4.025330 -3.804224 4.103104 
7440 1.000000 0.400000 0.103651 -2.901969 4.022194 -3.877698 4.259459 
7450 1.000000 0.400000 0.105261 -2.885426 4.016577 -3.837983 4.441180 
7460 1.000000 0.400000 0.106566 -2.870102 4.008149 -3.711243 4.567614 
7470 1.000000 0.400000 0.107434 -2.855866 3.996578 -3.572926 4.700936 
7480 1.000000 0.400000 0.107798 -2.843195 3.981418 -3.397780 4.779455 
7490 1.000000 0.400000 0.107851 -2.832584 3.962635 -3.219296 4.817118 
7500 1.000000 0.400000 0.107937 -2.825060 3.940383 -3.038732 4.840017 
7510 1.000000 0.400000 0.108520 -2.822101 3.916848 -2.848243 4.824205 
7520 1.000000 0.400000 0.109690 -2.823893 3.892681 -2.666938 4.798249 
7530 1.000000 0.400000 0.111143 -2.830770 3.868307 -2.515918 4.685161 
7540 1.000000 0.400000 0.112456 -2.844246 3.842238 -2.385753 4.539100 
7550 1.000000 0.400000 0.113118 -2.865680 3.816048 -2.321907 4.366966 
7560 1.000000 0.400000 0.112974 -2.898595 3.789017 -2.307966 4.172872 
7570 1.000000 0.400000 0.112824 -2.944780 3.765641 -2.343213 3.982826 
7580 1.000000 0.400000 0.114363 -3.000315 3.753074 -2.375776 3.793775 
7590 1.000000 0.400000 0.119641 -3.059306 3.757146 -2.456229 3.618637 
7600 1.000000 0.400000 0.123491 -3.114364 3.778202 -2.569568 3.458540 
7610 1.000000 0.400000 0.123536 -3.163296 3.815029 -2.744305 3.383001 
7620 1.000000 0.400000 0.119817 -3.207360 3.870601 -2.933297 3.388922 
7630 1.000000 0.400000 0.115168 -3.237522 3.943919 -3.121268 3.440731 
7640 1.000000 0.400000 0.116159 -3.243246 4.020197 -3.311668 3.448375 
7650 1.000000 0.400000 0.118859 -3.229297 4.076765 -3.496547 3.456623 
7660 1.000000 0.400000 0.118521 -3.206388 4.116301 -3.658084 3.544319 
7670 1.000000 0.400000 0.115084 -3.173643 4.150145 -3.720334 3.714318 
7680 1.000000 0.400000 0.109258 -3.132013 4.175864 -3.765910 3.887608 
7690 1.000000 0.400000 0.103599 -3.084467 4.190680 -3.760716 4.078206 
7700 1.000000 0.400000 0.101755 -3.045708 4.193588 -3.898604 4.194507 
7710 1.000000 0.400000 0.102943 -3.023287 4.192349 -3.995367 4.331417 
7720 1.000000 0.400000 0.104592 -3.006175 4.188528 -4.000176 4.495662 
7730 1.000000 0.400000 0.106123 -2.990772 4.182105 -3.909511 4.668689 
7740 1.000000 0.400000 0.107250 -2.976162 4.172623 -3.786604 4.806520 
7750 1.000000 0.400000 0.107899 -2.962493 4.159667 -3.613493 4.894557 
7760 1.000000 0.400000 0.108145 -2.950481 4.143137 -3.446570 4.955729 
7770 1.000000 0.400000 0.108202 -2.940731 4.123015 -3.268120 4.981685 
7780 1.000000 0.400000 0.108411 -2.934273 4.098735 -3.080440 4.992693 
7790 1.000000 0.400000 0.109248 -2.932968 4.072549 -2.887451 4.948292 
7800 1.000000 0.400000 0.110671 -2.937397 4.045557 -2.714722 4.894614 
7810 1.000000 0.400000 0.112233 -2.947139 4.019891 -2.569243 4.788368 
7820 1.000000 0.400000 0.113339 -2.963785 3.993750 -2.461507 4.628755 
7830 1.000000 0.400000 0.113616 -2.990417 3.965907 -2.435209 4.442007 
7840 1.000000 0.400000 0.113228 -3.028601 3.939283 -2.449446 4.265504 
7850 1.000000 0.400000 0.113292 -3.079137 3.918858 -2.465609 4.072994 
7860 1.000000 0.400000 0.116028 -3.137167 3.910686 -2.505172 3.899245 
7870 1.000000 0.400000 0.121283 -3.193728 3.919527 -2.592409 3.730446 
7880 1.000000 0.400000 0.124216 -3.245749 3.943449 -2.711176 3.610355 
7890 1.000000 0.400000 0.123713 -3.293231 3.982132 -2.892194 3.541899 
7900 1.000000 0.400000 0.119691 -3.332863 4.035114 -3.051650 3.529960 
7910 1.000000 0.400000 0.115849 -3.362626 4.103551 -3.231782 3.568047 
7920 1.000000 0.400000 0.116349 -3.370627 4.177110 -3.415932 3.602202 
7930 1.000000 0.400000 0.119081 -3.358341 4.235934 -3.597238 3.628983 
7940 1.000000 0.400000 0.119208 -3.334262 4.280611 -3.760796 3.719554 
7950 1.000000 0.400000 0.115675 -3.301031 4.315090 -3.848703 3.884818 
7960 1.000000 0.400000 0.109588 -3.259101 4.340665 -3.900178 4.063894 
7970 1.000000 0.400000 0.103428 -3.210046 4.355256 -3.867474 4.247647 
7980 1.000000 0.400000 0.101625 -3.170686 4.358352 -4.027198 4.354152 
7990 1.000000 0.400000 0.102887 -3.148454 4.357100 -4.123218 4.503597 
8000 1.000000 0.400000 0.104587 -3.131076 4.353359 -4.111938 4.663875 
8010 1.000000 0.400000 0.106153 -3.115819 4.346928 -4.045463 4.838887 
8020 1.000000 0.400000 0.107350 -3.101588 4.337617 -3.908377 4.975070 
8030 1.000000 0.400000 0.107892 -3.086711 4.323744 -3.723134 5.011875 
8040 1.000000 0.400000 0.107981 -3.072925 4.305362 -3.559489 5.103580 
8050 1.000000 0.400000 0.108076 -3.062741 4.284348 -3.381494 5.138798 
8060 1.000000 0.400000 0.108356 -3.056483 4.259626 -3.195066 5.118740 
8070 1.000000 0.400000 0.109237 -3.055214 4.231889 -3.001660 5.104417 
8080 1.000000 0.400000 0.110753 -3.059690 4.204601 -2.828396 5.042692 
8090 1.000000 0.400000 0.112329 -3.070546 4.176715 -2.684153 4.922138 
8100 1.000000 0.400000 0.113335 -3.088663 4.149378 -2.592447 4.760179 
8110 1.000000 0.400000 0.113442 -3.116101 4.121536 -2.538140 4.588372 
8120 1.000000 0.400000 0.112402 -3.153811 4.097711 -2.519115 4.394791 
8130 1.000000 0.400000 0.111564 -3.201550 4.081208 -2.563669 4.215979 
8140 1.000000 0.400000 0.113549 -3.258289 4.075933 -2.636671 4.033341 
8150 1.000000 0.400000 0.118275 -3.315557 4.087262 -2.725656 3.880264 
8160 1.000000 0.400000 0.121475 -3.370446 4.115006 -2.879504 3.760594 
8170 1.000000 0.400000 0.120981 -3.418773 4.158989 -3.053626 3.707535 
8180 1.000000 0.400000 0.117780 -3.458987 4.220496 -3.232629 3.736923 
8190 1.000000 0.400000 0.116200 -3.482233 4.296099 -3.418749 3.746823 
8200 1.000000 0.400000 0.118641 -3.480677 4.362969 -3.612274 3.736315 
8210 1.000000 0.400000 0.120117 -3.464923 4.410202 -3.799921 3.769372 
8220 1.000000 0.400000 0.118881 -3.442655 4.443789 -3.925792 3.883554 
8230 1.000000 0.400000 0.114631 -3.409946 4.474315 -3.983380 4.056716 
8240 1.000000 0.400000 0.108247 -3.367663 4.497731 -3.996293 4.244538 
8250 1.000000 0.400000 0.102438 -3.318913 4.510266 -4.021946 4.432392 
8260 1.000000 0.400000 0.101398 -3.284526 4.512129 -4.179920 4.509773 
8270 1.000000 0.400000 0.102848 -3.264020 4.510969 -4.273217 4.642225 
8280 1.000000 0.400000 0.104554 -3.246902 4.506990 -4.228227 4.834943 
8290 1.000000 0.400000 0.106079 -3.231230 4.500008 -4.135478 5.007560 
8300 1.000000 0.400000 0.107321 -3.217164 4.490254 -4.008746 5.144419 
8310 1.000000 0.400000 0.108153 -3.204235 4.477394 -3.856280 5.238536 
8320 1.000000 0.400000 0.108506 -3.192193 4.460253 -3.663256 5.270576 
8330 1.000000 0.400000 0.108524 -3.182043 4.437694 -3.469522 5.275636 
8340 1.000000 0.400000 0.108899 -3.176259 4.411765 -3.277335 5.283644 
8350 1.000000 0.400000 0.109938 -3.176161 4.384215 -3.087892 5.257701 
8360 1.000000 0.400000 0.111500 -3.181758 4.356549 -2.922110 5.178720 
8370 1.000000 0.400000 0.112968 -3.193494 4.329792 -2.781451 5.067371 
8380 1.000000 0.400000 0.113817 -3.212650 4.302470 -2.720369 4.890091 
8390 1.000000 0.400000 0.113630 -3.242464 4.273962 -2.666492 4.713234 
8400 1.000000 0.400000 0.112685 -3.283870 4.248649 -2.672296 4.528977 
8410 1.000000 0.400000 0.112658 -3.337419 4.230773 -2.735960 4.350381 
8420 1.000000 0.400000 0.116640 -3.398086 4.225844 -2.771878 4.185250 
8430 1.000000 0.400000 0.121999 -3.453901 4.237539 -2.858922 4.017222 
8440 1.000000 0.400000 0.124979 -3.507542 4.265229 -3.011019 3.898806 
8450 1.000000 0.400000 0.123963 -3.556491 4.310095 -3.196989 3.859485 
8460 1.000000 0.400000 0.118875 -3.594532 4.371905 -3.378777 3.861551 
8470 1.000000 0.400000 0.115620 -3.616343 4.447613 -3.557263 3.924961 
8480 1.000000 0.400000 0.118247 -3.616145 4.514848 -3.720522 3.866959 
8490 1.000000 0.400000 0.120941 -3.603267 4.562823 -3.896033 3.907405 
8500 1.000000 0.400000 0.120348 -3.580490 4.600804 -4.034894 4.044126 
8510 1.000000 0.400000 0.116121 -3.547165 4.633045 -4.115585 4.217237 
8520 1.000000 0.400000 0.109212 -3.503915 4.657266 -4.125204 4.406901 
8530 1.000000 0.400000 0.102880 -3.455139 4.669650 -4.145528 4.591043 
8540 1.000000 0.400000 0.101063 -3.417336 4.670340 -4.256038 4.738764 
8550 1.000000 0.400000 0.102158 -3.394783 4.667191 -4.380051 4.880953 
8560 1.000000 0.400000 0.103779 -3.377325 4.661632 -4.338859 5.057086 
8570 1.000000 0.400000 0.105391 -3.362505 4.653982 -4.242364 5.202118 
8580 1.000000 0.400000 0.106625 -3.348526 4.643286 -4.097207 5.328993 
8590 1.000000 0.400000 0.107388 -3.335557 4.628805 -3.919382 5.413318 
8600 1.000000 0.400000 0.107756 -3.324403 4.610165 -3.728444 5.450088 
8610 1.000000 0.400000 0.108054 -3.316143 4.587391 -3.548965 5.445044 
8620 1.000000 0.400000 0.108790 -3.312058 4.561351 -3.358823 5.432390 
8630 1.000000 0.400000 0.110168 -3.313590 4.533925 -3.183244 5.378425 
8640 1.000000 0.400000 0.111874 -3.321440 4.505479 -3.007632 5.289442 
8650 1.000000 0.400000 0.113243 -3.336701 4.476938 -2.896741 5.134171 
8660 1.000000 0.400000 0.113626 -3.360633 4.448820 -2.830728 4.963531 
8670 1.000000 0.400000 0.113256 -3.398452 4.418186 -2.840138 4.771433 
8680 1.000000 0.400000 0.112797 -3.445897 4.395170 -2.838078 4.603828 
8690 1.000000 0.400000 0.114285 -3.503718 4.382495 -2.886832 4.415023 
8700 1.000000 0.400000 0.120013 -3.565326 4.387184 -2.972240 4.244051 
8710 1.000000 0.400000 0.124347 -3.622843 4.409631 -3.090970 4.092910 
8720 1.000000 0.400000 0.124388 -3.670667 4.446221 -3.248737 4.003979 
8730 1.000000 0.400000 0.119965 -3.708862 4.496215 -3.424138 3.979592 
8740 1.000000 0.400000 0.114770 -3.739590 4.564893 -3.592420 4.062829 
8750 1.000000 0.400000 0.115157 -3.751140 4.642084 -3.775470 4.063753 
8760 1.000000 0.400000 0.118120 -3.745103 4.692354 -3.933927 3.958676 
8770 1.000000 0.400000 0.119388 -3.732508 4.725727 -4.116034 4.014839 
8780 1.000000 0.400000 0.118342 -3.712992 4.754118 -4.238460 4.160625 
8790 1.000000 0.400000 0.114696 -3.684690 4.780017 -4.290959 4.337115 
8800 1.000000 0.400000 0.108823 -3.645281 4.802814 -4.296129 4.527964 
8810 1.000000 0.400000 0.103373 -3.600089 4.815251 -4.330346 4.712485 
8820 1.000000 0.400000 0.102044 -3.566595 4.816743 -4.451779 4.854778 
8830 1.000000 0.400000 0.103153 -3.545837 4.814736 -4.525062 5.001021 
8840 1.000000 0.400000 0.104595 -3.528058 4.809645 -4.482925 5.179594 
8850 1.000000 0.400000 0.106031 -3.512435 4.801807 -4.404018 5.348019 
8860 1.000000 0.400000 0.107278 -3.498281 4.791328 -4.259097 5.461626 
8870 1.000000 0.400000 0.108153 -3.485088 4.777286 -4.089395 5.548446 
8880 1.000000 0.400000 0.108593 -3.473062 4.758425 -3.893480 5.576107 
8890 1.000000 0.400000 0.108946 -3.463896 4.734804 -3.702012 5.585721 
8900 1.000000 0.400000 0.109694 -3.459298 4.706472 -3.506345 5.551953 
8910 1.000000 0.400000 0.111182 -3.461029 4.676034 -3.320930 5.508254 
8920 1.000000 0.400000 0.113001 -3.469184 4.646793 -3.172614 5.413234 
8930 1.000000 0.400000 0.114428 -3.484415 4.617458 -3.055712 5.272626 
8940 1.000000 0.400000 0.114724 -3.506650 4.590737 -2.940864 5.133164 
8950 1.000000 0.400000 0.113540 -3.539391 4.565053 -2.947391 4.938944 
8960 1.000000 0.400000 0.111637 -3.585275 4.543136 -2.964952 4.748708 
8970 1.000000 0.400000 0.112553 -3.647072 4.527251 -3.082257 4.608330 
8980 1.000000 0.400000 0.119192 -3.711765 4.527263 -3.118303 4.428490 
8990 1.000000 0.400000 0.124824 -3.768483 4.544834 -3.216726 4.287848 
9000 1.000000 0.400000 0.127200 -3.819182 4.576243 -3.354320 4.186296 
9010 1.000000 0.400000 0.125008 -3.864358 4.624195 -3.539625 4.152208 
9020 1.000000 0.400000 0.118626 -3.896104 4.686610 -3.723779 4.154903 
9030 1.000000 0.400000 0.115500 -3.912346 4.762200 -3.892185 4.211597 
9040 1.000000 0.400000 0.117024 -3.907834 4.821345 -4.065116 4.146190 
9050 1.000000 0.400000 0.117888 -3.894235 4.860391 -4.251112 4.177865 
9060 1.000000 0.400000 0.116736 -3.874163 4.890909 -4.399349 4.278893 
9070 1.000000 0.400000 0.113350 -3.847167 4.916186 -4.467834 4.462935 
9080 1.000000 0.400000 0.107836 -3.809986 4.937762 -4.445264 4.642065 
9090 1.000000 0.400000 0.102598 -3.764516 4.952247 -4.480762 4.820851 
9100 1.000000 0.400000 0.101557 -3.731424 4.955526 -4.634216 4.926746 
9110 1.000000 0.400000 0.102900 -3.711403 4.954949 -4.718429 5.074481 
9120 1.000000 0.400000 0.104600 -3.695076 4.951474 -4.688872 5.258477 
9130 1.000000 0.400000 0.106114 -3.679075 4.944821 -4.586182 5.425156 
9140 1.000000 0.400000 0.107363 -3.664038 4.934843 -4.460365 5.569524 
9150 1.000000 0.400000 0.108242 -3.650174 4.921480 -4.287635 5.640622 
9160 1.000000 0.400000 0.108665 -3.637157 4.903306 -4.109234 5.717639 
9170 1.000000 0.400000 0.108982 -3.627326 4.881413 -3.923523 5.716996 
9180 1.000000 0.400000 0.109484 -3.620671 4.853851 -3.741089 5.684385 
9190 1.000000 0.400000 0.110755 -3.619715 4.822812 -3.561540 5.634289 
9200 1.000000 0.400000 0.112665 -3.625721 4.790671 -3.385686 5.582954 
9210 1.000000 0.400000 0.114421 -3.638411 4.760766 -3.257933 5.463806 
9220 1.000000 0.400000 0.115341 -3.659696 4.729772 -3.181419 5.292376 
9230 1.000000 0.400000 0.114800 -3.692914 4.698564 -3.141071 5.105008 
9240 1.000000 0.400000 0.113325 -3.739817 4.670931 -3.156976 4.919298 
9250 1.000000 0.400000 0.113406 -3.800849 4.652147 -3.231149 4.748311 
9260 1.000000 0.400000 0.119441 -3.868217 4.647875 -3.289567 4.579466 
9270 1.000000 0.400000 0.125491 -3.926576 4.662374 -3.339955 4.407476 
9280 1.000000 0.400000 0.127619 -3.977959 4.692046 -3.496209 4.294673 
9290 1.000000 0.400000 0.124971 -4.022740 4.737182 -3.674868 4.256735 
