10 1.000000 0.400000 0.773332 -0.019217 0.076454 0.108106 -1.887295 
20 1.000000 0.400000 0.778804 -0.025576 0.135353 0.287824 -1.910192 
30 1.000000 0.400000 0.786381 -0.035060 0.187841 0.477648 -1.914489 
40 1.000000 0.400000 0.794563 -0.047277 0.235801 0.662492 -1.877772 
50 1.000000 0.400000 0.802321 -0.061862 0.279867 0.836355 -1.809660 
60 1.000000 0.400000 0.809279 -0.078605 0.320969 1.000801 -1.746736 
70 1.000000 0.400000 0.815582 -0.097459 0.360424 1.121308 -1.640633 
80 1.000000 0.400000 0.820685 -0.118368 0.397864 1.256342 -1.508372 
90 1.000000 0.400000 0.824775 -0.141906 0.434458 1.369967 -1.371542 
100 1.000000 0.400000 0.827345 -0.167453 0.468986 1.488019 -1.240034 
110 1.000000 0.400000 0.828278 -0.195331 0.501726 1.578830 -1.064410 
120 1.000000 0.400000 0.828016 -0.225880 0.533431 1.628026 -0.898579 
130 1.000000 0.400000 0.826689 -0.259576 0.564408 1.661763 -0.711709 
140 1.000000 0.400000 0.824253 -0.296792 0.594422 1.661276 -0.517194 
150 1.000000 0.400000 0.821135 -0.338078 0.623789 1.646255 -0.322799 
160 1.000000 0.400000 0.817733 -0.383579 0.652283 1.601899 -0.137003 
170 1.000000 0.400000 0.813939 -0.432258 0.678196 1.610001 0.050855 
180 1.000000 0.400000 0.810218 -0.483987 0.701188 1.557788 0.231226 
190 1.000000 0.400000 0.807050 -0.538571 0.720858 1.545077 0.424087 
200 1.000000 0.400000 0.804514 -0.595321 0.736324 1.497730 0.612525 
210 1.000000 0.400000 0.802933 -0.653487 0.747053 1.433504 0.791867 
220 1.000000 0.400000 0.802402 -0.711534 0.752905 1.425934 0.974120 
230 1.000000 0.400000 0.802637 -0.768452 0.753815 1.348510 1.139114 
240 1.000000 0.400000 0.803875 -0.826022 0.750126 1.261041 1.309034 
250 1.000000 0.400000 0.804970 -0.881870 0.741429 1.200331 1.490690 
260 1.000000 0.400000 0.805616 -0.935665 0.728236 1.106145 1.650009 
270 1.000000 0.400000 0.805043 -0.986595 0.710777 0.987276 1.801455 
280 1.000000 0.400000 0.802700 -1.034847 0.689289 0.883819 1.955784 
290 1.000000 0.400000 0.798390 -1.080344 0.664190 0.748574 2.081461 
300 1.000000 0.400000 0.792253 -1.124508 0.635090 0.573517 2.155953 
310 1.000000 0.400000 0.784170 -1.167327 0.601829 0.403836 2.209189 
320 1.000000 0.400000 0.773962 -1.207852 0.565059 0.245587 2.291232 
330 1.000000 0.400000 0.761330 -1.245686 0.524702 0.059207 2.319890 
340 1.000000 0.400000 0.746174 -1.280913 0.480382 -0.127941 2.360193 
350 1.000000 0.400000 0.728620 -1.313211 0.432179 -0.316085 2.354932 
360 1.000000 0.400000 0.709361 -1.343080 0.379646 -0.503225 2.323432 
370 1.000000 0.400000 0.688226 -1.368360 0.324539 -0.687011 2.320112 
380 1.000000 0.400000 0.665640 -1.389307 0.266273 -0.881069 2.286206 
390 1.000000 0.400000 0.642617 -1.405680 0.205388 -1.052482 2.227335 
400 1.000000 0.400000 0.620487 -1.417409 0.143019 -1.214236 2.172588 
410 1.000000 0.400000 0.599950 -1.423957 0.079231 -1.386886 2.109081 
420 1.000000 0.400000 0.581789 -1.424522 0.017035 -1.576874 2.082794 
430 1.000000 0.400000 0.566612 -1.419577 -0.041448 -1.759725 2.082821 
440 1.000000 0.400000 0.554818 -1.409954 -0.096004 -1.946977 2.033680 
450 1.000000 0.400000 0.546238 -1.396322 -0.146772 -2.112739 1.960366 
460 1.000000 0.400000 0.540387 -1.379528 -0.193674 -2.284471 1.919837 
470 1.000000 0.400000 0.536192 -1.360155 -0.236514 -2.463911 1.851343 
480 1.000000 0.400000 0.532909 -1.338849 -0.275727 -2.606957 1.777765 
490 1.000000 0.400000 0.529503 -1.315579 -0.311617 -2.768218 1.667145 
500 1.000000 0.400000 0.525284 -1.290610 -0.344150 -2.897811 1.535173 
510 1.000000 0.400000 0.520279 -1.263133 -0.374955 -3.004810 1.374531 
520 1.000000 0.400000 0.514265 -1.233765 -0.403301 -3.102753 1.231106 
530 1.000000 0.400000 0.507468 -1.202185 -0.429810 -3.152612 1.042481 
540 1.000000 0.400000 0.500100 -1.167492 -0.455213 -3.177345 0.861956 
550 1.000000 0.400000 0.492375 -1.130103 -0.478638 -3.205266 0.669656 
560 1.000000 0.400000 0.484846 -1.089779 -0.500197 -3.196308 0.497959 
570 1.000000 0.400000 0.478195 -1.046943 -0.519719 -3.174580 0.317339 
580 1.000000 0.400000 0.472847 -1.000812 -0.536961 -3.144297 0.123444 
590 1.000000 0.400000 0.469471 -0.951612 -0.551426 -3.106435 -0.061248 
600 1.000000 0.400000 0.468434 -0.900622 -0.562174 -3.084825 -0.255627 
610 1.000000 0.400000 0.469654 -0.850147 -0.568420 -3.118056 -0.444344 
620 1.000000 0.400000 0.472412 -0.802452 -0.570644 -3.132276 -0.615661 
630 1.000000 0.400000 0.476034 -0.757357 -0.569246 -3.141841 -0.809640 
640 1.000000 0.400000 0.479804 -0.715460 -0.564645 -3.141237 -0.999783 
650 1.000000 0.400000 0.483426 -0.675787 -0.557136 -3.098232 -1.190834 
660 1.000000 0.400000 0.486641 -0.637904 -0.546900 -3.022768 -1.368779 
670 1.000000 0.400000 0.489358 -0.600901 -0.533968 -2.916704 -1.520919 
680 1.000000 0.400000 0.491376 -0.564671 -0.518311 -2.794128 -1.669928 
690 1.000000 0.400000 0.492462 -0.529180 -0.499760 -2.671308 -1.816605 
700 1.000000 0.400000 0.492331 -0.495060 -0.478645 -2.525450 -1.932822 
710 1.000000 0.400000 0.490784 -0.462090 -0.454681 -2.370451 -2.054821 
720 1.000000 0.400000 0.487669 -0.430939 -0.428467 -2.224169 -2.150697 
730 1.000000 0.400000 0.483009 -0.400818 -0.399300 -2.047695 -2.222266 
740 1.000000 0.400000 0.476502 -0.372665 -0.367567 -1.871476 -2.281287 
750 1.000000 0.400000 0.468249 -0.345501 -0.332325 -1.681063 -2.299625 
760 1.000000 0.400000 0.458287 -0.320052 -0.293925 -1.495650 -2.337524 
770 1.000000 0.400000 0.446662 -0.296284 -0.251918 -1.307620 -2.331979 
780 1.000000 0.400000 0.433777 -0.274465 -0.206578 -1.143723 -2.309123 
790 1.000000 0.400000 0.419842 -0.255368 -0.158478 -0.957567 -2.256962 
800 1.000000 0.400000 0.404994 -0.238598 -0.106124 -0.784320 -2.183270 
810 1.000000 0.400000 0.389847 -0.224459 -0.049483 -0.615154 -2.100288 
820 1.000000 0.400000 0.374921 -0.213950 0.010977 -0.478893 -1.988940 
830 1.000000 0.400000 0.361321 -0.206231 0.076566 -0.337601 -1.863479 
840 1.000000 0.400000 0.349556 -0.203180 0.146416 -0.186098 -1.741075 
850 1.000000 0.400000 0.340716 -0.204850 0.221356 -0.067829 -1.587376 
860 1.000000 0.400000 0.335037 -0.213024 0.297992 0.079852 -1.480852 
870 1.000000 0.400000 0.331991 -0.228324 0.374184 0.231909 -1.355934 
880 1.000000 0.400000 0.331067 -0.250818 0.450804 0.341854 -1.203580 
890 1.000000 0.400000 0.331073 -0.280716 0.525507 0.460216 -1.049687 
900 1.000000 0.400000 0.331357 -0.318336 0.599051 0.564399 -0.883059 
910 1.000000 0.400000 0.331025 -0.363192 0.669344 0.642458 -0.711063 
920 1.000000 0.400000 0.329885 -0.414479 0.735894 0.700292 -0.550022 
930 1.000000 0.400000 0.327630 -0.471413 0.797430 0.763435 -0.379912 
940 1.000000 0.400000 0.324156 -0.533473 0.853021 0.812995 -0.203074 
950 1.000000 0.400000 0.319946 -0.601782 0.904419 0.791530 -0.015052 
960 1.000000 0.400000 0.315191 -0.675964 0.950328 0.793654 0.175390 
970 1.000000 0.400000 0.310738 -0.755865 0.990744 0.731810 0.353796 
980 1.000000 0.400000 0.307696 -0.841895 1.025858 0.655746 0.528465 
990 1.000000 0.400000 0.306532 -0.931381 1.052858 0.618280 0.713457 
1000 1.000000 0.400000 0.307642 -1.022965 1.070945 0.562555 0.900108 
1010 1.000000 0.400000 0.311526 -1.114748 1.078789 0.513065 1.084074 
1020 1.000000 0.400000 0.317291 -1.204653 1.076943 0.418334 1.241484 
1030 1.000000 0.400000 0.323760 -1.289254 1.066850 0.395505 1.410720 
1040 1.000000 0.400000 0.329008 -1.366477 1.049198 0.354896 1.599867 
1050 1.000000 0.400000 0.332313 -1.437180 1.024912 0.257703 1.763106 
1060 1.000000 0.400000 0.334062 -1.504302 0.994420 0.126036 1.893168 
1070 1.000000 0.400000 0.334157 -1.568194 0.958062 -0.037868 1.975168 
1080 1.000000 0.400000 0.332506 -1.629508 0.915565 -0.203488 2.065747 
1090 1.000000 0.400000 0.329027 -1.688398 0.866653 -0.376731 2.129231 
1100 1.000000 0.400000 0.323589 -1.742997 0.812495 -0.547308 2.163145 
1110 1.000000 0.400000 0.316915 -1.795547 0.752437 -0.729817 2.160841 
1120 1.000000 0.400000 0.308102 -1.842279 0.687302 -0.917683 2.192934 
1130 1.000000 0.400000 0.297655 -1.883895 0.616864 -1.099792 2.162662 
1140 1.000000 0.400000 0.286137 -1.920775 0.541136 -1.275334 2.118135 
1150 1.000000 0.400000 0.273627 -1.951079 0.460881 -1.460307 2.084759 
1160 1.000000 0.400000 0.260768 -1.974428 0.376238 -1.626730 1.998262 
1170 1.000000 0.400000 0.248571 -1.990448 0.288567 -1.808362 1.942174 
1180 1.000000 0.400000 0.237408 -1.996617 0.200808 -1.998778 1.895192 
1190 1.000000 0.400000 0.228147 -1.993752 0.115638 -2.160686 1.824045 
1200 1.000000 0.400000 0.220731 -1.982259 0.034146 -2.347906 1.780124 
1210 1.000000 0.400000 0.214814 -1.963510 -0.039373 -2.537253 1.745679 
1220 1.000000 0.400000 0.209683 -1.938766 -0.106572 -2.683821 1.632382 
1230 1.000000 0.400000 0.204918 -1.908672 -0.169415 -2.841622 1.545210 
1240 1.000000 0.400000 0.200238 -1.874027 -0.227088 -2.968699 1.397760 
1250 1.000000 0.400000 0.195345 -1.834346 -0.280937 -3.054808 1.242473 
1260 1.000000 0.400000 0.190295 -1.790155 -0.331233 -3.153500 1.077181 
1270 1.000000 0.400000 0.184926 -1.741109 -0.377586 -3.215275 0.890723 
1280 1.000000 0.400000 0.179431 -1.687739 -0.419464 -3.257965 0.709960 
1290 1.000000 0.400000 0.173963 -1.629999 -0.457147 -3.271227 0.520224 
1300 1.000000 0.400000 0.168786 -1.569063 -0.489357 -3.297037 0.336136 
1310 1.000000 0.400000 0.164180 -1.505156 -0.516163 -3.311350 0.149863 
1320 1.000000 0.400000 0.160471 -1.438606 -0.537683 -3.277765 -0.027995 
1330 1.000000 0.400000 0.157900 -1.371706 -0.552420 -3.290531 -0.225741 
1340 1.000000 0.400000 0.156542 -1.304146 -0.561141 -3.223415 -0.386341 
1350 1.000000 0.400000 0.156382 -1.236537 -0.563892 -3.183688 -0.570746 
1360 1.000000 0.400000 0.157197 -1.170969 -0.560656 -3.159970 -0.741150 
1370 1.000000 0.400000 0.158602 -1.108873 -0.551969 -3.101525 -0.919447 
1380 1.000000 0.400000 0.160229 -1.049968 -0.538145 -3.034458 -1.096265 
1390 1.000000 0.400000 0.161949 -0.993075 -0.519379 -2.921788 -1.247752 
1400 1.000000 0.400000 0.163509 -0.938524 -0.495865 -2.804720 -1.398034 
1410 1.000000 0.400000 0.164681 -0.887167 -0.467979 -2.694695 -1.559692 
1420 1.000000 0.400000 0.165437 -0.838802 -0.435935 -2.538248 -1.673384 
1430 1.000000 0.400000 0.165753 -0.792698 -0.399384 -2.364750 -1.748986 
1440 1.000000 0.400000 0.165648 -0.748666 -0.358324 -2.184403 -1.810742 
1450 1.000000 0.400000 0.165162 -0.706480 -0.312087 -1.992258 -1.847260 
1460 1.000000 0.400000 0.164340 -0.666604 -0.260649 -1.801990 -1.841612 
1470 1.000000 0.400000 0.163381 -0.628902 -0.203705 -1.618943 -1.838619 
1480 1.000000 0.400000 0.162346 -0.595325 -0.142317 -1.426377 -1.844751 
1490 1.000000 0.400000 0.161405 -0.567046 -0.077511 -1.239386 -1.837574 
1500 1.000000 0.400000 0.160845 -0.543955 -0.008640 -1.054978 -1.774652 
1510 1.000000 0.400000 0.161009 -0.526041 0.064628 -0.874959 -1.707398 
1520 1.000000 0.400000 0.162115 -0.514321 0.141428 -0.705789 -1.619227 
1530 1.000000 0.400000 0.164333 -0.509059 0.221833 -0.530576 -1.536444 
1540 1.000000 0.400000 0.167506 -0.511044 0.303894 -0.388402 -1.414998 
1550 1.000000 0.400000 0.171457 -0.520635 0.387729 -0.244178 -1.294419 
1560 1.000000 0.400000 0.175852 -0.538042 0.472534 -0.109076 -1.156964 
1570 1.000000 0.400000 0.179861 -0.563644 0.554596 0.010712 -1.025773 
1580 1.000000 0.400000 0.183229 -0.596883 0.633813 0.156910 -0.899884 
1590 1.000000 0.400000 0.185562 -0.637573 0.708934 0.225244 -0.729110 
1600 1.000000 0.400000 0.187510 -0.685909 0.784084 0.285158 -0.557536 
1610 1.000000 0.400000 0.188715 -0.741809 0.856961 0.285539 -0.368332 
1620 1.000000 0.400000 0.189009 -0.805866 0.926863 0.319360 -0.176932 
1630 1.000000 0.400000 0.188740 -0.878072 0.994173 0.277082 -0.005240 
1640 1.000000 0.400000 0.187862 -0.957493 1.056827 0.288974 0.187259 
1650 1.000000 0.400000 0.186416 -1.043910 1.113010 0.261886 0.362725 
1660 1.000000 0.400000 0.184960 -1.136598 1.162022 0.184842 0.537110 
1670 1.000000 0.400000 0.184874 -1.236974 1.205478 0.107108 0.711011 
1680 1.000000 0.400000 0.187032 -1.342409 1.241179 0.021099 0.868080 
1690 1.000000 0.400000 0.191818 -1.451909 1.266416 -0.040401 1.042919 
1700 1.000000 0.400000 0.198462 -1.559880 1.278651 -0.106530 1.224760 
1710 1.000000 0.400000 0.206224 -1.661785 1.277119 -0.114436 1.413006 
1720 1.000000 0.400000 0.213548 -1.755176 1.264849 -0.155747 1.586367 
1730 1.000000 0.400000 0.219253 -1.840427 1.243828 -0.244776 1.747645 
1740 1.000000 0.400000 0.223800 -1.920944 1.214746 -0.365283 1.880310 
1750 1.000000 0.400000 0.227009 -1.997585 1.178171 -0.498577 2.017531 
1760 1.000000 0.400000 0.228389 -2.069002 1.134359 -0.651595 2.133024 
1770 1.000000 0.400000 0.228065 -2.135841 1.083880 -0.828910 2.186550 
1780 1.000000 0.400000 0.226212 -2.198955 1.026586 -1.009403 2.241194 
1790 1.000000 0.400000 0.222661 -2.256712 0.963095 -1.189903 2.280746 
1800 1.000000 0.400000 0.217580 -2.309201 0.893459 -1.372649 2.294781 
1810 1.000000 0.400000 0.211497 -2.356428 0.818865 -1.542862 2.253008 
1820 1.000000 0.400000 0.204318 -2.396316 0.740498 -1.722421 2.269309 
1830 1.000000 0.400000 0.196301 -2.428383 0.658418 -1.910691 2.233286 
1840 1.000000 0.400000 0.188032 -2.453251 0.571786 -2.092177 2.177755 
1850 1.000000 0.400000 0.180138 -2.468955 0.484031 -2.271213 2.163122 
1860 1.000000 0.400000 0.173280 -2.474977 0.398667 -2.456012 2.121147 
1870 1.000000 0.400000 0.167655 -2.471681 0.317631 -2.649198 2.083523 
1880 1.000000 0.400000 0.163220 -2.460232 0.242037 -2.836626 2.037418 
1890 1.000000 0.400000 0.159676 -2.441980 0.171744 -3.008221 1.980258 
1900 1.000000 0.400000 0.156806 -2.419018 0.108339 -3.174614 1.925187 
1910 1.000000 0.400000 0.154138 -2.391056 0.049022 -3.327666 1.808497 
1920 1.000000 0.400000 0.151457 -2.358147 -0.006818 -3.438489 1.653728 
1930 1.000000 0.400000 0.148676 -2.320359 -0.059822 -3.542282 1.502212 
1940 1.000000 0.400000 0.145770 -2.279221 -0.107832 -3.649561 1.358994 
1950 1.000000 0.400000 0.142649 -2.233280 -0.152871 -3.699846 1.171353 
1960 1.000000 0.400000 0.139419 -2.183153 -0.194631 -3.750398 1.010532 
1970 1.000000 0.400000 0.136224 -2.130311 -0.231208 -3.820121 0.834480 
1980 1.000000 0.400000 0.133262 -2.076030 -0.262081 -3.875097 0.663948 
1990 1.000000 0.400000 0.130542 -2.017956 -0.288961 -3.858420 0.473643 
2000 1.000000 0.400000 0.128314 -1.956625 -0.311855 -3.819851 0.313100 
2010 1.000000 0.400000 0.126780 -1.892875 -0.329763 -3.799464 0.117682 
2020 1.000000 0.400000 0.126094 -1.827390 -0.341890 -3.770640 -0.072195 
2030 1.000000 0.400000 0.126316 -1.762016 -0.347730 -3.735585 -0.255143 
2040 1.000000 0.400000 0.127374 -1.697066 -0.347686 -3.673102 -0.430134 
2050 1.000000 0.400000 0.129076 -1.633530 -0.341844 -3.618547 -0.609374 
2060 1.000000 0.400000 0.131205 -1.571128 -0.330592 -3.530950 -0.767319 
2070 1.000000 0.400000 0.133580 -1.509835 -0.313980 -3.427156 -0.923487 
2080 1.000000 0.400000 0.135939 -1.450931 -0.292134 -3.319950 -1.075985 
2090 1.000000 0.400000 0.138079 -1.395319 -0.265678 -3.197848 -1.219158 
2100 1.000000 0.400000 0.139891 -1.342526 -0.234464 -3.044288 -1.334851 
2110 1.000000 0.400000 0.141420 -1.291020 -0.197984 -2.879831 -1.421205 
2120 1.000000 0.400000 0.142506 -1.242977 -0.157222 -2.722021 -1.531816 
2130 1.000000 0.400000 0.143124 -1.198344 -0.112066 -2.535989 -1.575097 
2140 1.000000 0.400000 0.143496 -1.155158 -0.061215 -2.348012 -1.577379 
2150 1.000000 0.400000 0.143620 -1.114880 -0.005265 -2.163941 -1.589969 
2160 1.000000 0.400000 0.143588 -1.078199 0.055930 -1.966354 -1.583014 
2170 1.000000 0.400000 0.143548 -1.045950 0.122368 -1.771484 -1.565509 
2180 1.000000 0.400000 0.143705 -1.019764 0.192005 -1.587151 -1.550152 
2190 1.000000 0.400000 0.144385 -0.999203 0.265335 -1.411422 -1.480646 
2200 1.000000 0.400000 0.145864 -0.984537 0.342705 -1.234210 -1.407476 
2210 1.000000 0.400000 0.148366 -0.976146 0.423993 -1.071494 -1.302079 
2220 1.000000 0.400000 0.151911 -0.974772 0.508551 -0.917609 -1.195390 
2230 1.000000 0.400000 0.155880 -0.981647 0.592137 -0.755269 -1.106662 
2240 1.000000 0.400000 0.160261 -0.996320 0.676547 -0.617126 -0.975586 
2250 1.000000 0.400000 0.164701 -1.019038 0.760714 -0.504830 -0.822764 
2260 1.000000 0.400000 0.168700 -1.050255 0.843195 -0.388454 -0.672107 
2270 1.000000 0.400000 0.172052 -1.089975 0.923790 -0.288135 -0.511321 
2280 1.000000 0.400000 0.174613 -1.137862 1.001709 -0.221469 -0.331936 
2290 1.000000 0.400000 0.176226 -1.194131 1.076395 -0.168160 -0.143940 
2300 1.000000 0.400000 0.176969 -1.258796 1.147769 -0.166068 0.043650 
2310 1.000000 0.400000 0.177265 -1.332135 1.216951 -0.192275 0.233103 
2320 1.000000 0.400000 0.176899 -1.413877 1.281274 -0.196598 0.429728 
2330 1.000000 0.400000 0.175979 -1.503264 1.338523 -0.241186 0.612282 
2340 1.000000 0.400000 0.175571 -1.600411 1.389796 -0.317153 0.790746 
2350 1.000000 0.400000 0.176646 -1.704856 1.434020 -0.379901 0.962814 
2360 1.000000 0.400000 0.179555 -1.813426 1.467299 -0.457249 1.140779 
2370 1.000000 0.400000 0.185058 -1.925680 1.489649 -0.544920 1.302348 
2380 1.000000 0.400000 0.192930 -2.036510 1.498929 -0.600539 1.488585 
2390 1.000000 0.400000 0.201061 -2.139018 1.493864 -0.608985 1.684348 
2400 1.000000 0.400000 0.207882 -2.231600 1.477863 -0.651444 1.860781 
2410 1.000000 0.400000 0.213225 -2.317236 1.452965 -0.749281 2.021717 
2420 1.000000 0.400000 0.217015 -2.397024 1.420012 -0.875478 2.158340 
2430 1.000000 0.400000 0.219370 -2.471966 1.380029 -1.022793 2.261159 
2440 1.000000 0.400000 0.220239 -2.542986 1.332875 -1.186892 2.356656 
2450 1.000000 0.400000 0.219472 -2.609867 1.278408 -1.369328 2.413002 
2460 1.000000 0.400000 0.216924 -2.671535 1.217122 -1.555870 2.450549 
2470 1.000000 0.400000 0.212938 -2.728323 1.149347 -1.731105 2.508646 
2480 1.000000 0.400000 0.207551 -2.777543 1.077832 -1.899339 2.503661 
2490 1.000000 0.400000 0.201041 -2.821108 1.000400 -2.095556 2.482629 
2500 1.000000 0.400000 0.193607 -2.857670 0.917695 -2.282407 2.443635 
2510 1.000000 0.400000 0.185705 -2.886334 0.830721 -2.468081 2.404273 
2520 1.000000 0.400000 0.177891 -2.905559 0.741621 -2.656024 2.362708 
2530 1.000000 0.400000 0.170885 -2.914710 0.653801 -2.840998 2.343608 
2540 1.000000 0.400000 0.165088 -2.914110 0.569504 -3.022231 2.310902 
2550 1.000000 0.400000 0.160632 -2.905301 0.490902 -3.208983 2.273704 
2560 1.000000 0.400000 0.157216 -2.889700 0.419700 -3.395784 2.248673 
2570 1.000000 0.400000 0.154382 -2.868320 0.354902 -3.577108 2.181503 
2580 1.000000 0.400000 0.151756 -2.841454 0.294334 -3.730887 2.056988 
2590 1.000000 0.400000 0.149140 -2.809586 0.237887 -3.854751 1.919006 
2600 1.000000 0.400000 0.146442 -2.772447 0.183826 -3.957221 1.757829 
2610 1.000000 0.400000 0.143647 -2.731364 0.134178 -4.074725 1.614029 
2620 1.000000 0.400000 0.140685 -2.685748 0.088236 -4.145708 1.435053 
2630 1.000000 0.400000 0.137610 -2.636072 0.046669 -4.199338 1.252451 
2640 1.000000 0.400000 0.134558 -2.582724 0.009226 -4.226264 1.073162 
2650 1.000000 0.400000 0.131635 -2.524337 -0.025209 -4.226595 0.883772 
2660 1.000000 0.400000 0.129081 -2.462484 -0.054717 -4.235930 0.698240 
2670 1.000000 0.400000 0.127153 -2.399017 -0.077895 -4.256799 0.509286 
2680 1.000000 0.400000 0.125988 -2.334292 -0.094929 -4.251709 0.320219 
2690 1.000000 0.400000 0.125688 -2.268591 -0.105924 -4.205446 0.137386 
2700 1.000000 0.400000 0.126263 -2.202147 -0.110847 -4.164242 -0.053502 
2710 1.000000 0.400000 0.127639 -2.136263 -0.109600 -4.127782 -0.232662 
2720 1.000000 0.400000 0.129514 -2.073446 -0.102494 -4.058625 -0.415689 
2730 1.000000 0.400000 0.131680 -2.012872 -0.089843 -4.000504 -0.596146 
2740 1.000000 0.400000 0.133928 -1.954984 -0.072332 -3.895737 -0.740941 
2750 1.000000 0.400000 0.136162 -1.898072 -0.049924 -3.753087 -0.860847 
2760 1.000000 0.400000 0.138282 -1.842204 -0.022305 -3.614130 -0.991161 
2770 1.000000 0.400000 0.140060 -1.790818 0.008744 -3.516901 -1.134638 
2780 1.000000 0.400000 0.141500 -1.742081 0.043735 -3.362789 -1.219525 
2790 1.000000 0.400000 0.142529 -1.695943 0.083196 -3.190950 -1.310248 
2800 1.000000 0.400000 0.143135 -1.652595 0.127277 -3.010307 -1.376523 
2810 1.000000 0.400000 0.143407 -1.611739 0.176316 -2.824332 -1.377960 
2820 1.000000 0.400000 0.143526 -1.572158 0.231082 -2.634534 -1.361317 
2830 1.000000 0.400000 0.143532 -1.535757 0.290941 -2.447649 -1.379336 
2840 1.000000 0.400000 0.143483 -1.504301 0.354747 -2.261277 -1.351674 
2850 1.000000 0.400000 0.143776 -1.476548 0.424335 -2.076319 -1.280698 
2860 1.000000 0.400000 0.144737 -1.453116 0.499273 -1.908485 -1.200543 
2870 1.000000 0.400000 0.146614 -1.435392 0.579151 -1.739594 -1.107877 
2880 1.000000 0.400000 0.149738 -1.423599 0.663965 -1.589702 -1.002274 
2890 1.000000 0.400000 0.154102 -1.418787 0.752116 -1.436631 -0.893751 
2900 1.000000 0.400000 0.159481 -1.421687 0.842237 -1.281074 -0.796418 
2910 1.000000 0.400000 0.165048 -1.433689 0.930865 -1.120283 -0.698024 
2920 1.000000 0.400000 0.170131 -1.454601 1.016023 -0.965004 -0.584051 
2930 1.000000 0.400000 0.174753 -1.483851 1.099377 -0.847955 -0.439432 
2940 1.000000 0.400000 0.178618 -1.521560 1.180533 -0.754699 -0.268551 
2950 1.000000 0.400000 0.181881 -1.567900 1.260629 -0.704799 -0.083976 
2960 1.000000 0.400000 0.184222 -1.621749 1.337440 -0.662503 0.075702 
2970 1.000000 0.400000 0.186393 -1.683297 1.413871 -0.656992 0.265260 
2980 1.000000 0.400000 0.187695 -1.753425 1.486607 -0.647312 0.449858 
2990 1.000000 0.400000 0.188376 -1.831207 1.555063 -0.678891 0.627792 
3000 1.000000 0.400000 0.188603 -1.916769 1.618170 -0.693819 0.818503 
3010 1.000000 0.400000 0.188604 -2.010106 1.674411 -0.748451 1.001279 
3020 1.000000 0.400000 0.189091 -2.110151 1.722429 -0.789008 1.191045 
3030 1.000000 0.400000 0.190639 -2.214947 1.759568 -0.855363 1.367867 
3040 1.000000 0.400000 0.195122 -2.325077 1.787533 -0.958444 1.527180 
3050 1.000000 0.400000 0.201214 -2.432111 1.802751 -0.961571 1.710920 
3060 1.000000 0.400000 0.208470 -2.533032 1.804429 -0.985369 1.891038 
3070 1.000000 0.400000 0.215521 -2.626275 1.794878 -1.014824 2.071362 
3080 1.000000 0.400000 0.221099 -2.711630 1.776067 -1.090608 2.246406 
3090 1.000000 0.400000 0.225392 -2.791613 1.749090 -1.187551 2.412599 
3100 1.000000 0.400000 0.227952 -2.866073 1.714615 -1.332306 2.546404 
3110 1.000000 0.400000 0.228926 -2.936771 1.672723 -1.503245 2.639453 
3120 1.000000 0.400000 0.228333 -3.003729 1.623848 -1.659612 2.741006 
3130 1.000000 0.400000 0.226057 -3.065735 1.568937 -1.836698 2.791722 
3140 1.000000 0.400000 0.222245 -3.123430 1.507555 -2.025348 2.814803 
3150 1.000000 0.400000 0.217062 -3.175722 1.441144 -2.185843 2.840169 
3160 1.000000 0.400000 0.210623 -3.222096 1.370146 -2.369076 2.834029 
3170 1.000000 0.400000 0.203117 -3.263000 1.293661 -2.546010 2.815499 
3180 1.000000 0.400000 0.194743 -3.296945 1.212803 -2.741343 2.789625 
3190 1.000000 0.400000 0.185860 -3.322402 1.129319 -2.910326 2.747578 
3200 1.000000 0.400000 0.177196 -3.340693 1.042449 -3.087401 2.683690 
3210 1.000000 0.400000 0.169253 -3.349805 0.955456 -3.262255 2.648724 
3220 1.000000 0.400000 0.162591 -3.349842 0.870613 -3.441432 2.583711 
3230 1.000000 0.400000 0.157387 -3.341328 0.790568 -3.627571 2.547403 
3240 1.000000 0.400000 0.153391 -3.325423 0.716085 -3.805364 2.489282 
3250 1.000000 0.400000 0.150215 -3.302936 0.646918 -3.977802 2.405506 
3260 1.000000 0.400000 0.147489 -3.274785 0.583323 -4.143006 2.308195 
3270 1.000000 0.400000 0.144976 -3.241862 0.525307 -4.288691 2.184958 
3280 1.000000 0.400000 0.142472 -3.204108 0.471431 -4.419615 2.042077 
3290 1.000000 0.400000 0.139881 -3.161563 0.421263 -4.497871 1.862134 
3300 1.000000 0.400000 0.137227 -3.114945 0.375640 -4.600045 1.700790 
3310 1.000000 0.400000 0.134592 -3.064749 0.334663 -4.666607 1.531210 
3320 1.000000 0.400000 0.132043 -3.010813 0.297745 -4.668982 1.339690 
3330 1.000000 0.400000 0.129711 -2.952151 0.264485 -4.678576 1.147575 
3340 1.000000 0.400000 0.127817 -2.890378 0.236615 -4.698167 0.956155 
3350 1.000000 0.400000 0.126583 -2.827225 0.214988 -4.710156 0.768717 
3360 1.000000 0.400000 0.126155 -2.762300 0.198792 -4.685598 0.585523 
3370 1.000000 0.400000 0.126554 -2.696983 0.188898 -4.662831 0.405451 
3380 1.000000 0.400000 0.127739 -2.632323 0.184676 -4.627876 0.237278 
3390 1.000000 0.400000 0.129594 -2.567958 0.186038 -4.553447 0.058710 
3400 1.000000 0.400000 0.131888 -2.503965 0.193284 -4.475954 -0.119898 
3410 1.000000 0.400000 0.134365 -2.442551 0.206250 -4.410897 -0.304389 
3420 1.000000 0.400000 0.136857 -2.382811 0.224423 -4.286966 -0.440128 
3430 1.000000 0.400000 0.139194 -2.325815 0.247441 -4.198002 -0.605503 
3440 1.000000 0.400000 0.141220 -2.271532 0.275022 -4.060428 -0.725633 
3450 1.000000 0.400000 0.143057 -2.217816 0.307592 -3.882437 -0.795745 
3460 1.000000 0.400000 0.144509 -2.165940 0.345353 -3.721630 -0.890994 
3470 1.000000 0.400000 0.145510 -2.116393 0.388459 -3.533599 -0.950426 
3480 1.000000 0.400000 0.146071 -2.069755 0.436179 -3.370031 -0.995866 
3490 1.000000 0.400000 0.146318 -2.025177 0.489636 -3.172459 -1.008361 
3500 1.000000 0.400000 0.146220 -1.984176 0.548483 -2.985092 -1.021162 
3510 1.000000 0.400000 0.145948 -1.947160 0.612505 -2.803834 -0.988722 
3520 1.000000 0.400000 0.145814 -1.914660 0.680756 -2.623777 -1.012282 
3530 1.000000 0.400000 0.145955 -1.887986 0.752385 -2.439243 -0.963264 
3540 1.000000 0.400000 0.146825 -1.865994 0.828938 -2.287061 -0.856088 
3550 1.000000 0.400000 0.148656 -1.850003 0.909118 -2.107969 -0.800956 
3560 1.000000 0.400000 0.151496 -1.841136 0.992845 -1.947865 -0.693432 
3570 1.000000 0.400000 0.155282 -1.840152 1.078557 -1.769597 -0.608195 
3580 1.000000 0.400000 0.159786 -1.847332 1.165540 -1.622146 -0.491902 
3590 1.000000 0.400000 0.164797 -1.862648 1.253549 -1.493791 -0.353991 
3600 1.000000 0.400000 0.169547 -1.885941 1.338662 -1.374333 -0.228898 
3610 1.000000 0.400000 0.173782 -1.917017 1.420983 -1.234107 -0.121551 
3620 1.000000 0.400000 0.177021 -1.955263 1.498541 -1.143846 0.030477 
3630 1.000000 0.400000 0.179459 -2.000943 1.573557 -1.071017 0.203705 
3640 1.000000 0.400000 0.181266 -2.054528 1.647255 -1.041589 0.388350 
3650 1.000000 0.400000 0.182417 -2.116294 1.719043 -1.029322 0.576291 
3660 1.000000 0.400000 0.182615 -2.186319 1.786823 -1.006348 0.765855 
3670 1.000000 0.400000 0.182118 -2.264375 1.850223 -1.052259 0.957004 
3680 1.000000 0.400000 0.181585 -2.351396 1.910322 -1.116868 1.135702 
3690 1.000000 0.400000 0.181656 -2.444749 1.965332 -1.184684 1.289861 
3700 1.000000 0.400000 0.183074 -2.545473 2.014812 -1.266393 1.456710 
3710 1.000000 0.400000 0.186842 -2.653253 2.057262 -1.347817 1.634888 
3720 1.000000 0.400000 0.192669 -2.763805 2.087381 -1.383472 1.814281 
3730 1.000000 0.400000 0.199556 -2.871731 2.103087 -1.404743 2.007521 
3740 1.000000 0.400000 0.207049 -2.971154 2.105079 -1.400719 2.178352 
3750 1.000000 0.400000 0.214105 -3.062400 2.096192 -1.446655 2.363655 
3760 1.000000 0.400000 0.219770 -3.146394 2.078288 -1.487034 2.543368 
3770 1.000000 0.400000 0.223875 -3.223782 2.052867 -1.599706 2.702302 
3780 1.000000 0.400000 0.226433 -3.296444 2.020132 -1.721539 2.848885 
3790 1.000000 0.400000 0.227364 -3.364719 1.980621 -1.885965 2.946099 
3800 1.000000 0.400000 0.226799 -3.429795 1.934287 -2.050894 3.030651 
3810 1.000000 0.400000 0.224629 -3.490265 1.882059 -2.221737 3.120221 
3820 1.000000 0.400000 0.220828 -3.546267 1.823601 -2.403063 3.142615 
3830 1.000000 0.400000 0.215719 -3.598086 1.759405 -2.580908 3.146099 
3840 1.000000 0.400000 0.209497 -3.645854 1.689322 -2.761979 3.133327 
3850 1.000000 0.400000 0.202133 -3.688209 1.613470 -2.952263 3.117231 
3860 1.000000 0.400000 0.193798 -3.722459 1.534345 -3.135847 3.124758 
3870 1.000000 0.400000 0.185083 -3.749408 1.452084 -3.313149 3.081558 
3880 1.000000 0.400000 0.176438 -3.768613 1.367166 -3.481026 3.014906 
3890 1.000000 0.400000 0.168582 -3.779615 1.281997 -3.657059 3.011959 
3900 1.000000 0.400000 0.161919 -3.781319 1.200710 -3.841941 2.961429 
3910 1.000000 0.400000 0.156551 -3.775281 1.120929 -4.003231 2.884587 
3920 1.000000 0.400000 0.152427 -3.761564 1.045967 -4.193686 2.849945 
3930 1.000000 0.400000 0.149277 -3.741563 0.976762 -4.361325 2.789948 
3940 1.000000 0.400000 0.146790 -3.716665 0.912838 -4.506961 2.688831 
3950 1.000000 0.400000 0.144606 -3.686813 0.853239 -4.639019 2.572049 
3960 1.000000 0.400000 0.142577 -3.652568 0.797720 -4.772802 2.439808 
3970 1.000000 0.400000 0.140455 -3.613639 0.746173 -4.887764 2.281819 
3980 1.000000 0.400000 0.138242 -3.571128 0.699707 -4.999447 2.135126 
3990 1.000000 0.400000 0.135978 -3.525337 0.657844 -5.075507 1.964487 
4000 1.000000 0.400000 0.133675 -3.475593 0.619403 -5.113238 1.786056 
4010 1.000000 0.400000 0.131448 -3.422062 0.584958 -5.138728 1.593528 
4020 1.000000 0.400000 0.129427 -3.364055 0.553916 -5.111775 1.412935 
4030 1.000000 0.400000 0.127809 -3.301853 0.526963 -5.110486 1.216618 
4040 1.000000 0.400000 0.126813 -3.237520 0.506006 -5.093742 1.027007 
4050 1.000000 0.400000 0.126632 -3.171506 0.490986 -5.090740 0.843592 
4060 1.000000 0.400000 0.127287 -3.106458 0.482302 -5.077221 0.658362 
4070 1.000000 0.400000 0.128726 -3.040295 0.479447 -4.996236 0.477842 
4080 1.000000 0.400000 0.130808 -2.974245 0.482609 -4.946545 0.296010 
4090 1.000000 0.400000 0.133225 -2.910182 0.491792 -4.875732 0.115457 
4100 1.000000 0.400000 0.135706 -2.849454 0.506431 -4.789895 -0.038292 
4110 1.000000 0.400000 0.138117 -2.791024 0.525958 -4.727547 -0.210155 
4120 1.000000 0.400000 0.140278 -2.735769 0.549841 -4.587047 -0.348754 
4130 1.000000 0.400000 0.142154 -2.682076 0.578843 -4.433060 -0.467111 
4140 1.000000 0.400000 0.143640 -2.629851 0.613101 -4.265446 -0.558195 
4150 1.000000 0.400000 0.144694 -2.579666 0.652534 -4.093750 -0.647927 
4160 1.000000 0.400000 0.145258 -2.532633 0.696573 -3.915313 -0.714589 
4170 1.000000 0.400000 0.145385 -2.488245 0.745811 -3.729923 -0.742207 
4180 1.000000 0.400000 0.145141 -2.446929 0.799914 -3.551672 -0.770342 
4190 1.000000 0.400000 0.144646 -2.408904 0.859092 -3.357722 -0.767479 
4200 1.000000 0.400000 0.144210 -2.373477 0.924246 -3.183613 -0.701710 
4210 1.000000 0.400000 0.144038 -2.342105 0.994623 -2.996302 -0.682357 
4220 1.000000 0.400000 0.144395 -2.315640 1.069990 -2.833128 -0.584780 
4230 1.000000 0.400000 0.145655 -2.294728 1.150293 -2.644802 -0.555262 
4240 1.000000 0.400000 0.147840 -2.281330 1.232703 -2.478652 -0.461672 
4250 1.000000 0.400000 0.151085 -2.275394 1.318087 -2.316749 -0.357222 
4260 1.000000 0.400000 0.155414 -2.277068 1.406141 -2.167523 -0.242783 
4270 1.000000 0.400000 0.160422 -2.287339 1.495351 -2.005478 -0.131989 
4280 1.000000 0.400000 0.165377 -2.306740 1.582779 -1.865002 -0.006203 
4290 1.000000 0.400000 0.170003 -2.334861 1.668251 -1.735486 0.134499 
4300 1.000000 0.400000 0.173722 -2.370618 1.748839 -1.618508 0.259151 
4310 1.000000 0.400000 0.176753 -2.414077 1.827300 -1.550055 0.435204 
4320 1.000000 0.400000 0.179154 -2.465655 1.904256 -1.509896 0.619256 
4330 1.000000 0.400000 0.180771 -2.525274 1.978581 -1.483191 0.798742 
4340 1.000000 0.400000 0.181671 -2.592503 2.049414 -1.471674 0.985747 
4350 1.000000 0.400000 0.181772 -2.668224 2.116057 -1.499186 1.171920 
4360 1.000000 0.400000 0.181612 -2.752411 2.178765 -1.540692 1.360989 
4370 1.000000 0.400000 0.181297 -2.843747 2.234886 -1.565588 1.530006 
4380 1.000000 0.400000 0.182094 -2.941377 2.285552 -1.664749 1.687887 
4390 1.000000 0.400000 0.184469 -3.044399 2.328448 -1.717133 1.852195 
4400 1.000000 0.400000 0.188988 -3.151229 2.361675 -1.780017 2.015357 
4410 1.000000 0.400000 0.195526 -3.259374 2.383550 -1.817322 2.201261 
4420 1.000000 0.400000 0.202864 -3.361480 2.391220 -1.813749 2.394271 
4430 1.000000 0.400000 0.209711 -3.453657 2.386426 -1.808757 2.582957 
4440 1.000000 0.400000 0.215696 -3.539219 2.372389 -1.882682 2.754804 
4450 1.000000 0.400000 0.220284 -3.617828 2.351024 -1.930191 2.911711 
4460 1.000000 0.400000 0.223884 -3.692199 2.323493 -2.057030 3.043529 
4470 1.000000 0.400000 0.226193 -3.762889 2.289466 -2.200761 3.147409 
4480 1.000000 0.400000 0.227067 -3.829263 2.249563 -2.331721 3.274188 
4490 1.000000 0.400000 0.226488 -3.891928 2.203669 -2.503229 3.354378 
4500 1.000000 0.400000 0.224284 -3.950083 2.151996 -2.678753 3.411236 
4510 1.000000 0.400000 0.220675 -4.004994 2.093901 -2.859178 3.452814 
4520 1.000000 0.400000 0.215532 -4.054306 2.030747 -3.048769 3.483693 
4530 1.000000 0.400000 0.208950 -4.098292 1.961983 -3.244566 3.479121 
4540 1.000000 0.400000 0.201336 -4.136223 1.889013 -3.412722 3.462225 
4550 1.000000 0.400000 0.192937 -4.167782 1.811888 -3.603390 3.437540 
4560 1.000000 0.400000 0.184062 -4.192822 1.730252 -3.780714 3.393976 
4570 1.000000 0.400000 0.175279 -4.209679 1.646777 -3.968657 3.343771 
4580 1.000000 0.400000 0.167288 -4.218513 1.563299 -4.132164 3.292843 
4590 1.000000 0.400000 0.160319 -4.218495 1.480855 -4.319710 3.229571 
4600 1.000000 0.400000 0.154748 -4.210177 1.402889 -4.500213 3.198918 
4610 1.000000 0.400000 0.150400 -4.194621 1.329019 -4.658041 3.107675 
4620 1.000000 0.400000 0.147188 -4.173830 1.260762 -4.820364 3.065452 
4630 1.000000 0.400000 0.144642 -4.147911 1.197714 -4.963001 2.960222 
4640 1.000000 0.400000 0.142439 -4.117221 1.139114 -5.120335 2.847558 
4650 1.000000 0.400000 0.140333 -4.081782 1.084627 -5.251666 2.716765 
4660 1.000000 0.400000 0.138278 -4.042624 1.034611 -5.329255 2.564225 
4670 1.000000 0.400000 0.136225 -3.999542 0.988143 -5.420613 2.398928 
4680 1.000000 0.400000 0.134119 -3.952437 0.945589 -5.489498 2.222994 
4690 1.000000 0.400000 0.132078 -3.902083 0.907296 -5.541545 2.064478 
4700 1.000000 0.400000 0.130182 -3.848909 0.873424 -5.579857 1.881094 
4710 1.000000 0.400000 0.128535 -3.792171 0.843495 -5.567986 1.700832 
4720 1.000000 0.400000 0.127275 -3.731164 0.817359 -5.547027 1.521690 
4730 1.000000 0.400000 0.126654 -3.668064 0.796467 -5.564482 1.331557 
4740 1.000000 0.400000 0.126760 -3.604141 0.781849 -5.534492 1.139213 
4750 1.000000 0.400000 0.127633 -3.538773 0.772706 -5.489799 0.968062 
4760 1.000000 0.400000 0.129224 -3.473422 0.769251 -5.447239 0.801469 
4770 1.000000 0.400000 0.131402 -3.408512 0.771436 -5.394778 0.611678 
4780 1.000000 0.400000 0.133923 -3.344428 0.779553 -5.311225 0.447009 
4790 1.000000 0.400000 0.136640 -3.281522 0.793202 -5.199779 0.294442 
4800 1.000000 0.400000 0.139313 -3.220238 0.812440 -5.096519 0.128304 
4810 1.000000 0.400000 0.141783 -3.160719 0.837306 -4.948722 0.013765 
4820 1.000000 0.400000 0.144008 -3.102540 0.867294 -4.827880 -0.121912 
4830 1.000000 0.400000 0.145821 -3.046964 0.902328 -4.650527 -0.195196 
4840 1.000000 0.400000 0.147222 -2.992552 0.943358 -4.476258 -0.282562 
4850 1.000000 0.400000 0.148042 -2.941400 0.989692 -4.298038 -0.323731 
4860 1.000000 0.400000 0.148573 -2.892253 1.041378 -4.128085 -0.372444 
4870 1.000000 0.400000 0.148593 -2.847352 1.097758 -3.943666 -0.425282 
4880 1.000000 0.400000 0.148114 -2.808228 1.158013 -3.750533 -0.451750 
4890 1.000000 0.400000 0.147392 -2.773979 1.222805 -3.566490 -0.436735 
4900 1.000000 0.400000 0.146903 -2.743230 1.293290 -3.392020 -0.380062 
4910 1.000000 0.400000 0.147001 -2.716416 1.369355 -3.218336 -0.296635 
4920 1.000000 0.400000 0.147740 -2.696669 1.447800 -3.039073 -0.265117 
4930 1.000000 0.400000 0.149402 -2.683758 1.529645 -2.887597 -0.165914 
4940 1.000000 0.400000 0.152286 -2.677195 1.614459 -2.732563 -0.078673 
4950 1.000000 0.400000 0.156379 -2.677314 1.701662 -2.600726 0.034615 
4960 1.000000 0.400000 0.161397 -2.684254 1.789814 -2.471341 0.139610 
4970 1.000000 0.400000 0.166642 -2.699523 1.877346 -2.325922 0.264584 
4980 1.000000 0.400000 0.171743 -2.723140 1.963461 -2.227157 0.409772 
4990 1.000000 0.400000 0.176649 -2.754697 2.048807 -2.124495 0.560798 
5000 1.000000 0.400000 0.180993 -2.794638 2.132640 -2.021189 0.715462 
5010 1.000000 0.400000 0.184529 -2.842750 2.213782 -1.959071 0.893270 
5020 1.000000 0.400000 0.187019 -2.899663 2.291710 -1.913861 1.080307 
5030 1.000000 0.400000 0.188417 -2.964946 2.365530 -1.883731 1.269126 
5040 1.000000 0.400000 0.189103 -3.038601 2.436055 -1.891061 1.455577 
5050 1.000000 0.400000 0.188848 -3.120418 2.500850 -1.930726 1.638379 
5060 1.000000 0.400000 0.188874 -3.210205 2.562100 -1.980608 1.813016 
5070 1.000000 0.400000 0.189030 -3.306794 2.615933 -2.027599 1.999504 
5080 1.000000 0.400000 0.190841 -3.410586 2.663552 -2.125257 2.154508 
5090 1.000000 0.400000 0.194550 -3.518948 2.700982 -2.194515 2.321378 
5100 1.000000 0.400000 0.200848 -3.629844 2.727176 -2.233159 2.506640 
5110 1.000000 0.400000 0.207668 -3.733249 2.738373 -2.207792 2.694921 
5120 1.000000 0.400000 0.214408 -3.826875 2.736538 -2.183702 2.885623 
5130 1.000000 0.400000 0.220103 -3.911019 2.724997 -2.214298 3.074571 
5140 1.000000 0.400000 0.224249 -3.988918 2.705378 -2.299144 3.248968 
5150 1.000000 0.400000 0.227269 -4.062610 2.678410 -2.415153 3.395967 
5160 1.000000 0.400000 0.228890 -4.131702 2.645092 -2.545528 3.528380 
5170 1.000000 0.400000 0.228935 -4.196467 2.605647 -2.695944 3.640679 
5180 1.000000 0.400000 0.227299 -4.255648 2.561176 -2.838473 3.761201 
5190 1.000000 0.400000 0.224290 -4.311952 2.510675 -3.018500 3.791737 
5200 1.000000 0.400000 0.219918 -4.364520 2.454499 -3.207835 3.834138 
5210 1.000000 0.400000 0.214103 -4.413264 2.391988 -3.401704 3.854402 
5220 1.000000 0.400000 0.206951 -4.455605 2.325304 -3.584135 3.873099 
5230 1.000000 0.400000 0.198670 -4.492894 2.252990 -3.775413 3.838576 
5240 1.000000 0.400000 0.189503 -4.523759 2.175909 -3.960327 3.797249 
5250 1.000000 0.400000 0.179956 -4.548041 2.094764 -4.146971 3.759265 
5260 1.000000 0.400000 0.170553 -4.565264 2.010480 -4.309799 3.707611 
5270 1.000000 0.400000 0.161977 -4.574339 1.926321 -4.484284 3.649315 
5280 1.000000 0.400000 0.154494 -4.574603 1.843035 -4.656790 3.571204 
5290 1.000000 0.400000 0.148460 -4.566729 1.761668 -4.829294 3.515874 
5300 1.000000 0.400000 0.143993 -4.551432 1.685449 -5.003909 3.466000 
5310 1.000000 0.400000 0.140767 -4.530002 1.615501 -5.171733 3.397576 
5320 1.000000 0.400000 0.138378 -4.503472 1.552081 -5.335433 3.301469 
5330 1.000000 0.400000 0.136453 -4.471900 1.492455 -5.460489 3.175349 
5340 1.000000 0.400000 0.134803 -4.435908 1.437506 -5.591148 3.040442 
5350 1.000000 0.400000 0.133261 -4.395892 1.387247 -5.701504 2.894373 
5360 1.000000 0.400000 0.131769 -4.351727 1.341158 -5.801618 2.725206 
5370 1.000000 0.400000 0.130315 -4.303790 1.299761 -5.863853 2.544431 
5380 1.000000 0.400000 0.128981 -4.252121 1.262553 -5.934432 2.367535 
5390 1.000000 0.400000 0.127886 -4.198042 1.230520 -5.968804 2.187683 
5400 1.000000 0.400000 0.127179 -4.140982 1.203003 -5.985715 1.996411 
5410 1.000000 0.400000 0.126959 -4.080779 1.180123 -5.948902 1.813159 
5420 1.000000 0.400000 0.127383 -4.017888 1.161830 -5.938626 1.638218 
5430 1.000000 0.400000 0.128513 -3.954086 1.149108 -5.932213 1.457261 
5440 1.000000 0.400000 0.130178 -3.892890 1.142632 -5.939246 1.271051 
5450 1.000000 0.400000 0.132298 -3.831775 1.141384 -5.863240 1.103554 
5460 1.000000 0.400000 0.134787 -3.770210 1.145247 -5.789558 0.933474 
5470 1.000000 0.400000 0.137579 -3.707810 1.154443 -5.678235 0.779309 
5480 1.000000 0.400000 0.140368 -3.646494 1.169146 -5.585020 0.610895 
5490 1.000000 0.400000 0.142906 -3.587880 1.188983 -5.479045 0.456860 
5500 1.000000 0.400000 0.145192 -3.530371 1.214220 -5.337092 0.323981 
5510 1.000000 0.400000 0.147138 -3.474914 1.244045 -5.207811 0.217268 
5520 1.000000 0.400000 0.148579 -3.422148 1.278453 -5.058203 0.111547 
5530 1.000000 0.400000 0.149491 -3.371815 1.317850 -4.884360 0.019273 
5540 1.000000 0.400000 0.149889 -3.323317 1.362654 -4.701280 -0.013789 
5550 1.000000 0.400000 0.149898 -3.276579 1.412905 -4.520348 -0.026034 
5560 1.000000 0.400000 0.149587 -3.232208 1.468554 -4.334313 -0.043937 
5570 1.000000 0.400000 0.148909 -3.191977 1.528890 -4.160612 -0.031266 
5580 1.000000 0.400000 0.148198 -3.154344 1.595428 -3.971675 0.004116 
5590 1.000000 0.400000 0.147532 -3.122054 1.666468 -3.782294 0.019954 
5600 1.000000 0.400000 0.147284 -3.095128 1.742559 -3.601939 0.075937 
5610 1.000000 0.400000 0.147929 -3.073613 1.823101 -3.445177 0.148969 
5620 1.000000 0.400000 0.149605 -3.059245 1.906524 -3.260080 0.216268 
5630 1.000000 0.400000 0.152352 -3.052946 1.992480 -3.102018 0.326931 
5640 1.000000 0.400000 0.156511 -3.053712 2.082721 -2.966583 0.462803 
5650 1.000000 0.400000 0.161834 -3.062122 2.174937 -2.829981 0.570576 
5660 1.000000 0.400000 0.166944 -3.079298 2.262519 -2.686419 0.646729 
5670 1.000000 0.400000 0.172103 -3.104091 2.349383 -2.572195 0.802664 
5680 1.000000 0.400000 0.176728 -3.137446 2.434170 -2.468255 0.958909 
5690 1.000000 0.400000 0.180513 -3.179499 2.516349 -2.374058 1.123696 
5700 1.000000 0.400000 0.183568 -3.229834 2.596539 -2.330699 1.306690 
5710 1.000000 0.400000 0.186095 -3.288386 2.675174 -2.296847 1.480224 
5720 1.000000 0.400000 0.187354 -3.354771 2.748457 -2.272777 1.666752 
5730 1.000000 0.400000 0.187695 -3.429563 2.817353 -2.258913 1.857473 
5740 1.000000 0.400000 0.187131 -3.512579 2.880404 -2.290998 2.050393 
5750 1.000000 0.400000 0.186526 -3.604070 2.938608 -2.353334 2.233882 
5760 1.000000 0.400000 0.186588 -3.703633 2.990590 -2.434683 2.409553 
5770 1.000000 0.400000 0.188342 -3.810705 3.034905 -2.521409 2.585389 
5780 1.000000 0.400000 0.192567 -3.923100 3.068477 -2.586424 2.764631 
5790 1.000000 0.400000 0.198755 -4.034619 3.088436 -2.596180 2.935544 
5800 1.000000 0.400000 0.205476 -4.133580 3.094560 -2.541673 3.115791 
5810 1.000000 0.400000 0.211670 -4.219422 3.091235 -2.477962 3.162227 
5820 1.000000 0.400000 0.219384 -4.295044 3.093107 -2.437506 2.981413 
5830 1.000000 0.400000 0.228094 -4.364862 3.101889 -2.500120 2.806139 
5840 1.000000 0.400000 0.237138 -4.431997 3.116773 -2.572682 2.636370 
5850 1.000000 0.400000 0.246266 -4.496605 3.137278 -2.674580 2.474970 
5860 1.000000 0.400000 0.254795 -4.557836 3.162685 -2.785013 2.337195 
5870 1.000000 0.400000 0.262159 -4.614353 3.192427 -2.894093 2.182401 
5880 1.000000 0.400000 0.268259 -4.666633 3.226420 -3.042483 2.056200 
5890 1.000000 0.400000 0.273346 -4.716161 3.264999 -3.196289 1.946843 
5900 1.000000 0.400000 0.277352 -4.762749 3.308023 -3.380600 1.919004 
5910 1.000000 0.400000 0.280489 -4.806867 3.355631 -3.557285 1.847027 
5920 1.000000 0.400000 0.282617 -4.847760 3.408041 -3.747537 1.835519 
5930 1.000000 0.400000 0.284206 -4.886161 3.465865 -3.935780 1.856105 
5940 1.000000 0.400000 0.285320 -4.920871 3.528452 -4.124334 1.860048 
5950 1.000000 0.400000 0.286704 -4.952638 3.596499 -4.293888 1.918729 
5960 1.000000 0.400000 0.288185 -4.978896 3.668482 -4.483517 1.948228 
5970 1.000000 0.400000 0.289919 -4.998481 3.743132 -4.672472 1.975863 
5980 1.000000 0.400000 0.292283 -5.011378 3.819841 -4.843542 2.033116 
5990 1.000000 0.400000 0.295443 -5.017451 3.898050 -5.006723 2.124218 
6000 1.000000 0.400000 0.299343 -5.016534 3.977429 -5.164585 2.223244 
