6000 0 -5.207835 3.919295 1.605074 -5.164585 2.223244
6000 1 -5.171860 3.882998 1.588632 -5.164585 2.223244
6000 2 -5.172898 3.948803 1.591867 -5.164585 2.223244
6000 3 -5.383142 3.710020 1.718460 -5.164585 2.223244
6000 4 -4.979777 4.011080 1.462415 -5.164585 2.223244
6000 5 -5.375235 3.745988 1.719937 -5.164585 2.223244
6000 6 -4.822035 4.139730 1.399335 -5.164585 2.223244
6000 7 -5.120543 3.960769 1.547076 -5.164585 2.223244
6000 8 -4.815129 4.172721 1.405433 -5.164585 2.223244
6000 9 -4.941473 4.034102 1.449632 -5.164585 2.223244
6000 10 -5.277658 3.789048 1.652507 -5.164585 2.223244
6000 11 -5.069024 3.914885 1.499987 -5.164585 2.223244
6000 12 -4.768326 4.163558 1.361636 -5.164585 2.223244
6000 13 -5.195749 3.852541 1.592593 -5.164585 2.223244
6000 14 -4.982050 4.040562 1.478937 -5.164585 2.223244
6000 15 -4.738678 4.109954 1.343422 -5.164585 2.223244
6000 16 -4.906468 4.084119 1.446121 -5.164585 2.223244
6000 17 -5.325763 3.777896 1.681058 -5.164585 2.223244
6000 18 -5.464908 3.632378 1.785158 -5.164585 2.223244
6000 19 -5.076668 3.998918 1.557395 -5.164585 2.223244
6000 20 -5.257742 3.841274 1.640276 -5.164585 2.223244
6000 21 -4.730821 4.142430 1.338945 -5.164585 2.223244
6000 22 -5.010298 3.994007 1.479578 -5.164585 2.223244
6000 23 -5.065124 4.027586 1.526881 -5.164585 2.223244
6000 24 -4.809102 4.051834 1.353116 -5.164585 2.223244
6000 25 -4.987131 4.073558 1.485655 -5.164585 2.223244
6000 26 -5.187743 3.817174 1.573423 -5.164585 2.223244
6000 27 -4.549915 4.260386 1.275038 -5.164585 2.223244
6000 28 -5.038012 3.960662 1.502007 -5.164585 2.223244
6000 29 -5.040004 3.886129 1.484775 -5.164585 2.223244
6000 30 -5.426323 3.715710 1.755054 -5.164585 2.223244
6000 31 -5.026756 3.912335 1.470248 -5.164585 2.223244
6000 32 -4.894938 4.001822 1.388647 -5.164585 2.223244
6000 33 -4.805944 4.106108 1.379107 -5.164585 2.223244
6000 34 -5.079467 3.874315 1.493304 -5.164585 2.223244
6000 35 -5.025857 4.016930 1.515616 -5.164585 2.223244
6000 36 -5.460137 3.671155 1.771970 -5.164585 2.223244
6000 37 -5.185272 3.787280 1.577632 -5.164585 2.223244
6000 38 -5.261420 3.813352 1.635060 -5.164585 2.223244
6000 39 -5.080067 3.956760 1.518361 -5.164585 2.223244
6000 40 -5.138016 3.935934 1.568578 -5.164585 2.223244
6000 41 -4.833269 4.076559 1.384799 -5.164585 2.223244
6000 42 -5.167362 3.911929 1.575049 -5.164585 2.223244
6000 43 -4.924027 4.128923 1.456337 -5.164585 2.223244
6000 44 -4.680704 4.151745 1.311390 -5.164585 2.223244
6000 45 -4.722542 4.202454 1.359708 -5.164585 2.223244
6000 46 -4.956055 3.976930 1.433585 -5.164585 2.223244
6000 47 -5.349282 3.691369 1.691426 -5.164585 2.223244
6000 48 -5.369994 3.779322 1.707685 -5.164585 2.223244
6000 49 -4.846776 4.116125 1.404168 -5.164585 2.223244
6000 50 -4.906620 4.028539 1.438364 -5.164585 2.223244
6000 51 -5.103047 3.895072 1.528135 -5.164585 2.223244
6000 52 -4.600354 4.282345 1.304369 -5.164585 2.223244
6000 53 -5.120051 3.990801 1.553349 -5.164585 2.223244
6000 54 -4.865472 4.087898 1.416976 -5.164585 2.223244
6000 55 -5.003556 3.968135 1.465964 -5.164585 2.223244
6000 56 -5.211945 3.887647 1.607685 -5.164585 2.223244
6000 57 -5.265999 3.875507 1.649361 -5.164585 2.223244
6000 58 -5.318251 3.809224 1.679246 -5.164585 2.223244
6000 59 -4.897717 4.056434 1.418761 -5.164585 2.223244
6000 60 -4.660074 4.265432 1.349867 -5.164585 2.223244
6000 61 -4.944672 4.003027 1.432999 -5.164585 2.223244
6000 62 -5.306490 3.721505 1.653148 -5.164585 2.223244
6000 63 -5.107997 3.853094 1.523192 -5.164585 2.223244
6000 64 -4.863581 4.048659 1.405287 -5.164585 2.223244
6000 65 -4.972057 3.954141 1.452827 -5.164585 2.223244
6000 66 -4.631252 4.235400 1.302462 -5.164585 2.223244
6000 67 -5.252620 3.753151 1.627434 -5.164585 2.223244
6000 68 -5.134872 3.825057 1.537319 -5.164585 2.223244
6000 69 -4.866946 4.151401 1.424925 -5.164585 2.223244
6000 70 -5.221622 3.825746 1.614701 -5.164585 2.223244
6000 71 -4.516573 4.329047 1.276231 -5.164585 2.223244
6000 72 -4.775767 4.083966 1.354866 -5.164585 2.223244
6000 73 -4.713584 4.234667 1.358912 -5.164585 2.223244
6000 74 -4.984986 3.927054 1.457082 -5.164585 2.223244
6000 75 -5.139405 3.872374 1.542429 -5.164585 2.223244
6000 76 -4.718788 4.172101 1.331162 -5.164585 2.223244
6000 77 -4.587000 4.227196 1.278051 -5.164585 2.223244
6000 78 -4.537530 4.296248 1.284757 -5.164585 2.223244
6000 79 -4.889653 4.113779 1.426086 -5.164585 2.223244
6000 80 -5.294598 3.759667 1.656295 -5.164585 2.223244
6000 81 -5.407886 3.673869 1.741783 -5.164585 2.223244
6000 82 -5.056206 3.979390 1.512234 -5.164585 2.223244
6000 83 -4.774983 4.198805 1.389931 -5.164585 2.223244
6000 84 -5.233275 3.785497 1.604518 -5.164585 2.223244
6000 85 -5.301462 3.840406 1.658876 -5.164585 2.223244
6000 86 -4.848791 4.018891 1.380669 -5.164585 2.223244
6000 87 -5.096416 3.932125 1.542814 -5.164585 2.223244
6000 88 -5.129189 3.908493 1.555170 -5.164585 2.223244
6000 89 -5.023912 4.048523 1.509900 -5.164585 2.223244
6000 90 -4.669078 4.217727 1.348341 -5.164585 2.223244
6000 91 -4.944494 4.063283 1.455356 -5.164585 2.223244
6000 92 -5.337486 3.739480 1.686705 -5.164585 2.223244
6000 93 -4.945493 4.095599 1.472722 -5.164585 2.223244
6000 94 -5.162040 3.846416 1.568777 -5.164585 2.223244
6000 95 -5.229659 3.861906 1.614062 -5.164585 2.223244
6000 96 -4.779127 4.131153 1.368982 -5.164585 2.223244
6000 97 -4.656309 4.183870 1.294902 -5.164585 2.223244
6000 98 -5.028841 3.937647 1.476392 -5.164585 2.223244
6000 99 -4.910388 3.974076 1.418751 -5.164585 2.223244
