10 1.000000 0.400000 0.802429 -0.021969 0.047626 0.067374 -1.835878 
20 1.000000 0.400000 0.797977 -0.022579 0.075844 0.068782 -1.650096 
30 1.000000 0.400000 0.797646 -0.023614 0.109109 0.075697 -1.457426 
40 1.000000 0.400000 0.801802 -0.025571 0.142331 0.202143 -1.515139 
50 1.000000 0.400000 0.806815 -0.028506 0.168795 0.357231 -1.594589 
60 1.000000 0.400000 0.811478 -0.032197 0.190801 0.532152 -1.641873 
70 1.000000 0.400000 0.815670 -0.036854 0.210706 0.705885 -1.589655 
80 1.000000 0.400000 0.819077 -0.042504 0.229056 0.899001 -1.587941 
90 1.000000 0.400000 0.821157 -0.048973 0.245744 1.067168 -1.522715 
100 1.000000 0.400000 0.821996 -0.056708 0.262002 1.225776 -1.417776 
110 1.000000 0.400000 0.821396 -0.065824 0.277960 1.331344 -1.265770 
120 1.000000 0.400000 0.819046 -0.076852 0.294234 1.429114 -1.100048 
130 1.000000 0.400000 0.814671 -0.090357 0.311084 1.484967 -0.911935 
140 1.000000 0.400000 0.807953 -0.106686 0.328322 1.513776 -0.722094 
150 1.000000 0.400000 0.798604 -0.126233 0.345694 1.539993 -0.528577 
160 1.000000 0.400000 0.786553 -0.149088 0.362451 1.549988 -0.340947 
170 1.000000 0.400000 0.772482 -0.175401 0.378172 1.516887 -0.151273 
180 1.000000 0.400000 0.757203 -0.206069 0.393084 1.443187 0.025688 
190 1.000000 0.400000 0.741270 -0.240663 0.405782 1.402206 0.214623 
200 1.000000 0.400000 0.725633 -0.278438 0.415270 1.311268 0.377929 
210 1.000000 0.400000 0.712023 -0.319200 0.421241 1.242106 0.558982 
220 1.000000 0.400000 0.701092 -0.361297 0.422695 1.164314 0.729518 
230 1.000000 0.400000 0.693219 -0.401572 0.419277 1.120695 0.913930 
240 1.000000 0.400000 0.687777 -0.438502 0.411592 1.069367 1.092433 
250 1.000000 0.400000 0.683683 -0.471830 0.400384 0.993129 1.260938 
260 1.000000 0.400000 0.679454 -0.500760 0.386654 0.935233 1.434883 
270 1.000000 0.400000 0.674190 -0.526754 0.370515 0.813608 1.570503 
280 1.000000 0.400000 0.667088 -0.550168 0.351915 0.664800 1.694525 
290 1.000000 0.400000 0.658217 -0.571949 0.330500 0.494716 1.750318 
300 1.000000 0.400000 0.646942 -0.591656 0.306096 0.306923 1.807291 
310 1.000000 0.400000 0.633991 -0.609600 0.278484 0.128136 1.800068 
320 1.000000 0.400000 0.619721 -0.625223 0.247778 -0.058082 1.811251 
330 1.000000 0.400000 0.604384 -0.637469 0.214745 -0.252921 1.807378 
340 1.000000 0.400000 0.589147 -0.646243 0.179671 -0.438269 1.795650 
350 1.000000 0.400000 0.575056 -0.651342 0.142704 -0.598834 1.705818 
360 1.000000 0.400000 0.563527 -0.652624 0.106292 -0.767424 1.719165 
370 1.000000 0.400000 0.554754 -0.650233 0.070176 -0.932779 1.620437 
380 1.000000 0.400000 0.548548 -0.643996 0.035193 -1.121047 1.578374 
390 1.000000 0.400000 0.544156 -0.634386 0.002924 -1.289890 1.512317 
400 1.000000 0.400000 0.540618 -0.621767 -0.026985 -1.449385 1.422646 
410 1.000000 0.400000 0.537203 -0.607050 -0.053829 -1.610464 1.354495 
420 1.000000 0.400000 0.533206 -0.590359 -0.077700 -1.739126 1.217309 
430 1.000000 0.400000 0.528385 -0.570904 -0.100152 -1.806287 1.063173 
440 1.000000 0.400000 0.523006 -0.548113 -0.122205 -1.887958 0.902256 
450 1.000000 0.400000 0.517009 -0.522952 -0.141797 -1.959010 0.725546 
460 1.000000 0.400000 0.510680 -0.495311 -0.158831 -2.003102 0.537356 
470 1.000000 0.400000 0.504528 -0.465785 -0.172707 -2.054163 0.355795 
480 1.000000 0.400000 0.499301 -0.435558 -0.183473 -2.059266 0.190366 
490 1.000000 0.400000 0.495037 -0.403920 -0.191014 -2.050422 -0.000845 
500 1.000000 0.400000 0.491969 -0.373295 -0.194952 -2.075423 -0.176685 
510 1.000000 0.400000 0.489920 -0.343413 -0.195679 -2.079505 -0.363811 
520 1.000000 0.400000 0.488555 -0.315525 -0.193548 -2.066950 -0.543261 
530 1.000000 0.400000 0.487516 -0.289098 -0.188861 -2.031160 -0.711724 
540 1.000000 0.400000 0.486166 -0.264688 -0.181901 -1.978677 -0.900831 
550 1.000000 0.400000 0.483802 -0.242263 -0.172874 -1.915244 -1.081478 
560 1.000000 0.400000 0.480299 -0.220479 -0.161525 -1.771170 -1.195927 
570 1.000000 0.400000 0.475299 -0.198659 -0.147378 -1.614553 -1.294319 
580 1.000000 0.400000 0.468315 -0.177671 -0.130699 -1.466943 -1.379760 
590 1.000000 0.400000 0.459184 -0.156580 -0.110528 -1.293011 -1.442019 
600 1.000000 0.400000 0.447264 -0.136575 -0.086873 -1.103951 -1.475932 
610 1.000000 0.400000 0.432728 -0.117491 -0.058978 -0.917716 -1.477184 
620 1.000000 0.400000 0.416224 -0.099505 -0.026140 -0.730778 -1.431760 
630 1.000000 0.400000 0.398736 -0.082787 0.012964 -0.551071 -1.363913 
640 1.000000 0.400000 0.382629 -0.067468 0.059222 -0.399687 -1.253696 
650 1.000000 0.400000 0.370385 -0.055601 0.112343 -0.228568 -1.162291 
660 1.000000 0.400000 0.364248 -0.050367 0.167776 -0.053485 -1.113724 
670 1.000000 0.400000 0.364169 -0.052119 0.225389 0.109252 -1.028818 
680 1.000000 0.400000 0.367792 -0.061629 0.280731 0.292637 -0.965697 
690 1.000000 0.400000 0.372318 -0.076812 0.331239 0.436453 -0.910759 
700 1.000000 0.400000 0.375183 -0.096121 0.374529 0.606284 -0.832771 
710 1.000000 0.400000 0.376651 -0.120881 0.416315 0.689315 -0.664210 
720 1.000000 0.400000 0.375949 -0.151636 0.456365 0.760385 -0.497737 
730 1.000000 0.400000 0.372742 -0.188770 0.494611 0.818460 -0.314339 
740 1.000000 0.400000 0.366836 -0.232884 0.530470 0.825472 -0.127067 
750 1.000000 0.400000 0.358584 -0.284106 0.563037 0.814179 0.056024 
760 1.000000 0.400000 0.348829 -0.341720 0.590608 0.798526 0.239478 
770 1.000000 0.400000 0.338724 -0.404713 0.611296 0.725986 0.419417 
780 1.000000 0.400000 0.331539 -0.472673 0.624766 0.689489 0.590389 
790 1.000000 0.400000 0.328087 -0.540924 0.627974 0.606234 0.757911 
800 1.000000 0.400000 0.326967 -0.605191 0.620895 0.597086 0.952540 
810 1.000000 0.400000 0.325228 -0.660720 0.605452 0.523133 1.108735 
820 1.000000 0.400000 0.322280 -0.712420 0.583356 0.405910 1.239269 
830 1.000000 0.400000 0.317122 -0.762194 0.553399 0.239406 1.345914 
840 1.000000 0.400000 0.308768 -0.808786 0.515200 0.058531 1.416991 
850 1.000000 0.400000 0.297095 -0.851210 0.469065 -0.118506 1.464400 
860 1.000000 0.400000 0.282387 -0.888173 0.415570 -0.312033 1.461350 
870 1.000000 0.400000 0.265148 -0.920629 0.352600 -0.497606 1.403295 
880 1.000000 0.400000 0.246717 -0.946552 0.280614 -0.667052 1.328298 
890 1.000000 0.400000 0.229617 -0.963781 0.201398 -0.837042 1.253043 
900 1.000000 0.400000 0.216564 -0.967565 0.123363 -1.030389 1.237877 
910 1.000000 0.400000 0.208864 -0.959936 0.058273 -1.202842 1.299771 
920 1.000000 0.400000 0.204689 -0.947479 0.008018 -1.372130 1.357206 
930 1.000000 0.400000 0.201891 -0.932465 -0.031807 -1.560786 1.340694 
940 1.000000 0.400000 0.199330 -0.914933 -0.064981 -1.721525 1.246025 
950 1.000000 0.400000 0.196528 -0.893915 -0.095065 -1.881784 1.132678 
960 1.000000 0.400000 0.193307 -0.869602 -0.122087 -1.982261 0.966113 
970 1.000000 0.400000 0.189550 -0.841351 -0.146786 -2.026242 0.793120 
980 1.000000 0.400000 0.185424 -0.809187 -0.169432 -2.093763 0.616533 
990 1.000000 0.400000 0.181051 -0.774283 -0.187991 -2.151931 0.430600 
1000 1.000000 0.400000 0.176653 -0.736475 -0.202382 -2.144274 0.244591 
1010 1.000000 0.400000 0.172721 -0.696806 -0.212545 -2.145393 0.064932 
1020 1.000000 0.400000 0.169440 -0.654133 -0.218272 -2.092911 -0.114042 
1030 1.000000 0.400000 0.167155 -0.611405 -0.218589 -2.061655 -0.301411 
1040 1.000000 0.400000 0.165820 -0.570330 -0.213647 -2.035743 -0.491428 
1050 1.000000 0.400000 0.165036 -0.531434 -0.203685 -1.951158 -0.666134 
1060 1.000000 0.400000 0.164489 -0.493610 -0.188754 -1.844326 -0.828864 
1070 1.000000 0.400000 0.163833 -0.458383 -0.169333 -1.732445 -0.981973 
1080 1.000000 0.400000 0.162904 -0.425566 -0.145826 -1.573556 -1.071876 
1090 1.000000 0.400000 0.161539 -0.393438 -0.116741 -1.389788 -1.128328 
1100 1.000000 0.400000 0.159675 -0.363148 -0.082198 -1.218105 -1.188185 
1110 1.000000 0.400000 0.157295 -0.336582 -0.042918 -1.032031 -1.210031 
1120 1.000000 0.400000 0.154733 -0.312262 0.003275 -0.854947 -1.193357 
1130 1.000000 0.400000 0.152432 -0.292485 0.055122 -0.665331 -1.156532 
1140 1.000000 0.400000 0.151012 -0.278274 0.113257 -0.493297 -1.089942 
1150 1.000000 0.400000 0.151139 -0.271258 0.175560 -0.319173 -1.030733 
1160 1.000000 0.400000 0.153087 -0.272089 0.240842 -0.166587 -0.935981 
1170 1.000000 0.400000 0.155832 -0.282357 0.304770 0.002137 -0.849652 
1180 1.000000 0.400000 0.158593 -0.302445 0.368195 0.127526 -0.711219 
1190 1.000000 0.400000 0.160865 -0.332372 0.431298 0.233665 -0.556948 
1200 1.000000 0.400000 0.162046 -0.372603 0.492917 0.271108 -0.375587 
1210 1.000000 0.400000 0.161877 -0.422996 0.551619 0.343363 -0.197997 
1220 1.000000 0.400000 0.160303 -0.482870 0.605257 0.347489 -0.032816 
1230 1.000000 0.400000 0.157742 -0.551865 0.652102 0.325254 0.138923 
1240 1.000000 0.400000 0.156204 -0.631227 0.693866 0.262775 0.314941 
1250 1.000000 0.400000 0.156701 -0.719603 0.724975 0.211969 0.497895 
1260 1.000000 0.400000 0.160061 -0.811521 0.741028 0.153975 0.682906 
1270 1.000000 0.400000 0.166323 -0.900100 0.739902 0.114115 0.869027 
1280 1.000000 0.400000 0.171589 -0.975990 0.725327 0.079700 1.040932 
1290 1.000000 0.400000 0.174704 -1.043083 0.700815 0.019636 1.210781 
1300 1.000000 0.400000 0.175043 -1.100793 0.668387 -0.126001 1.337276 
1310 1.000000 0.400000 0.172883 -1.153861 0.627041 -0.289290 1.439076 
1320 1.000000 0.400000 0.168356 -1.200398 0.578790 -0.455833 1.464065 
1330 1.000000 0.400000 0.162049 -1.243218 0.521989 -0.635331 1.453657 
1340 1.000000 0.400000 0.153990 -1.280695 0.455536 -0.828381 1.434063 
1350 1.000000 0.400000 0.144788 -1.307485 0.383338 -1.020630 1.433218 
1360 1.000000 0.400000 0.136077 -1.323172 0.306852 -1.196048 1.392737 
1370 1.000000 0.400000 0.129792 -1.325936 0.236143 -1.378597 1.427292 
1380 1.000000 0.400000 0.126680 -1.321106 0.181284 -1.532058 1.536437 
1390 1.000000 0.400000 0.125114 -1.311736 0.137622 -1.707302 1.544516 
1400 1.000000 0.400000 0.124130 -1.298437 0.099796 -1.890595 1.491082 
1410 1.000000 0.400000 0.123290 -1.281360 0.065517 -2.040249 1.396539 
1420 1.000000 0.400000 0.122489 -1.261138 0.034101 -2.177824 1.293991 
1430 1.000000 0.400000 0.121724 -1.238594 0.006300 -2.279770 1.166137 
1440 1.000000 0.400000 0.120789 -1.212324 -0.020047 -2.354100 1.008784 
1450 1.000000 0.400000 0.119707 -1.182346 -0.043766 -2.420467 0.830511 
1460 1.000000 0.400000 0.118646 -1.149635 -0.063745 -2.488319 0.650627 
1470 1.000000 0.400000 0.117751 -1.113836 -0.079947 -2.510728 0.462586 
1480 1.000000 0.400000 0.117264 -1.076149 -0.091856 -2.530194 0.282951 
1490 1.000000 0.400000 0.117354 -1.037853 -0.099197 -2.539573 0.098708 
1500 1.000000 0.400000 0.118017 -1.000115 -0.101645 -2.547913 -0.090425 
1510 1.000000 0.400000 0.119146 -0.963399 -0.099718 -2.505942 -0.267966 
1520 1.000000 0.400000 0.120566 -0.928731 -0.093907 -2.477936 -0.444818 
1530 1.000000 0.400000 0.122076 -0.895008 -0.084022 -2.366279 -0.600151 
1540 1.000000 0.400000 0.123491 -0.861712 -0.069847 -2.256245 -0.764397 
1550 1.000000 0.400000 0.124654 -0.830128 -0.051536 -2.115815 -0.896597 
1560 1.000000 0.400000 0.125449 -0.800116 -0.029171 -1.964488 -1.005283 
1570 1.000000 0.400000 0.125839 -0.770918 -0.001826 -1.791603 -1.064478 
1580 1.000000 0.400000 0.125841 -0.741895 0.031634 -1.607467 -1.091103 
1590 1.000000 0.400000 0.125558 -0.714482 0.071126 -1.424523 -1.066353 
1600 1.000000 0.400000 0.125238 -0.688457 0.118648 -1.235516 -1.039349 
1610 1.000000 0.400000 0.125336 -0.666393 0.173480 -1.048921 -0.999106 
1620 1.000000 0.400000 0.126363 -0.650968 0.232921 -0.876865 -0.970493 
1630 1.000000 0.400000 0.128679 -0.643249 0.296389 -0.699254 -0.894853 
1640 1.000000 0.400000 0.132361 -0.643648 0.362967 -0.558615 -0.786355 
1650 1.000000 0.400000 0.137104 -0.653595 0.432617 -0.403464 -0.674470 
1660 1.000000 0.400000 0.141470 -0.674310 0.500133 -0.249164 -0.559381 
1670 1.000000 0.400000 0.144857 -0.705404 0.565241 -0.140776 -0.409379 
1680 1.000000 0.400000 0.146717 -0.746737 0.626681 -0.059451 -0.234665 
1690 1.000000 0.400000 0.147014 -0.798462 0.684296 -0.045550 -0.053395 
1700 1.000000 0.400000 0.146602 -0.862132 0.740408 -0.068869 0.136802 
1710 1.000000 0.400000 0.145089 -0.936448 0.788663 -0.065337 0.320616 
1720 1.000000 0.400000 0.144008 -1.020235 0.827467 -0.136983 0.492883 
1730 1.000000 0.400000 0.146437 -1.115024 0.857427 -0.229973 0.657280 
1740 1.000000 0.400000 0.151760 -1.208015 0.871129 -0.219277 0.842426 
1750 1.000000 0.400000 0.158568 -1.292272 0.867481 -0.236798 1.011892 
1760 1.000000 0.400000 0.163818 -1.364740 0.851978 -0.262154 1.193803 
1770 1.000000 0.400000 0.166612 -1.426625 0.828031 -0.351292 1.365726 
1780 1.000000 0.400000 0.166757 -1.479813 0.796919 -0.479205 1.497619 
1790 1.000000 0.400000 0.165075 -1.531548 0.756877 -0.663331 1.542630 
1800 1.000000 0.400000 0.161260 -1.579243 0.708408 -0.834082 1.591683 
1810 1.000000 0.400000 0.155367 -1.621502 0.651500 -1.022821 1.606512 
1820 1.000000 0.400000 0.147637 -1.656017 0.586885 -1.214605 1.613077 
1830 1.000000 0.400000 0.138935 -1.681297 0.515201 -1.402072 1.555310 
1840 1.000000 0.400000 0.130890 -1.695817 0.438780 -1.585974 1.539563 
1850 1.000000 0.400000 0.125696 -1.697752 0.372737 -1.749862 1.629795 
1860 1.000000 0.400000 0.123200 -1.692753 0.320930 -1.905547 1.710988 
1870 1.000000 0.400000 0.122183 -1.684381 0.279606 -2.073497 1.720333 
1880 1.000000 0.400000 0.121554 -1.671900 0.242379 -2.245550 1.652527 
1890 1.000000 0.400000 0.121042 -1.655392 0.207993 -2.398326 1.549839 
1900 1.000000 0.400000 0.120493 -1.635240 0.176598 -2.542505 1.422031 
1910 1.000000 0.400000 0.119835 -1.611747 0.148327 -2.666739 1.281155 
1920 1.000000 0.400000 0.119043 -1.585030 0.122799 -2.750764 1.120923 
1930 1.000000 0.400000 0.118098 -1.554437 0.099852 -2.826491 0.941936 
1940 1.000000 0.400000 0.117157 -1.519548 0.079396 -2.843290 0.756161 
1950 1.000000 0.400000 0.116534 -1.483021 0.063609 -2.896174 0.581059 
1960 1.000000 0.400000 0.116428 -1.446949 0.052875 -2.934633 0.411327 
1970 1.000000 0.400000 0.116813 -1.409570 0.046365 -2.945133 0.222146 
1980 1.000000 0.400000 0.117698 -1.372221 0.044560 -2.901214 0.030677 
1990 1.000000 0.400000 0.118989 -1.334539 0.047314 -2.863963 -0.154213 
2000 1.000000 0.400000 0.120537 -1.298264 0.054512 -2.788647 -0.332009 
2010 1.000000 0.400000 0.122120 -1.262469 0.066212 -2.680740 -0.481032 
2020 1.000000 0.400000 0.123617 -1.227457 0.082262 -2.563365 -0.622828 
2030 1.000000 0.400000 0.124828 -1.193419 0.102974 -2.420819 -0.748214 
2040 1.000000 0.400000 0.125601 -1.160723 0.128709 -2.251461 -0.842036 
2050 1.000000 0.400000 0.125903 -1.129479 0.159955 -2.069738 -0.881716 
2060 1.000000 0.400000 0.125860 -1.098938 0.197801 -1.888153 -0.908894 
2070 1.000000 0.400000 0.125534 -1.071810 0.241109 -1.707328 -0.901227 
2080 1.000000 0.400000 0.125284 -1.047731 0.291783 -1.517046 -0.871470 
2090 1.000000 0.400000 0.125761 -1.027628 0.351159 -1.339358 -0.784544 
2100 1.000000 0.400000 0.127528 -1.014988 0.416210 -1.158838 -0.768307 
2110 1.000000 0.400000 0.130666 -1.011351 0.482573 -0.983195 -0.712423 
2120 1.000000 0.400000 0.134733 -1.017170 0.549519 -0.835305 -0.602889 
2130 1.000000 0.400000 0.138978 -1.032557 0.615523 -0.676154 -0.491634 
2140 1.000000 0.400000 0.142304 -1.057974 0.678424 -0.543441 -0.353979 
2150 1.000000 0.400000 0.144587 -1.093579 0.740023 -0.456948 -0.184552 
2160 1.000000 0.400000 0.145541 -1.140062 0.799844 -0.418616 -0.002905 
2170 1.000000 0.400000 0.145242 -1.197397 0.856590 -0.401985 0.185130 
2180 1.000000 0.400000 0.143606 -1.265686 0.907212 -0.422337 0.369151 
2190 1.000000 0.400000 0.141900 -1.343540 0.950621 -0.447544 0.544806 
2200 1.000000 0.400000 0.141490 -1.431312 0.983917 -0.534767 0.713099 
2210 1.000000 0.400000 0.144634 -1.526974 1.005627 -0.593933 0.897310 
2220 1.000000 0.400000 0.150429 -1.617428 1.008619 -0.616692 1.086510 
2230 1.000000 0.400000 0.155927 -1.693959 0.997434 -0.619756 1.253130 
2240 1.000000 0.400000 0.159620 -1.762874 0.975705 -0.699927 1.423003 
2250 1.000000 0.400000 0.161065 -1.823749 0.945124 -0.833026 1.558435 
2260 1.000000 0.400000 0.160172 -1.878951 0.905828 -0.980628 1.672203 
2270 1.000000 0.400000 0.157032 -1.928282 0.858602 -1.160955 1.727773 
2280 1.000000 0.400000 0.152078 -1.971207 0.804602 -1.328729 1.743124 
2290 1.000000 0.400000 0.145651 -2.009410 0.741442 -1.507481 1.712774 
2300 1.000000 0.400000 0.138372 -2.039307 0.671306 -1.698628 1.702367 
2310 1.000000 0.400000 0.131485 -2.057513 0.598533 -1.876692 1.722118 
2320 1.000000 0.400000 0.126664 -2.063006 0.533129 -2.054802 1.783801 
2330 1.000000 0.400000 0.124191 -2.060138 0.481130 -2.229351 1.872248 
2340 1.000000 0.400000 0.123024 -2.052697 0.439219 -2.402813 1.890625 
2350 1.000000 0.400000 0.122327 -2.041331 0.401726 -2.573253 1.831202 
2360 1.000000 0.400000 0.121819 -2.026467 0.367894 -2.742108 1.763498 
2370 1.000000 0.400000 0.121282 -2.008170 0.336872 -2.873968 1.629221 
2380 1.000000 0.400000 0.120592 -1.986414 0.308476 -3.020646 1.504791 
2390 1.000000 0.400000 0.119798 -1.961912 0.283076 -3.098567 1.348322 
2400 1.000000 0.400000 0.118830 -1.933202 0.258678 -3.168278 1.199957 
2410 1.000000 0.400000 0.117992 -1.903148 0.238398 -3.243734 1.042927 
2420 1.000000 0.400000 0.117238 -1.870266 0.221148 -3.253238 0.860183 
2430 1.000000 0.400000 0.116664 -1.833467 0.206914 -3.258294 0.665192 
2440 1.000000 0.400000 0.116597 -1.795073 0.197450 -3.268685 0.469453 
2450 1.000000 0.400000 0.117157 -1.757062 0.192464 -3.282596 0.308823 
2460 1.000000 0.400000 0.118222 -1.719131 0.192006 -3.246110 0.121647 
2470 1.000000 0.400000 0.119672 -1.681699 0.196132 -3.213729 -0.067295 
2480 1.000000 0.400000 0.121258 -1.646897 0.204409 -3.147661 -0.248147 
2490 1.000000 0.400000 0.122805 -1.613312 0.216832 -3.046584 -0.407578 
2500 1.000000 0.400000 0.124216 -1.578768 0.233992 -2.878490 -0.497349 
2510 1.000000 0.400000 0.125341 -1.544220 0.256363 -2.732130 -0.599223 
2520 1.000000 0.400000 0.126120 -1.511476 0.283078 -2.586347 -0.694685 
2530 1.000000 0.400000 0.126495 -1.480709 0.314430 -2.414311 -0.735949 
2540 1.000000 0.400000 0.126422 -1.451445 0.352025 -2.222008 -0.785851 
2550 1.000000 0.400000 0.126117 -1.424219 0.396601 -2.039045 -0.737875 
2560 1.000000 0.400000 0.125936 -1.400379 0.448397 -1.849714 -0.716888 
2570 1.000000 0.400000 0.126387 -1.381916 0.507468 -1.659876 -0.659876 
2580 1.000000 0.400000 0.128108 -1.370747 0.572579 -1.486334 -0.593981 
2590 1.000000 0.400000 0.131341 -1.368607 0.641377 -1.329733 -0.488036 
2600 1.000000 0.400000 0.136035 -1.376357 0.714499 -1.179042 -0.361579 
2610 1.000000 0.400000 0.141266 -1.395559 0.788772 -1.046520 -0.239541 
2620 1.000000 0.400000 0.146215 -1.425238 0.861280 -0.939957 -0.092464 
2630 1.000000 0.400000 0.150066 -1.466780 0.931707 -0.871065 0.084930 
2640 1.000000 0.400000 0.151689 -1.519437 0.995540 -0.788815 0.252607 
2650 1.000000 0.400000 0.151516 -1.582626 1.053084 -0.796055 0.435393 
2660 1.000000 0.400000 0.150647 -1.656460 1.105065 -0.837875 0.601199 
2670 1.000000 0.400000 0.150212 -1.740310 1.149160 -0.859165 0.791368 
2680 1.000000 0.400000 0.150640 -1.830426 1.178252 -0.878647 0.980912 
2690 1.000000 0.400000 0.152999 -1.919637 1.190765 -0.924963 1.159231 
2700 1.000000 0.400000 0.158231 -2.004095 1.188234 -0.947625 1.334089 
2710 1.000000 0.400000 0.162321 -2.077319 1.172414 -1.002349 1.511608 
2720 1.000000 0.400000 0.164362 -2.140951 1.147354 -1.094679 1.679435 
2730 1.000000 0.400000 0.164114 -2.198917 1.113063 -1.246930 1.795823 
2740 1.000000 0.400000 0.161357 -2.250032 1.071026 -1.405805 1.888450 
2750 1.000000 0.400000 0.156414 -2.296866 1.019950 -1.593411 1.922383 
2760 1.000000 0.400000 0.149554 -2.337462 0.960698 -1.777664 1.927078 
2770 1.000000 0.400000 0.141149 -2.370073 0.893356 -1.971391 1.912416 
2780 1.000000 0.400000 0.132450 -2.393431 0.819176 -2.157017 1.875024 
2790 1.000000 0.400000 0.125332 -2.403690 0.746106 -2.331040 1.916400 
2800 1.000000 0.400000 0.121606 -2.403929 0.688196 -2.473460 2.040663 
2810 1.000000 0.400000 0.119993 -2.398697 0.642990 -2.664204 2.073872 
2820 1.000000 0.400000 0.119270 -2.389253 0.604192 -2.829900 2.050358 
2830 1.000000 0.400000 0.118900 -2.376030 0.568517 -2.997240 1.969002 
2840 1.000000 0.400000 0.118624 -2.358759 0.535543 -3.163417 1.866401 
2850 1.000000 0.400000 0.118374 -2.338597 0.506382 -3.315532 1.759870 
2860 1.000000 0.400000 0.118046 -2.315077 0.479450 -3.406382 1.602905 
2870 1.000000 0.400000 0.117638 -2.288268 0.455200 -3.495976 1.431650 
2880 1.000000 0.400000 0.117212 -2.258915 0.434495 -3.590441 1.263077 
2890 1.000000 0.400000 0.116836 -2.226445 0.416910 -3.619994 1.075984 
2900 1.000000 0.400000 0.116689 -2.191905 0.403243 -3.656963 0.888179 
2910 1.000000 0.400000 0.116924 -2.155468 0.393387 -3.660300 0.714663 
2920 1.000000 0.400000 0.117622 -2.118810 0.388052 -3.651596 0.520969 
2930 1.000000 0.400000 0.118761 -2.082410 0.387228 -3.633050 0.337015 
2940 1.000000 0.400000 0.120192 -2.046446 0.390657 -3.598711 0.157656 
2950 1.000000 0.400000 0.121743 -2.012146 0.398072 -3.537367 -0.027965 
2960 1.000000 0.400000 0.123222 -1.978768 0.409708 -3.422458 -0.187284 
2970 1.000000 0.400000 0.124561 -1.945478 0.425845 -3.286343 -0.313920 
2980 1.000000 0.400000 0.125708 -1.912327 0.445898 -3.148456 -0.362779 
2990 1.000000 0.400000 0.126651 -1.877607 0.471575 -2.976643 -0.440497 
3000 1.000000 0.400000 0.127122 -1.844276 0.502982 -2.799570 -0.499124 
3010 1.000000 0.400000 0.127220 -1.810975 0.541874 -2.604807 -0.502716 
3020 1.000000 0.400000 0.126973 -1.779951 0.588544 -2.410082 -0.509693 
3030 1.000000 0.400000 0.126707 -1.753343 0.642455 -2.220205 -0.475063 
3040 1.000000 0.400000 0.127263 -1.731385 0.704432 -2.055411 -0.397242 
3050 1.000000 0.400000 0.129264 -1.716949 0.772566 -1.865067 -0.357080 
3060 1.000000 0.400000 0.132815 -1.712651 0.843860 -1.686446 -0.291622 
3070 1.000000 0.400000 0.137358 -1.719037 0.914993 -1.529199 -0.200782 
3080 1.000000 0.400000 0.141848 -1.736292 0.984283 -1.385421 -0.075279 
3090 1.000000 0.400000 0.145842 -1.763969 1.052557 -1.281580 0.073634 
3100 1.000000 0.400000 0.148712 -1.801617 1.118012 -1.189616 0.214669 
3110 1.000000 0.400000 0.149955 -1.849398 1.179350 -1.130614 0.395980 
3120 1.000000 0.400000 0.149682 -1.909310 1.237616 -1.144153 0.581522 
3130 1.000000 0.400000 0.148618 -1.981174 1.291970 -1.152929 0.773767 
3140 1.000000 0.400000 0.147036 -2.062597 1.336703 -1.180617 0.939003 
3150 1.000000 0.400000 0.146959 -2.152192 1.370409 -1.257197 1.119323 
3160 1.000000 0.400000 0.150160 -2.248779 1.390496 -1.314687 1.304303 
3170 1.000000 0.400000 0.155618 -2.336259 1.392048 -1.293571 1.487732 
3180 1.000000 0.400000 0.160163 -2.410125 1.379466 -1.311276 1.680810 
3190 1.000000 0.400000 0.162808 -2.475119 1.357139 -1.411262 1.834367 
3200 1.000000 0.400000 0.163520 -2.532321 1.327386 -1.525868 1.954768 
3210 1.000000 0.400000 0.162165 -2.584890 1.289513 -1.666074 2.077742 
3220 1.000000 0.400000 0.158842 -2.632153 1.244536 -1.845287 2.129574 
3230 1.000000 0.400000 0.153388 -2.673828 1.191492 -2.025605 2.155505 
3240 1.000000 0.400000 0.146465 -2.709479 1.131279 -2.206182 2.150998 
3250 1.000000 0.400000 0.138452 -2.737382 1.063586 -2.397146 2.116278 
3260 1.000000 0.400000 0.130577 -2.754476 0.991634 -2.587435 2.097651 
3270 1.000000 0.400000 0.124756 -2.759172 0.924426 -2.771322 2.152216 
3280 1.000000 0.400000 0.121918 -2.756130 0.872277 -2.919925 2.269257 
3290 1.000000 0.400000 0.120644 -2.748708 0.830589 -3.100703 2.286295 
3300 1.000000 0.400000 0.119933 -2.737128 0.793308 -3.286483 2.236468 
3310 1.000000 0.400000 0.119499 -2.722175 0.759897 -3.404993 2.122197 
3320 1.000000 0.400000 0.119128 -2.703579 0.728181 -3.578691 2.033197 
3330 1.000000 0.400000 0.118765 -2.682255 0.699770 -3.708613 1.914052 
3340 1.000000 0.400000 0.118317 -2.657733 0.673756 -3.779692 1.752984 
3350 1.000000 0.400000 0.117756 -2.629334 0.649688 -3.860942 1.576126 
3360 1.000000 0.400000 0.117221 -2.598094 0.629272 -3.924269 1.393195 
3370 1.000000 0.400000 0.116794 -2.563475 0.612232 -3.969255 1.202273 
3380 1.000000 0.400000 0.116716 -2.526794 0.599506 -3.997648 1.014067 
3390 1.000000 0.400000 0.117110 -2.489494 0.591596 -4.010114 0.819712 
3400 1.000000 0.400000 0.118014 -2.452776 0.588256 -3.994928 0.644024 
3410 1.000000 0.400000 0.119351 -2.414450 0.589101 -3.927295 0.472516 
3420 1.000000 0.400000 0.120954 -2.377278 0.594206 -3.875948 0.309196 
3430 1.000000 0.400000 0.122674 -2.339543 0.603843 -3.780983 0.150588 
3440 1.000000 0.400000 0.124358 -2.302758 0.617863 -3.660064 0.019120 
3450 1.000000 0.400000 0.125862 -2.265329 0.637005 -3.508481 -0.086931 
3460 1.000000 0.400000 0.127048 -2.227815 0.662051 -3.339592 -0.157566 
3470 1.000000 0.400000 0.127818 -2.190204 0.693812 -3.166595 -0.249458 
3480 1.000000 0.400000 0.127939 -2.155644 0.731842 -2.981870 -0.310589 
3490 1.000000 0.400000 0.127620 -2.124616 0.776005 -2.810891 -0.312095 
3500 1.000000 0.400000 0.127319 -2.096215 0.827268 -2.625361 -0.285266 
3510 1.000000 0.400000 0.127447 -2.072430 0.886118 -2.454494 -0.229374 
3520 1.000000 0.400000 0.128681 -2.055182 0.951546 -2.261198 -0.186445 
3530 1.000000 0.400000 0.131341 -2.047375 1.021104 -2.087248 -0.119023 
3540 1.000000 0.400000 0.135405 -2.049267 1.092114 -1.941487 -0.039317 
3550 1.000000 0.400000 0.140261 -2.060951 1.163193 -1.782330 0.066762 
3560 1.000000 0.400000 0.145096 -2.083129 1.233858 -1.675480 0.211701 
3570 1.000000 0.400000 0.149087 -2.116219 1.302991 -1.563365 0.364676 
3580 1.000000 0.400000 0.150899 -2.159856 1.365823 -1.471106 0.530398 
3590 1.000000 0.400000 0.150776 -2.213767 1.423564 -1.434951 0.707782 
3600 1.000000 0.400000 0.149398 -2.278043 1.476996 -1.451562 0.884787 
3610 1.000000 0.400000 0.147334 -2.352477 1.524237 -1.490994 1.058130 
3620 1.000000 0.400000 0.145552 -2.437071 1.562433 -1.540364 1.247721 
3630 1.000000 0.400000 0.146100 -2.531286 1.588626 -1.615531 1.430367 
3640 1.000000 0.400000 0.150196 -2.626864 1.598476 -1.658930 1.615344 
3650 1.000000 0.400000 0.155352 -2.708714 1.590575 -1.629028 1.804368 
3660 1.000000 0.400000 0.158371 -2.777268 1.571505 -1.701443 1.986345 
3670 1.000000 0.400000 0.159468 -2.838445 1.542953 -1.810010 2.141629 
3680 1.000000 0.400000 0.158184 -2.891562 1.506841 -1.954876 2.270472 
3690 1.000000 0.400000 0.154750 -2.939622 1.462403 -2.141981 2.318275 
3700 1.000000 0.400000 0.149495 -2.981899 1.410702 -2.307980 2.347809 
3710 1.000000 0.400000 0.142956 -3.018778 1.351603 -2.486046 2.356006 
3720 1.000000 0.400000 0.135673 -3.048698 1.285574 -2.655373 2.370683 
3730 1.000000 0.400000 0.129046 -3.066757 1.220826 -2.839342 2.389824 
3740 1.000000 0.400000 0.123858 -3.074204 1.158848 -3.019597 2.420235 
3750 1.000000 0.400000 0.120941 -3.073383 1.107312 -3.191718 2.494118 
3760 1.000000 0.400000 0.119457 -3.066882 1.064183 -3.376045 2.494241 
3770 1.000000 0.400000 0.118666 -3.055807 1.024343 -3.546573 2.442887 
3780 1.000000 0.400000 0.118304 -3.041071 0.989287 -3.730729 2.383994 
3790 1.000000 0.400000 0.118025 -3.022497 0.956881 -3.856110 2.247998 
3800 1.000000 0.400000 0.117739 -3.000392 0.926993 -3.993907 2.119844 
3810 1.000000 0.400000 0.117444 -2.975849 0.901003 -4.119579 1.981998 
3820 1.000000 0.400000 0.117123 -2.948571 0.878049 -4.214991 1.826606 
3830 1.000000 0.400000 0.116809 -2.918698 0.858469 -4.252387 1.636741 
3840 1.000000 0.400000 0.116579 -2.885150 0.841619 -4.286777 1.450078 
3850 1.000000 0.400000 0.116633 -2.848410 0.828199 -4.269066 1.271411 
3860 1.000000 0.400000 0.117165 -2.808999 0.818469 -4.281193 1.089122 
3870 1.000000 0.400000 0.118252 -2.768792 0.813661 -4.253502 0.902796 
3880 1.000000 0.400000 0.119788 -2.729080 0.814003 -4.238654 0.706407 
3890 1.000000 0.400000 0.121600 -2.689979 0.819304 -4.168637 0.528255 
3900 1.000000 0.400000 0.123421 -2.653299 0.828949 -4.117907 0.373968 
3910 1.000000 0.400000 0.125146 -2.618275 0.842320 -4.011725 0.229125 
3920 1.000000 0.400000 0.126657 -2.582958 0.860271 -3.884459 0.107187 
3930 1.000000 0.400000 0.127727 -2.549355 0.882611 -3.740548 -0.018277 
3940 1.000000 0.400000 0.128263 -2.516916 0.910046 -3.560108 -0.078655 
3950 1.000000 0.400000 0.128250 -2.485468 0.943384 -3.378938 -0.121814 
3960 1.000000 0.400000 0.127792 -2.454699 0.983933 -3.190632 -0.106592 
3970 1.000000 0.400000 0.127023 -2.426850 1.031395 -3.004614 -0.109345 
3980 1.000000 0.400000 0.126326 -2.403304 1.085773 -2.821850 -0.055359 
3990 1.000000 0.400000 0.126365 -2.385505 1.147192 -2.632941 -0.010406 
4000 1.000000 0.400000 0.127876 -2.375327 1.215569 -2.459794 0.079513 
4010 1.000000 0.400000 0.131013 -2.374899 1.286669 -2.313381 0.180485 
4020 1.000000 0.400000 0.135582 -2.384180 1.359826 -2.155149 0.265961 
4030 1.000000 0.400000 0.140599 -2.404405 1.433194 -2.042415 0.420754 
4040 1.000000 0.400000 0.145319 -2.436141 1.506329 -1.950685 0.567986 
4050 1.000000 0.400000 0.149608 -2.478354 1.578502 -1.903666 0.739475 
4060 1.000000 0.400000 0.152098 -2.532074 1.645287 -1.836533 0.913336 
4070 1.000000 0.400000 0.152400 -2.596288 1.703796 -1.809631 1.098917 
4080 1.000000 0.400000 0.151543 -2.672472 1.755234 -1.838142 1.285973 
4090 1.000000 0.400000 0.150728 -2.755819 1.795642 -1.870555 1.447908 
4100 1.000000 0.400000 0.151754 -2.846996 1.823844 -1.911367 1.641669 
4110 1.000000 0.400000 0.154682 -2.936928 1.834588 -1.936241 1.832159 
4120 1.000000 0.400000 0.159227 -3.018619 1.828517 -1.944183 2.020530 
4130 1.000000 0.400000 0.162262 -3.088965 1.810527 -2.004486 2.201202 
4140 1.000000 0.400000 0.163294 -3.149816 1.783927 -2.108775 2.356757 
4150 1.000000 0.400000 0.162136 -3.205084 1.748646 -2.259724 2.474024 
4160 1.000000 0.400000 0.158632 -3.254632 1.705096 -2.438136 2.544691 
4170 1.000000 0.400000 0.152931 -3.298637 1.653090 -2.619285 2.597588 
4180 1.000000 0.400000 0.145414 -3.335636 1.593368 -2.815091 2.589920 
4190 1.000000 0.400000 0.136809 -3.366085 1.524757 -2.996112 2.563119 
4200 1.000000 0.400000 0.128609 -3.386499 1.451830 -3.178645 2.566001 
4210 1.000000 0.400000 0.122641 -3.393369 1.385695 -3.354715 2.633324 
4220 1.000000 0.400000 0.119676 -3.392059 1.334006 -3.509270 2.742774 
4230 1.000000 0.400000 0.118281 -3.385659 1.291444 -3.699247 2.733184 
4240 1.000000 0.400000 0.117588 -3.374717 1.252959 -3.868889 2.684013 
4250 1.000000 0.400000 0.117311 -3.360124 1.218402 -4.055237 2.616617 
4260 1.000000 0.400000 0.117200 -3.342155 1.187475 -4.201310 2.494153 
4270 1.000000 0.400000 0.117094 -3.320813 1.158702 -4.316752 2.368959 
4280 1.000000 0.400000 0.117009 -3.296633 1.132651 -4.427753 2.219678 
4290 1.000000 0.400000 0.116832 -3.268473 1.108463 -4.492997 2.043036 
4300 1.000000 0.400000 0.116689 -3.237184 1.087668 -4.549886 1.858796 
4310 1.000000 0.400000 0.116668 -3.201974 1.069282 -4.569138 1.699855 
4320 1.000000 0.400000 0.117066 -3.167054 1.055600 -4.638638 1.533219 
4330 1.000000 0.400000 0.117828 -3.132420 1.046675 -4.674169 1.353124 
4340 1.000000 0.400000 0.118944 -3.097426 1.041649 -4.669399 1.178115 
4350 1.000000 0.400000 0.120398 -3.061178 1.040738 -4.601530 0.995949 
4360 1.000000 0.400000 0.122089 -3.024197 1.044141 -4.538454 0.817338 
4370 1.000000 0.400000 0.123836 -2.987813 1.051978 -4.486999 0.630238 
4380 1.000000 0.400000 0.125488 -2.952114 1.064303 -4.362805 0.490475 
4390 1.000000 0.400000 0.126871 -2.916584 1.081407 -4.214038 0.365944 
4400 1.000000 0.400000 0.127916 -2.879976 1.104362 -4.036916 0.289105 
4410 1.000000 0.400000 0.128429 -2.844574 1.132963 -3.879090 0.190734 
4420 1.000000 0.400000 0.128354 -2.810443 1.167819 -3.693864 0.150745 
4430 1.000000 0.400000 0.127785 -2.778155 1.209572 -3.508546 0.132781 
4440 1.000000 0.400000 0.126885 -2.749762 1.257583 -3.333001 0.152521 
4450 1.000000 0.400000 0.126220 -2.724559 1.313691 -3.150914 0.199309 
4460 1.000000 0.400000 0.126412 -2.705395 1.376674 -2.980905 0.249802 
4470 1.000000 0.400000 0.128417 -2.692764 1.446691 -2.809313 0.329670 
4480 1.000000 0.400000 0.132378 -2.689818 1.521003 -2.653751 0.425893 
4490 1.000000 0.400000 0.137813 -2.697923 1.597425 -2.484295 0.521996 
4500 1.000000 0.400000 0.143104 -2.718150 1.671373 -2.359853 0.661983 
4510 1.000000 0.400000 0.147965 -2.750500 1.745425 -2.249231 0.823853 
4520 1.000000 0.400000 0.150688 -2.794142 1.812750 -2.160034 0.974119 
4530 1.000000 0.400000 0.151487 -2.848280 1.874488 -2.105304 1.158846 
4540 1.000000 0.400000 0.150615 -2.915042 1.931565 -2.112618 1.354590 
4550 1.000000 0.400000 0.148905 -2.993965 1.981884 -2.154529 1.541977 
4560 1.000000 0.400000 0.147383 -3.083298 2.020705 -2.201076 1.733578 
4570 1.000000 0.400000 0.147902 -3.178311 2.044027 -2.240957 1.915996 
4580 1.000000 0.400000 0.151315 -3.268816 2.049138 -2.266369 2.107299 
4590 1.000000 0.400000 0.155495 -3.347538 2.038374 -2.265143 2.293666 
4600 1.000000 0.400000 0.157832 -3.414341 2.017272 -2.342917 2.472728 
4610 1.000000 0.400000 0.158135 -3.472766 1.987488 -2.468227 2.611679 
4620 1.000000 0.400000 0.156261 -3.525550 1.949235 -2.617555 2.739221 
4630 1.000000 0.400000 0.152194 -3.572043 1.903336 -2.795682 2.807728 
4640 1.000000 0.400000 0.146086 -3.611954 1.849734 -2.990054 2.826743 
4650 1.000000 0.400000 0.138618 -3.646115 1.787663 -3.171598 2.827159 
4660 1.000000 0.400000 0.130848 -3.671530 1.720154 -3.357408 2.812632 
4670 1.000000 0.400000 0.124242 -3.685822 1.652199 -3.534533 2.837617 
4680 1.000000 0.400000 0.120592 -3.690360 1.596770 -3.663389 2.956311 
4690 1.000000 0.400000 0.118866 -3.688546 1.551828 -3.834274 3.028623 
4700 1.000000 0.400000 0.118141 -3.682247 1.513250 -4.014276 3.007464 
4710 1.000000 0.400000 0.117860 -3.671938 1.477503 -4.195221 2.952844 
4720 1.000000 0.400000 0.117808 -3.657974 1.444793 -4.364736 2.863654 
4730 1.000000 0.400000 0.117810 -3.640336 1.414434 -4.512122 2.735112 
4740 1.000000 0.400000 0.117775 -3.619528 1.386682 -4.646562 2.606629 
4750 1.000000 0.400000 0.117662 -3.595574 1.361596 -4.755629 2.444230 
4760 1.000000 0.400000 0.117462 -3.568384 1.339178 -4.831764 2.269772 
4770 1.000000 0.400000 0.117269 -3.538426 1.319953 -4.913724 2.100107 
4780 1.000000 0.400000 0.117169 -3.505335 1.303679 -4.898689 1.906768 
4790 1.000000 0.400000 0.117351 -3.469864 1.290958 -4.926982 1.739150 
4800 1.000000 0.400000 0.117915 -3.432604 1.282146 -4.931944 1.543103 
4810 1.000000 0.400000 0.118948 -3.393397 1.277537 -4.901012 1.362764 
4820 1.000000 0.400000 0.120405 -3.354133 1.277811 -4.854504 1.186251 
4830 1.000000 0.400000 0.122185 -3.314363 1.282733 -4.789799 1.007380 
4840 1.000000 0.400000 0.124073 -3.275029 1.292708 -4.670690 0.855492 
4850 1.000000 0.400000 0.125927 -3.235143 1.307967 -4.547648 0.720397 
4860 1.000000 0.400000 0.127519 -3.195186 1.328978 -4.395439 0.608045 
4870 1.000000 0.400000 0.128623 -3.156718 1.355748 -4.239300 0.495543 
4880 1.000000 0.400000 0.129064 -3.120358 1.388463 -4.080293 0.411512 
4890 1.000000 0.400000 0.128892 -3.086918 1.426719 -3.900893 0.371178 
4900 1.000000 0.400000 0.128241 -3.055553 1.472349 -3.705668 0.395302 
4910 1.000000 0.400000 0.127388 -3.027689 1.526055 -3.515538 0.419702 
4920 1.000000 0.400000 0.127053 -3.005033 1.587423 -3.334698 0.477316 
4930 1.000000 0.400000 0.128491 -2.987239 1.656774 -3.196880 0.552751 
4940 1.000000 0.400000 0.131728 -2.978576 1.728666 -3.024289 0.608019 
4950 1.000000 0.400000 0.136601 -2.980317 1.803446 -2.869483 0.716260 
4960 1.000000 0.400000 0.142162 -2.992576 1.877424 -2.721247 0.793259 
4970 1.000000 0.400000 0.147378 -3.015553 1.949508 -2.609968 0.952232 
4980 1.000000 0.400000 0.151500 -3.050690 2.020415 -2.512776 1.117896 
4990 1.000000 0.400000 0.154194 -3.097804 2.088925 -2.457564 1.298456 
5000 1.000000 0.400000 0.155026 -3.156991 2.152811 -2.418395 1.483541 
5010 1.000000 0.400000 0.154031 -3.227879 2.209762 -2.437046 1.666652 
5020 1.000000 0.400000 0.152328 -3.307892 2.257591 -2.430155 1.834510 
5030 1.000000 0.400000 0.150988 -3.393914 2.292894 -2.464290 2.018901 
5040 1.000000 0.400000 0.150714 -3.482887 2.312218 -2.500815 2.208397 
5050 1.000000 0.400000 0.153420 -3.570359 2.315291 -2.556955 2.389324 
5060 1.000000 0.400000 0.157286 -3.650295 2.303131 -2.595928 2.570866 
5070 1.000000 0.400000 0.159381 -3.717827 2.280661 -2.638446 2.760841 
5080 1.000000 0.400000 0.159451 -3.775404 2.250717 -2.760523 2.895204 
5090 1.000000 0.400000 0.157279 -3.825914 2.213402 -2.916593 3.006298 
5100 1.000000 0.400000 0.153154 -3.870058 2.169576 -3.074861 3.079455 
5110 1.000000 0.400000 0.147286 -3.909193 2.118355 -3.259915 3.111621 
5120 1.000000 0.400000 0.140052 -3.943217 2.058876 -3.447400 3.092468 
5130 1.000000 0.400000 0.132194 -3.968950 1.993423 -3.626761 3.097363 
5140 1.000000 0.400000 0.125164 -3.984081 1.926891 -3.809184 3.091051 
5150 1.000000 0.400000 0.120601 -3.988973 1.868587 -3.972699 3.193147 
5160 1.000000 0.400000 0.118322 -3.986786 1.821811 -4.133178 3.266778 
5170 1.000000 0.400000 0.117235 -3.979903 1.780857 -4.316622 3.233574 
5180 1.000000 0.400000 0.116779 -3.968519 1.743114 -4.496785 3.175313 
5190 1.000000 0.400000 0.116728 -3.953726 1.709271 -4.669553 3.121252 
5200 1.000000 0.400000 0.116864 -3.936146 1.679354 -4.821064 3.009310 
5210 1.000000 0.400000 0.116975 -3.914851 1.651019 -4.916903 2.850100 
5220 1.000000 0.400000 0.117020 -3.889886 1.624633 -5.039035 2.711077 
5230 1.000000 0.400000 0.117079 -3.862917 1.602088 -5.120947 2.542576 
5240 1.000000 0.400000 0.117105 -3.832577 1.582302 -5.180439 2.356934 
5250 1.000000 0.400000 0.117254 -3.799597 1.566057 -5.219683 2.173641 
5260 1.000000 0.400000 0.117673 -3.764990 1.553552 -5.255797 1.995516 
5270 1.000000 0.400000 0.118438 -3.728296 1.544778 -5.223825 1.814333 
5280 1.000000 0.400000 0.119595 -3.690035 1.540452 -5.196330 1.622668 
5290 1.000000 0.400000 0.121137 -3.651499 1.540636 -5.179714 1.442281 
5300 1.000000 0.400000 0.122888 -3.613088 1.545472 -5.088620 1.277657 
5310 1.000000 0.400000 0.124711 -3.574866 1.555050 -5.000386 1.110518 
5320 1.000000 0.400000 0.126429 -3.536306 1.569733 -4.870590 0.969359 
5330 1.000000 0.400000 0.127865 -3.497468 1.590090 -4.710007 0.873002 
5340 1.000000 0.400000 0.128839 -3.459578 1.616008 -4.566141 0.755877 
5350 1.000000 0.400000 0.129242 -3.422367 1.648359 -4.377655 0.716884 
5360 1.000000 0.400000 0.129026 -3.386056 1.688413 -4.187242 0.687327 
5370 1.000000 0.400000 0.128231 -3.352653 1.736237 -3.991766 0.672336 
5380 1.000000 0.400000 0.127124 -3.324894 1.790818 -3.797031 0.671534 
5390 1.000000 0.400000 0.126550 -3.302701 1.852763 -3.633910 0.757177 
5400 1.000000 0.400000 0.127643 -3.286476 1.921903 -3.464971 0.807966 
5410 1.000000 0.400000 0.130857 -3.279361 1.996687 -3.310777 0.925672 
5420 1.000000 0.400000 0.136191 -3.282043 2.074594 -3.168240 1.008016 
5430 1.000000 0.400000 0.142406 -3.295886 2.152202 -3.027545 1.128033 
5440 1.000000 0.400000 0.147974 -3.321746 2.226826 -2.897574 1.258231 
5450 1.000000 0.400000 0.152182 -3.359720 2.298592 -2.801359 1.424587 
5460 1.000000 0.400000 0.154945 -3.410309 2.368158 -2.755607 1.611984 
5470 1.000000 0.400000 0.155395 -3.473628 2.431540 -2.717324 1.804112 
5480 1.000000 0.400000 0.153368 -3.547406 2.484270 -2.708144 1.989318 
5490 1.000000 0.400000 0.150884 -3.630707 2.527369 -2.751957 2.165646 
5500 1.000000 0.400000 0.149783 -3.721375 2.557968 -2.813486 2.341481 
5510 1.000000 0.400000 0.151848 -3.817203 2.574151 -2.871055 2.518410 
5520 1.000000 0.400000 0.156592 -3.902958 2.572775 -2.818803 2.692739 
5530 1.000000 0.400000 0.160473 -3.971447 2.560595 -2.818605 2.872151 
5540 1.000000 0.400000 0.162522 -4.028562 2.541707 -2.873945 3.022619 
5550 1.000000 0.400000 0.162908 -4.079458 2.516498 -2.969801 3.186404 
5560 1.000000 0.400000 0.161419 -4.125636 2.484788 -3.130248 3.284984 
5570 1.000000 0.400000 0.158160 -4.167673 2.446715 -3.293670 3.366342 
5580 1.000000 0.400000 0.153080 -4.205257 2.401996 -3.473183 3.408882 
5590 1.000000 0.400000 0.146443 -4.237737 2.350511 -3.661964 3.448175 
5600 1.000000 0.400000 0.138806 -4.262850 2.294133 -3.837993 3.450268 
5610 1.000000 0.400000 0.131117 -4.280627 2.233619 -4.023102 3.413021 
5620 1.000000 0.400000 0.124156 -4.290350 2.168979 -4.195585 3.371731 
5630 1.000000 0.400000 0.119774 -4.291674 2.111488 -4.324953 3.453685 
5640 1.000000 0.400000 0.117814 -4.287609 2.065807 -4.508041 3.509645 
5650 1.000000 0.400000 0.116985 -4.278925 2.026556 -4.699157 3.487248 
5660 1.000000 0.400000 0.116775 -4.266460 1.991709 -4.878193 3.429858 
5670 1.000000 0.400000 0.116815 -4.250213 1.959509 -5.028650 3.307485 
5680 1.000000 0.400000 0.116998 -4.230807 1.930098 -5.172180 3.202338 
5690 1.000000 0.400000 0.117199 -4.208487 1.903697 -5.309067 3.063863 
5700 1.000000 0.400000 0.117351 -4.183424 1.880420 -5.419807 2.903033 
5710 1.000000 0.400000 0.117469 -4.155612 1.860147 -5.492226 2.725268 
5720 1.000000 0.400000 0.117661 -4.125610 1.843165 -5.548980 2.555274 
5730 1.000000 0.400000 0.117990 -4.093490 1.829513 -5.557407 2.363721 
5740 1.000000 0.400000 0.118548 -4.057432 1.818637 -5.535720 2.176480 
5750 1.000000 0.400000 0.119490 -4.018610 1.811837 -5.500519 1.984450 
5760 1.000000 0.400000 0.120847 -3.979359 1.809910 -5.499512 1.796031 
5770 1.000000 0.400000 0.122523 -3.940751 1.812778 -5.445731 1.609776 
5780 1.000000 0.400000 0.124361 -3.901824 1.820237 -5.357157 1.448283 
5790 1.000000 0.400000 0.126122 -3.863897 1.832581 -5.252372 1.287904 
5800 1.000000 0.400000 0.127641 -3.826390 1.849988 -5.111542 1.158599 
5810 1.000000 0.400000 0.128844 -3.787667 1.873530 -4.933727 1.090755 
5820 1.000000 0.400000 0.129663 -3.747604 1.904201 -4.751696 1.048018 
5830 1.000000 0.400000 0.129977 -3.707779 1.942459 -4.574282 1.019735 
5840 1.000000 0.400000 0.129810 -3.669513 1.988694 -4.387547 0.988523 
5850 1.000000 0.400000 0.129257 -3.635689 2.042370 -4.200364 1.005164 
5860 1.000000 0.400000 0.128956 -3.606887 2.103830 -4.025375 1.033620 
5870 1.000000 0.400000 0.129775 -3.584880 2.172300 -3.852087 1.096192 
5880 1.000000 0.400000 0.132659 -3.571161 2.248269 -3.685393 1.194422 
5890 1.000000 0.400000 0.138005 -3.568222 2.329825 -3.518846 1.296090 
5900 1.000000 0.400000 0.144225 -3.578190 2.409227 -3.353210 1.367786 
5910 1.000000 0.400000 0.149676 -3.600393 2.483761 -3.209423 1.482482 
5920 1.000000 0.400000 0.153750 -3.633762 2.554269 -3.106831 1.635714 
5930 1.000000 0.400000 0.156119 -3.678270 2.621174 -3.018164 1.793165 
5940 1.000000 0.400000 0.156433 -3.733157 2.682507 -2.977566 1.971181 
5950 1.000000 0.400000 0.155300 -3.799223 2.739344 -3.002826 2.151442 
5960 1.000000 0.400000 0.154004 -3.876458 2.791898 -3.034589 2.323827 
5970 1.000000 0.400000 0.152155 -3.959749 2.831555 -3.063945 2.496832 
5980 1.000000 0.400000 0.151646 -4.048350 2.857773 -3.087934 2.666922 
5990 1.000000 0.400000 0.153100 -4.134679 2.868217 -3.107157 2.860708 
6000 1.000000 0.400000 0.156105 -4.209242 2.863584 -3.095021 3.031130 
6010 1.000000 0.400000 0.158421 -4.274754 2.848882 -3.143221 3.214045 
6020 1.000000 0.400000 0.159220 -4.332451 2.825978 -3.211812 3.384676 
6030 1.000000 0.400000 0.158290 -4.383556 2.796303 -3.339304 3.512361 
6040 1.000000 0.400000 0.155573 -4.428654 2.760682 -3.499433 3.613288 
6050 1.000000 0.400000 0.151185 -4.470142 2.717791 -3.675525 3.664581 
6060 1.000000 0.400000 0.145467 -4.505924 2.669536 -3.837915 3.715391 
6070 1.000000 0.400000 0.138599 -4.536068 2.614896 -4.025125 3.707814 
6080 1.000000 0.400000 0.131155 -4.559530 2.553913 -4.217678 3.692384 
6090 1.000000 0.400000 0.124367 -4.573080 2.491042 -4.407863 3.689125 
6100 1.000000 0.400000 0.119545 -4.577250 2.431531 -4.563746 3.747959 
6110 1.000000 0.400000 0.117293 -4.574774 2.384351 -4.742814 3.816676 
6120 1.000000 0.400000 0.116344 -4.567643 2.344126 -4.913870 3.809688 
6130 1.000000 0.400000 0.116135 -4.556900 2.308738 -5.098928 3.772633 
6140 1.000000 0.400000 0.116272 -4.542627 2.276784 -5.277224 3.691063 
6150 1.000000 0.400000 0.116511 -4.524632 2.246537 -5.402184 3.555489 
6160 1.000000 0.400000 0.116749 -4.502834 2.217804 -5.521244 3.409240 
6170 1.000000 0.400000 0.116990 -4.478001 2.192157 -5.615108 3.254249 
6180 1.000000 0.400000 0.117213 -4.450493 2.169398 -5.686203 3.106219 
6190 1.000000 0.400000 0.117481 -4.420712 2.149610 -5.776903 2.945730 
6200 1.000000 0.400000 0.117853 -4.388812 2.133461 -5.810275 2.759261 
6210 1.000000 0.400000 0.118409 -4.353677 2.120312 -5.777840 2.594964 
6220 1.000000 0.400000 0.119330 -4.315986 2.110373 -5.780160 2.422014 
6230 1.000000 0.400000 0.120678 -4.277588 2.104673 -5.777273 2.236579 
6240 1.000000 0.400000 0.122361 -4.237339 2.103685 -5.716714 2.052612 
6250 1.000000 0.400000 0.124293 -4.196837 2.107756 -5.650962 1.877948 
6260 1.000000 0.400000 0.126322 -4.155832 2.116946 -5.552991 1.714292 
6270 1.000000 0.400000 0.128099 -4.116301 2.131225 -5.449628 1.555668 
6280 1.000000 0.400000 0.129491 -4.077324 2.150998 -5.305760 1.434484 
6290 1.000000 0.400000 0.130365 -4.038399 2.177039 -5.133775 1.343592 
6300 1.000000 0.400000 0.130630 -3.998858 2.210617 -4.940009 1.314609 
6310 1.000000 0.400000 0.130353 -3.959754 2.252061 -4.759220 1.295433 
6320 1.000000 0.400000 0.129485 -3.923028 2.302119 -4.566998 1.305240 
6330 1.000000 0.400000 0.128516 -3.889812 2.361386 -4.384137 1.343625 
6340 1.000000 0.400000 0.128220 -3.862573 2.428989 -4.198565 1.382513 
6350 1.000000 0.400000 0.129468 -3.844383 2.503436 -4.022294 1.449741 
6360 1.000000 0.400000 0.133282 -3.836331 2.583889 -3.847149 1.513299 
6370 1.000000 0.400000 0.138368 -3.841547 2.662279 -3.672869 1.595261 
6380 1.000000 0.400000 0.144024 -3.858500 2.739536 -3.541171 1.722212 
6390 1.000000 0.400000 0.148648 -3.887834 2.812935 -3.419317 1.864061 
6400 1.000000 0.400000 0.152361 -3.928625 2.885003 -3.331700 2.022139 
6410 1.000000 0.400000 0.153822 -3.980813 2.950955 -3.276319 2.206016 
6420 1.000000 0.400000 0.153744 -4.043322 3.011645 -3.273132 2.376696 
6430 1.000000 0.400000 0.152465 -4.116349 3.065650 -3.287557 2.554689 
6440 1.000000 0.400000 0.151115 -4.199576 3.111347 -3.342019 2.725442 
6450 1.000000 0.400000 0.151605 -4.292160 3.146042 -3.407241 2.907662 
6460 1.000000 0.400000 0.154584 -4.386215 3.164338 -3.416397 3.090705 
6470 1.000000 0.400000 0.158837 -4.464702 3.165336 -3.321393 3.250706 
6480 1.000000 0.400000 0.162208 -4.526822 3.156514 -3.287868 3.432517 
6490 1.000000 0.400000 0.163896 -4.579438 3.141284 -3.345734 3.617367 
6500 1.000000 0.400000 0.164026 -4.627318 3.119370 -3.474280 3.760466 
6510 1.000000 0.400000 0.162601 -4.670645 3.091954 -3.592433 3.900858 
6520 1.000000 0.400000 0.159398 -4.709729 3.058686 -3.757668 4.000943 
6530 1.000000 0.400000 0.154672 -4.746113 3.019050 -3.934283 4.025316 
6540 1.000000 0.400000 0.148442 -4.779878 2.971836 -4.122346 4.039089 
6550 1.000000 0.400000 0.141154 -4.807369 2.919505 -4.305715 4.046258 
6560 1.000000 0.400000 0.133124 -4.829767 2.859451 -4.493961 4.004295 
6570 1.000000 0.400000 0.125617 -4.842918 2.796251 -4.690981 3.993706 
6580 1.000000 0.400000 0.120276 -4.845869 2.737849 -4.873675 4.048473 
6590 1.000000 0.400000 0.117340 -4.841232 2.688378 -5.067885 4.078107 
6600 1.000000 0.400000 0.115946 -4.831178 2.645598 -5.260612 4.057999 
6610 1.000000 0.400000 0.115523 -4.817317 2.608674 -5.436007 4.003549 
6620 1.000000 0.400000 0.115607 -4.800144 2.575970 -5.600399 3.916176 
6630 1.000000 0.400000 0.115961 -4.780483 2.547215 -5.750788 3.816804 
6640 1.000000 0.400000 0.116421 -4.758293 2.521518 -5.856054 3.666440 
6650 1.000000 0.400000 0.116875 -4.732228 2.497593 -5.934302 3.490153 
6660 1.000000 0.400000 0.117380 -4.703113 2.476678 -6.022301 3.315168 
6670 1.000000 0.400000 0.117999 -4.670587 2.458408 -6.052685 3.141205 
6680 1.000000 0.400000 0.118839 -4.636144 2.444028 -6.093236 2.959054 
6690 1.000000 0.400000 0.119986 -4.599616 2.433547 -6.081862 2.773390 
6700 1.000000 0.400000 0.121534 -4.560012 2.426937 -6.039436 2.584210 
6710 1.000000 0.400000 0.123490 -4.518509 2.425014 -6.006411 2.405685 
6720 1.000000 0.400000 0.125630 -4.477823 2.428251 -5.936296 2.220701 
6730 1.000000 0.400000 0.127816 -4.436806 2.436760 -5.841526 2.054033 
6740 1.000000 0.400000 0.129763 -4.396585 2.450543 -5.730711 1.901921 
6750 1.000000 0.400000 0.131305 -4.356443 2.470084 -5.583100 1.780555 
6760 1.000000 0.400000 0.132378 -4.315452 2.496167 -5.415005 1.700267 
6770 1.000000 0.400000 0.132699 -4.275540 2.529006 -5.233375 1.634210 
6780 1.000000 0.400000 0.132328 -4.235862 2.569978 -5.043617 1.621719 
6790 1.000000 0.400000 0.131232 -4.198519 2.619592 -4.856840 1.623825 
6800 1.000000 0.400000 0.129877 -4.163970 2.679031 -4.668409 1.679237 
6810 1.000000 0.400000 0.129046 -4.135403 2.747123 -4.486670 1.715559 
6820 1.000000 0.400000 0.129622 -4.116430 2.820199 -4.314071 1.763978 
6830 1.000000 0.400000 0.132452 -4.107745 2.897797 -4.140358 1.824970 
6840 1.000000 0.400000 0.137381 -4.110824 2.977923 -3.991729 1.932129 
6850 1.000000 0.400000 0.143816 -4.125687 3.059928 -3.866454 2.069652 
6860 1.000000 0.400000 0.149694 -4.153344 3.138473 -3.715302 2.192687 
6870 1.000000 0.400000 0.153792 -4.193834 3.212351 -3.627579 2.362221 
6880 1.000000 0.400000 0.155321 -4.245510 3.278600 -3.532940 2.523701 
6890 1.000000 0.400000 0.154974 -4.308494 3.339310 -3.542096 2.712035 
6900 1.000000 0.400000 0.153155 -4.383612 3.393464 -3.569970 2.899529 
6910 1.000000 0.400000 0.151597 -4.470314 3.439921 -3.630891 3.075800 
6920 1.000000 0.400000 0.150839 -4.560715 3.470420 -3.621658 3.263814 
6930 1.000000 0.400000 0.151505 -4.648949 3.483388 -3.627755 3.446102 
6940 1.000000 0.400000 0.153921 -4.723963 3.480606 -3.591269 3.636154 
6950 1.000000 0.400000 0.155853 -4.786653 3.468312 -3.586764 3.809962 
6960 1.000000 0.400000 0.156431 -4.837825 3.450381 -3.613293 3.992440 
6970 1.000000 0.400000 0.155664 -4.883503 3.426726 -3.747209 4.124407 
6980 1.000000 0.400000 0.153529 -4.925452 3.397366 -3.878277 4.248287 
6990 1.000000 0.400000 0.150046 -4.962803 3.363030 -4.035537 4.354411 
7000 1.000000 0.400000 0.145319 -4.995248 3.324015 -4.207987 4.398910 
7010 1.000000 0.400000 0.139460 -5.025818 3.277629 -4.396089 4.395163 
7020 1.000000 0.400000 0.132870 -5.050057 3.226296 -4.588535 4.424141 
7030 1.000000 0.400000 0.126304 -5.067064 3.171247 -4.774557 4.418461 
7040 1.000000 0.400000 0.120770 -5.075982 3.115092 -4.956308 4.406841 
7050 1.000000 0.400000 0.117195 -5.077243 3.063151 -5.134201 4.444335 
7060 1.000000 0.400000 0.115481 -5.072261 3.018400 -5.323504 4.448556 
7070 1.000000 0.400000 0.114966 -5.062503 2.978916 -5.512753 4.423136 
7080 1.000000 0.400000 0.115105 -5.048582 2.943079 -5.687600 4.335316 
7090 1.000000 0.400000 0.115620 -5.031405 2.911120 -5.852635 4.251513 
7100 1.000000 0.400000 0.116276 -5.010515 2.880969 -5.976005 4.125438 
7110 1.000000 0.400000 0.116997 -4.987138 2.854621 -6.091331 3.968756 
7120 1.000000 0.400000 0.117679 -4.959817 2.830020 -6.160882 3.796354 
7130 1.000000 0.400000 0.118382 -4.929189 2.808468 -6.236659 3.618967 
7140 1.000000 0.400000 0.119132 -4.896007 2.790774 -6.293561 3.433198 
7150 1.000000 0.400000 0.120082 -4.859453 2.776170 -6.274327 3.253415 
7160 1.000000 0.400000 0.121320 -4.820415 2.765783 -6.266197 3.061004 
7170 1.000000 0.400000 0.122906 -4.779746 2.760158 -6.265888 2.873424 
7180 1.000000 0.400000 0.124701 -4.740719 2.759600 -6.265995 2.693029 
7190 1.000000 0.400000 0.126616 -4.701467 2.763546 -6.172708 2.525273 
7200 1.000000 0.400000 0.128599 -4.660170 2.772499 -6.043362 2.403574 
7210 1.000000 0.400000 0.130472 -4.618319 2.786592 -5.956968 2.237473 
7220 1.000000 0.400000 0.131818 -4.578544 2.805977 -5.807347 2.114314 
7230 1.000000 0.400000 0.132606 -4.538635 2.831559 -5.645698 2.035164 
7240 1.000000 0.400000 0.132730 -4.499405 2.863329 -5.480611 1.971345 
7250 1.000000 0.400000 0.132332 -4.459349 2.903187 -5.292064 1.969076 
7260 1.000000 0.400000 0.131196 -4.421843 2.951071 -5.107063 1.944217 
7270 1.000000 0.400000 0.129680 -4.388599 3.006694 -4.921586 1.965883 
7280 1.000000 0.400000 0.128683 -4.359564 3.070040 -4.780719 2.045203 
7290 1.000000 0.400000 0.129370 -4.334835 3.143657 -4.596743 2.118951 
7300 1.000000 0.400000 0.132602 -4.319650 3.225482 -4.425226 2.199390 
7310 1.000000 0.400000 0.137889 -4.317875 3.307468 -4.242386 2.250790 
7320 1.000000 0.400000 0.143793 -4.329628 3.386529 -4.089491 2.360872 
7330 1.000000 0.400000 0.149500 -4.354092 3.464101 -3.945633 2.493247 
7340 1.000000 0.400000 0.154096 -4.390945 3.539175 -3.865493 2.663046 
7350 1.000000 0.400000 0.156747 -4.440461 3.610120 -3.809957 2.843944 
7360 1.000000 0.400000 0.156855 -4.500873 3.673154 -3.724871 3.008062 
7370 1.000000 0.400000 0.154162 -4.570360 3.724937 -3.720456 3.200470 
7380 1.000000 0.400000 0.151175 -4.651311 3.770613 -3.764953 3.374944 
7390 1.000000 0.400000 0.149158 -4.741410 3.805359 -3.829068 3.553335 
7400 1.000000 0.400000 0.149216 -4.833315 3.824474 -3.846939 3.733805 
7410 1.000000 0.400000 0.151315 -4.912961 3.826333 -3.795999 3.909726 
7420 1.000000 0.400000 0.153539 -4.973765 3.818476 -3.708663 4.082824 
7430 1.000000 0.400000 0.154513 -5.022268 3.805451 -3.725154 4.246763 
7440 1.000000 0.400000 0.154540 -5.065183 3.787851 -3.788360 4.428252 
7450 1.000000 0.400000 0.153403 -5.104972 3.765071 -3.947111 4.527668 
7460 1.000000 0.400000 0.151221 -5.143097 3.736937 -4.074015 4.655220 
7470 1.000000 0.400000 0.147917 -5.178204 3.703872 -4.236961 4.705041 
7480 1.000000 0.400000 0.143609 -5.210494 3.665603 -4.396195 4.770954 
7490 1.000000 0.400000 0.138538 -5.237055 3.624224 -4.579732 4.814418 
7500 1.000000 0.400000 0.132735 -5.259494 3.577419 -4.764377 4.789497 
7510 1.000000 0.400000 0.126658 -5.276951 3.525021 -4.951184 4.773080 
7520 1.000000 0.400000 0.121275 -5.287259 3.469922 -5.138052 4.756913 
7530 1.000000 0.400000 0.117629 -5.289454 3.417868 -5.324142 4.780229 
7540 1.000000 0.400000 0.115751 -5.285001 3.371414 -5.511863 4.795590 
7550 1.000000 0.400000 0.115162 -5.275461 3.330620 -5.707323 4.761129 
7560 1.000000 0.400000 0.115340 -5.262004 3.294470 -5.874368 4.696893 
7570 1.000000 0.400000 0.115894 -5.244732 3.261202 -6.023412 4.578765 
7580 1.000000 0.400000 0.116591 -5.223496 3.230130 -6.165788 4.448756 
7590 1.000000 0.400000 0.117333 -5.198538 3.201360 -6.267088 4.293855 
7600 1.000000 0.400000 0.118044 -5.170047 3.175588 -6.342087 4.127331 
7610 1.000000 0.400000 0.118762 -5.138325 3.153040 -6.415749 3.953091 
7620 1.000000 0.400000 0.119543 -5.104185 3.134568 -6.463414 3.776396 
7630 1.000000 0.400000 0.120503 -5.066777 3.119806 -6.481720 3.580559 
7640 1.000000 0.400000 0.121794 -5.025743 3.108887 -6.447670 3.399038 
7650 1.000000 0.400000 0.123470 -4.983342 3.103028 -6.445212 3.212843 
7660 1.000000 0.400000 0.125379 -4.942250 3.102548 -6.419372 3.037148 
7670 1.000000 0.400000 0.127464 -4.900697 3.106970 -6.339573 2.862789 
7680 1.000000 0.400000 0.129524 -4.858091 3.116834 -6.226801 2.712327 
7690 1.000000 0.400000 0.131340 -4.815278 3.132424 -6.097223 2.576406 
7700 1.000000 0.400000 0.132729 -4.772224 3.154231 -5.942351 2.470789 
7710 1.000000 0.400000 0.133486 -4.729684 3.182702 -5.772500 2.397369 
7720 1.000000 0.400000 0.133436 -4.687930 3.218757 -5.601907 2.311919 
7730 1.000000 0.400000 0.132377 -4.649676 3.262002 -5.411402 2.266197 
7740 1.000000 0.400000 0.130750 -4.613841 3.313345 -5.235204 2.304863 
7750 1.000000 0.400000 0.129134 -4.581009 3.373441 -5.056577 2.345560 
7760 1.000000 0.400000 0.128109 -4.554090 3.443038 -4.871518 2.407933 
7770 1.000000 0.400000 0.129009 -4.535632 3.520689 -4.706585 2.490282 
7780 1.000000 0.400000 0.132978 -4.527437 3.604899 -4.541461 2.588111 
7790 1.000000 0.400000 0.138908 -4.532877 3.688652 -4.381287 2.676590 
7800 1.000000 0.400000 0.145593 -4.551537 3.771264 -4.244407 2.800276 
7810 1.000000 0.400000 0.151418 -4.583170 3.850192 -4.120676 2.943841 
7820 1.000000 0.400000 0.155179 -4.627874 3.923725 -4.022872 3.108832 
7830 1.000000 0.400000 0.156538 -4.684993 3.991002 -3.972031 3.295198 
