7830 0 -4.532641 4.074188 2.170923 -3.972031 3.295198
7830 1 -4.441603 4.023028 2.129577 -3.972031 3.295198
7830 2 -4.611357 4.009723 2.294023 -3.972031 3.295198
7830 3 -4.721474 4.011481 2.377933 -3.972031 3.295198
7830 4 -4.442146 3.969921 2.180753 -3.972031 3.295198
7830 5 -4.926689 3.976777 2.524988 -3.972031 3.295198
7830 6 -4.747594 4.085309 2.328216 -3.972031 3.295198
7830 7 -4.812285 3.885539 2.554303 -3.972031 3.295198
7830 8 -4.774574 3.950973 2.462867 -3.972031 3.295198
7830 9 -4.828857 3.983559 2.479579 -3.972031 3.295198
7830 10 -4.730298 4.041872 2.377386 -3.972031 3.295198
7830 11 -4.654866 3.996038 2.354264 -3.972031 3.295198
7830 12 -4.501067 4.063718 2.168258 -3.972031 3.295198
7830 13 -4.807500 3.942518 2.489556 -3.972031 3.295198
7830 14 -4.581033 3.969622 2.308811 -3.972031 3.295198
7830 15 -4.857191 3.969409 2.507132 -3.972031 3.295198
7830 16 -4.540700 3.988482 2.259553 -3.972031 3.295198
7830 17 -4.515891 3.982468 2.236214 -3.972031 3.295198
7830 18 -4.658768 3.918901 2.423239 -3.972031 3.295198
7830 19 -4.690198 3.920380 2.445063 -3.972031 3.295198
7830 20 -4.586294 4.001531 2.283660 -3.972031 3.295198
7830 21 -4.566424 4.024365 2.233744 -3.972031 3.295198
7830 22 -4.581020 4.087898 2.193136 -3.972031 3.295198
7830 23 -4.688647 4.092140 2.272156 -3.972031 3.295198
7830 24 -4.797371 4.071327 2.358622 -3.972031 3.295198
7830 25 -4.699114 3.893668 2.489397 -3.972031 3.295198
7830 26 -4.464117 4.033687 2.160304 -3.972031 3.295198
7830 27 -4.875390 4.029180 2.440521 -3.972031 3.295198
7830 28 -4.582769 3.926221 2.334654 -3.972031 3.295198
7830 29 -4.890969 3.995609 2.507682 -3.972031 3.295198
7830 30 -4.470274 3.999687 2.179244 -3.972031 3.295198
7830 31 -4.697042 4.014359 2.364140 -3.972031 3.295198
7830 32 -4.827568 4.005599 2.448139 -3.972031 3.295198
7830 33 -4.644131 3.944965 2.399809 -3.972031 3.295198
7830 34 -4.732830 3.911146 2.481549 -3.972031 3.295198
7830 35 -4.722421 3.941107 2.454253 -3.972031 3.295198
7830 36 -4.707320 4.036892 2.317135 -3.972031 3.295198
7830 37 -4.601520 3.978397 2.322444 -3.972031 3.295198
7830 38 -4.834972 3.943229 2.521325 -3.972031 3.295198
7830 39 -4.611649 3.927117 2.405504 -3.972031 3.295198
7830 40 -4.755339 4.025283 2.345598 -3.972031 3.295198
7830 41 -4.798823 4.012190 2.410507 -3.972031 3.295198
7830 42 -4.679617 4.003711 2.336272 -3.972031 3.295198
7830 43 -4.836627 3.900775 2.560868 -3.972031 3.295198
7830 44 -4.741204 3.949178 2.475361 -3.972031 3.295198
7830 45 -4.735244 4.064071 2.330124 -3.972031 3.295198
7830 46 -4.591692 4.031762 2.246884 -3.972031 3.295198
7830 47 -4.705653 3.966627 2.425094 -3.972031 3.295198
7830 48 -4.626143 3.973252 2.366000 -3.972031 3.295198
7830 49 -4.680677 3.958817 2.420203 -3.972031 3.295198
7830 50 -4.838175 4.050281 2.391065 -3.972031 3.295198
7830 51 -4.535979 3.950779 2.290935 -3.972031 3.295198
7830 52 -4.477879 4.052093 2.138540 -3.972031 3.295198
7830 53 -4.583676 4.061262 2.244670 -3.972031 3.295198
7830 54 -4.677089 3.982497 2.383054 -3.972031 3.295198
7830 55 -4.751379 3.966882 2.430224 -3.972031 3.295198
7830 56 -4.559190 4.050654 2.205483 -3.972031 3.295198
7830 57 -4.522528 4.020525 2.221210 -3.972031 3.295198
7830 58 -4.772451 3.885497 2.530147 -3.972031 3.295198
7830 59 -4.485850 3.974188 2.215089 -3.972031 3.295198
7830 60 -4.759145 3.914548 2.489232 -3.972031 3.295198
7830 61 -4.667718 4.060898 2.260028 -3.972031 3.295198
7830 62 -4.792049 3.968383 2.439103 -3.972031 3.295198
7830 63 -4.633133 3.992718 2.320832 -3.972031 3.295198
7830 64 -4.617791 3.949810 2.342652 -3.972031 3.295198
7830 65 -4.533368 4.040762 2.195103 -3.972031 3.295198
7830 66 -4.638304 4.093684 2.228207 -3.972031 3.295198
7830 67 -4.633200 4.048408 2.312602 -3.972031 3.295198
7830 68 -4.857059 3.919717 2.557138 -3.972031 3.295198
7830 69 -4.866888 3.944680 2.523650 -3.972031 3.295198
7830 70 -4.777880 3.926957 2.503613 -3.972031 3.295198
7830 71 -4.785814 4.050146 2.380292 -3.972031 3.295198
7830 72 -4.903662 3.907258 2.599060 -3.972031 3.295198
7830 73 -4.657116 4.028738 2.314053 -3.972031 3.295198
7830 74 -4.408806 3.993819 2.132035 -3.972031 3.295198
7830 75 -4.658222 3.961202 2.356028 -3.972031 3.295198
7830 76 -4.735391 3.986180 2.418334 -3.972031 3.295198
7830 77 -4.826598 4.028518 2.395521 -3.972031 3.295198
7830 78 -4.806027 3.917400 2.538307 -3.972031 3.295198
7830 79 -4.908106 3.958000 2.518854 -3.972031 3.295198
7830 80 -4.815314 3.968029 2.488051 -3.972031 3.295198
7830 81 -4.411725 4.022014 2.083941 -3.972031 3.295198
7830 82 -4.561915 3.958033 2.308204 -3.972031 3.295198
7830 83 -4.558529 4.001502 2.269594 -3.972031 3.295198
7830 84 -4.678120 4.035611 2.334551 -3.972031 3.295198
7830 85 -4.897615 3.935888 2.554843 -3.972031 3.295198
7830 86 -4.695637 4.064223 2.329485 -3.972031 3.295198
7830 87 -4.631132 4.070813 2.236416 -3.972031 3.295198
7830 88 -4.637245 4.019076 2.292386 -3.972031 3.295198
7830 89 -4.747019 4.006486 2.409895 -3.972031 3.295198
7830 90 -4.499177 4.011961 2.188925 -3.972031 3.295198
7830 91 -4.875441 3.890673 2.590556 -3.972031 3.295198
7830 92 -4.501707 3.945744 2.268358 -3.972031 3.295198
7830 93 -4.774032 4.032987 2.412070 -3.972031 3.295198
7830 94 -4.612085 4.041220 2.252252 -3.972031 3.295198
7830 95 -4.711458 3.986749 2.369557 -3.972031 3.295198
7830 96 -4.766900 3.982478 2.416561 -3.972031 3.295198
7830 97 -4.782596 3.997108 2.416389 -3.972031 3.295198
7830 98 -4.699488 3.940404 2.416668 -3.972031 3.295198
7830 99 -4.862139 3.995041 2.451390 -3.972031 3.295198
