10 1.000000 0.400000 0.800394 -0.076601 0.130887 -0.098371 -1.845960 
20 1.000000 0.400000 0.793330 -0.078385 0.155189 -0.227864 -1.704893 
30 1.000000 0.400000 0.788365 -0.079263 0.183544 -0.332825 -1.547734 
40 1.000000 0.400000 0.786180 -0.078078 0.214897 -0.488971 -1.436366 
50 1.000000 0.400000 0.786168 -0.074220 0.245485 -0.651447 -1.398911 
60 1.000000 0.400000 0.786779 -0.067955 0.273671 -0.839054 -1.354020 
70 1.000000 0.400000 0.786847 -0.059343 0.299977 -0.996482 -1.253919 
80 1.000000 0.400000 0.785631 -0.048319 0.325001 -1.158504 -1.146542 
90 1.000000 0.400000 0.782367 -0.034557 0.349240 -1.276718 -0.990431 
100 1.000000 0.400000 0.776642 -0.017798 0.372760 -1.379636 -0.829110 
110 1.000000 0.400000 0.768234 0.001723 0.394663 -1.439630 -0.659645 
120 1.000000 0.400000 0.758056 0.025222 0.417046 -1.410510 -0.477792 
130 1.000000 0.400000 0.746654 0.053109 0.439711 -1.404919 -0.288648 
140 1.000000 0.400000 0.734010 0.085059 0.460580 -1.407891 -0.096548 
150 1.000000 0.400000 0.721268 0.121331 0.479199 -1.355151 0.085399 
160 1.000000 0.400000 0.710166 0.161136 0.494677 -1.323245 0.269362 
170 1.000000 0.400000 0.702285 0.202477 0.506092 -1.314613 0.443606 
180 1.000000 0.400000 0.697162 0.240162 0.511911 -1.392158 0.618015 
190 1.000000 0.400000 0.693642 0.273416 0.513359 -1.423972 0.809496 
200 1.000000 0.400000 0.690853 0.302864 0.511592 -1.443052 0.993817 
210 1.000000 0.400000 0.688064 0.328980 0.507384 -1.451758 1.174917 
220 1.000000 0.400000 0.684784 0.353184 0.500988 -1.374539 1.348648 
230 1.000000 0.400000 0.680506 0.376265 0.492314 -1.270626 1.493407 
240 1.000000 0.400000 0.674877 0.398505 0.481354 -1.157248 1.645537 
250 1.000000 0.400000 0.667148 0.419690 0.467967 -1.028771 1.772736 
260 1.000000 0.400000 0.656915 0.439659 0.452119 -0.865740 1.862655 
270 1.000000 0.400000 0.643954 0.458614 0.433497 -0.689898 1.940335 
280 1.000000 0.400000 0.628475 0.476622 0.411750 -0.521973 1.966561 
290 1.000000 0.400000 0.611056 0.493302 0.386909 -0.332593 1.954415 
300 1.000000 0.400000 0.591918 0.509091 0.357550 -0.146626 1.901037 
310 1.000000 0.400000 0.572204 0.523872 0.322698 0.030630 1.819863 
320 1.000000 0.400000 0.554362 0.537835 0.282121 0.156350 1.700651 
330 1.000000 0.400000 0.540435 0.549342 0.236283 0.322812 1.641975 
340 1.000000 0.400000 0.532300 0.555606 0.188762 0.507127 1.592649 
350 1.000000 0.400000 0.529746 0.555924 0.144945 0.692888 1.635845 
360 1.000000 0.400000 0.530100 0.552219 0.108760 0.871316 1.691107 
370 1.000000 0.400000 0.531288 0.545975 0.078460 1.062479 1.716847 
380 1.000000 0.400000 0.532502 0.537920 0.051985 1.230155 1.704117 
390 1.000000 0.400000 0.533012 0.528214 0.028451 1.407835 1.643853 
400 1.000000 0.400000 0.532754 0.516542 0.006232 1.543336 1.518320 
410 1.000000 0.400000 0.531277 0.502785 -0.014781 1.676768 1.402805 
420 1.000000 0.400000 0.528537 0.486655 -0.035224 1.753800 1.235916 
430 1.000000 0.400000 0.524105 0.467667 -0.054998 1.834072 1.063406 
440 1.000000 0.400000 0.517754 0.445847 -0.073505 1.882153 0.882205 
450 1.000000 0.400000 0.509703 0.420753 -0.090766 1.910832 0.693161 
460 1.000000 0.400000 0.500659 0.391867 -0.107019 1.889586 0.522100 
470 1.000000 0.400000 0.491233 0.359212 -0.121510 1.871295 0.344789 
480 1.000000 0.400000 0.482627 0.322988 -0.133944 1.808218 0.181111 
490 1.000000 0.400000 0.475823 0.282138 -0.143429 1.744839 -0.001593 
500 1.000000 0.400000 0.472472 0.238772 -0.148456 1.698745 -0.182149 
510 1.000000 0.400000 0.472850 0.197013 -0.148269 1.673038 -0.349467 
520 1.000000 0.400000 0.476130 0.159443 -0.143907 1.736364 -0.508940 
530 1.000000 0.400000 0.479947 0.128730 -0.137316 1.766388 -0.698136 
540 1.000000 0.400000 0.482817 0.103773 -0.129620 1.803435 -0.866152 
550 1.000000 0.400000 0.484712 0.081805 -0.120472 1.740969 -1.038843 
560 1.000000 0.400000 0.485147 0.062021 -0.109855 1.663478 -1.212201 
570 1.000000 0.400000 0.483676 0.043579 -0.097463 1.528256 -1.340267 
580 1.000000 0.400000 0.479674 0.026530 -0.083345 1.382374 -1.470903 
590 1.000000 0.400000 0.472331 0.010926 -0.067397 1.219996 -1.575893 
600 1.000000 0.400000 0.461847 -0.003874 -0.049027 1.040788 -1.613282 
610 1.000000 0.400000 0.448304 -0.018077 -0.027698 0.857242 -1.612901 
620 1.000000 0.400000 0.431761 -0.032097 -0.002070 0.670562 -1.560882 
630 1.000000 0.400000 0.412639 -0.045014 0.027847 0.493084 -1.512281 
640 1.000000 0.400000 0.391879 -0.056966 0.063441 0.324894 -1.433518 
650 1.000000 0.400000 0.370780 -0.066473 0.104400 0.175348 -1.324052 
660 1.000000 0.400000 0.351506 -0.073389 0.152462 0.037169 -1.189758 
670 1.000000 0.400000 0.337195 -0.076930 0.207688 -0.065493 -1.046471 
680 1.000000 0.400000 0.330891 -0.076553 0.270707 -0.167818 -0.892942 
690 1.000000 0.400000 0.332341 -0.068427 0.336266 -0.327781 -0.823294 
700 1.000000 0.400000 0.336421 -0.053417 0.392213 -0.516597 -0.821370 
710 1.000000 0.400000 0.339674 -0.033566 0.439065 -0.684866 -0.742498 
720 1.000000 0.400000 0.341235 -0.009140 0.480485 -0.836322 -0.641159 
730 1.000000 0.400000 0.340653 0.019211 0.517066 -0.926392 -0.496417 
740 1.000000 0.400000 0.338297 0.052144 0.551121 -1.002950 -0.332682 
750 1.000000 0.400000 0.333889 0.089966 0.582241 -1.067130 -0.171350 
760 1.000000 0.400000 0.327208 0.131447 0.608404 -1.101802 0.020736 
770 1.000000 0.400000 0.318493 0.176846 0.629340 -1.116354 0.211345 
780 1.000000 0.400000 0.308567 0.225581 0.644466 -1.087892 0.395298 
790 1.000000 0.400000 0.298366 0.278578 0.653829 -1.022851 0.580236 
800 1.000000 0.400000 0.288835 0.334018 0.655809 -0.969660 0.771784 
810 1.000000 0.400000 0.280602 0.386901 0.649634 -0.928834 0.963244 
820 1.000000 0.400000 0.273278 0.435032 0.636513 -0.857512 1.142148 
830 1.000000 0.400000 0.265912 0.480430 0.616820 -0.732243 1.290554 
840 1.000000 0.400000 0.258033 0.522271 0.591369 -0.589342 1.404958 
850 1.000000 0.400000 0.249547 0.560268 0.561224 -0.466480 1.517921 
860 1.000000 0.400000 0.240048 0.595278 0.525497 -0.278786 1.571522 
870 1.000000 0.400000 0.229328 0.626506 0.483569 -0.090683 1.615996 
880 1.000000 0.400000 0.218071 0.652305 0.436481 0.102728 1.627920 
890 1.000000 0.400000 0.206913 0.673193 0.383111 0.272395 1.563518 
900 1.000000 0.400000 0.197507 0.688033 0.326121 0.455865 1.568350 
910 1.000000 0.400000 0.190974 0.694249 0.268362 0.647805 1.538677 
920 1.000000 0.400000 0.187642 0.691943 0.212851 0.838421 1.529646 
930 1.000000 0.400000 0.186656 0.683069 0.164252 1.023278 1.513219 
940 1.000000 0.400000 0.186751 0.669485 0.122219 1.204786 1.478387 
950 1.000000 0.400000 0.187138 0.651396 0.083940 1.348820 1.360047 
960 1.000000 0.400000 0.187442 0.629957 0.049279 1.490407 1.264786 
970 1.000000 0.400000 0.187458 0.604048 0.016292 1.564685 1.104643 
980 1.000000 0.400000 0.186909 0.574399 -0.013523 1.675729 0.958455 
990 1.000000 0.400000 0.185696 0.540881 -0.040084 1.722394 0.779232 
1000 1.000000 0.400000 0.184045 0.501277 -0.065125 1.709813 0.586132 
1010 1.000000 0.400000 0.182024 0.455550 -0.086750 1.694456 0.389799 
1020 1.000000 0.400000 0.180102 0.404269 -0.103513 1.642414 0.208773 
1030 1.000000 0.400000 0.178797 0.348848 -0.114405 1.608184 0.024496 
1040 1.000000 0.400000 0.178828 0.289909 -0.118229 1.505432 -0.128659 
1050 1.000000 0.400000 0.180452 0.230101 -0.114013 1.454701 -0.311495 
1060 1.000000 0.400000 0.183004 0.168318 -0.101422 1.314971 -0.435634 
1070 1.000000 0.400000 0.184696 0.109560 -0.080650 1.230008 -0.585723 
1080 1.000000 0.400000 0.185182 0.053739 -0.052176 1.081820 -0.689850 
1090 1.000000 0.400000 0.184057 0.000365 -0.015456 0.921458 -0.750782 
1100 1.000000 0.400000 0.180874 -0.049168 0.029197 0.753903 -0.826654 
1110 1.000000 0.400000 0.175496 -0.094535 0.082736 0.574855 -0.822232 
1120 1.000000 0.400000 0.168920 -0.137873 0.146920 0.390622 -0.766681 
1130 1.000000 0.400000 0.161848 -0.177403 0.222851 0.217746 -0.685593 
1140 1.000000 0.400000 0.156322 -0.210476 0.309031 0.063553 -0.608591 
1150 1.000000 0.400000 0.154094 -0.231429 0.402252 -0.107677 -0.527684 
1160 1.000000 0.400000 0.156388 -0.236184 0.496270 -0.298427 -0.498924 
1170 1.000000 0.400000 0.160221 -0.224967 0.578535 -0.480567 -0.465839 
1180 1.000000 0.400000 0.162676 -0.202346 0.647888 -0.666111 -0.408156 
1190 1.000000 0.400000 0.163377 -0.170159 0.710750 -0.775467 -0.259126 
1200 1.000000 0.400000 0.161724 -0.129364 0.767232 -0.890467 -0.106687 
1210 1.000000 0.400000 0.157499 -0.080851 0.816825 -0.931326 0.067163 
1220 1.000000 0.400000 0.150986 -0.023860 0.860403 -0.980707 0.248752 
1230 1.000000 0.400000 0.142547 0.041206 0.896608 -0.951730 0.437283 
1240 1.000000 0.400000 0.133101 0.112287 0.923121 -0.940908 0.626559 
1250 1.000000 0.400000 0.123949 0.187807 0.938176 -0.892197 0.817104 
1260 1.000000 0.400000 0.117216 0.259465 0.941214 -0.956295 0.952801 
1270 1.000000 0.400000 0.114500 0.310928 0.940723 -1.119196 0.917370 
1280 1.000000 0.400000 0.114261 0.350360 0.943799 -1.179747 0.749946 
1290 1.000000 0.400000 0.115302 0.385007 0.950508 -1.160269 0.565576 
1300 1.000000 0.400000 0.117061 0.416736 0.960698 -1.105347 0.388883 
1310 1.000000 0.400000 0.119126 0.445672 0.973823 -1.023739 0.208428 
1320 1.000000 0.400000 0.121290 0.472805 0.990071 -0.888932 0.077011 
1330 1.000000 0.400000 0.123358 0.498292 1.009534 -0.738314 -0.038148 
1340 1.000000 0.400000 0.125207 0.521235 1.031404 -0.599145 -0.158448 
1350 1.000000 0.400000 0.126814 0.542878 1.057172 -0.411363 -0.215752 
1360 1.000000 0.400000 0.128092 0.562113 1.086140 -0.233125 -0.278461 
1370 1.000000 0.400000 0.129240 0.580093 1.119932 -0.051650 -0.222498 
1380 1.000000 0.400000 0.130302 0.595596 1.158692 0.140641 -0.211876 
1390 1.000000 0.400000 0.131303 0.606909 1.201191 0.332701 -0.203888 
1400 1.000000 0.400000 0.132262 0.612999 1.245772 0.512760 -0.164449 
1410 1.000000 0.400000 0.133349 0.613870 1.293551 0.671087 -0.062467 
1420 1.000000 0.400000 0.134751 0.609406 1.345037 0.790138 0.050078 
1430 1.000000 0.400000 0.136124 0.598805 1.397362 0.949581 0.139394 
1440 1.000000 0.400000 0.136940 0.580980 1.449357 1.082175 0.266422 
1450 1.000000 0.400000 0.137100 0.554936 1.503238 1.140387 0.442247 
1460 1.000000 0.400000 0.136530 0.519732 1.559306 1.210366 0.620273 
1470 1.000000 0.400000 0.134632 0.474471 1.613954 1.240235 0.804747 
1480 1.000000 0.400000 0.131654 0.418050 1.667887 1.212479 0.985855 
1490 1.000000 0.400000 0.128210 0.350017 1.720461 1.198142 1.156911 
1500 1.000000 0.400000 0.124484 0.272681 1.766072 1.155785 1.331657 
1510 1.000000 0.400000 0.121697 0.186533 1.802821 1.084726 1.482101 
1520 1.000000 0.400000 0.122338 0.091415 1.830724 0.988406 1.638317 
1530 1.000000 0.400000 0.126551 -0.006662 1.843420 0.926937 1.821788 
1540 1.000000 0.400000 0.134067 -0.102424 1.837689 0.850371 1.998331 
1550 1.000000 0.400000 0.139851 -0.186465 1.816104 0.776774 2.162928 
1560 1.000000 0.400000 0.143325 -0.261169 1.782255 0.666565 2.311481 
1570 1.000000 0.400000 0.144217 -0.327007 1.738828 0.506281 2.383341 
1580 1.000000 0.400000 0.142752 -0.386311 1.685447 0.334324 2.456535 
1590 1.000000 0.400000 0.138562 -0.435319 1.624014 0.163017 2.506824 
1600 1.000000 0.400000 0.132739 -0.477593 1.552592 -0.024993 2.466601 
1610 1.000000 0.400000 0.125992 -0.509894 1.472777 -0.212617 2.437439 
1620 1.000000 0.400000 0.119801 -0.527656 1.391346 -0.394463 2.446296 
1630 1.000000 0.400000 0.115933 -0.531703 1.321267 -0.523931 2.563765 
1640 1.000000 0.400000 0.115175 -0.533493 1.271535 -0.424886 2.700329 
1650 1.000000 0.400000 0.116446 -0.539529 1.230387 -0.248325 2.709978 
1660 1.000000 0.400000 0.118807 -0.549563 1.193619 -0.070568 2.658608 
1670 1.000000 0.400000 0.121594 -0.562860 1.160664 0.095040 2.579654 
1680 1.000000 0.400000 0.124490 -0.579273 1.130653 0.267491 2.514114 
1690 1.000000 0.400000 0.127220 -0.598523 1.103105 0.387848 2.364767 
1700 1.000000 0.400000 0.129693 -0.621235 1.077422 0.473745 2.196037 
1710 1.000000 0.400000 0.131824 -0.647193 1.053835 0.579405 2.041550 
1720 1.000000 0.400000 0.133522 -0.676345 1.033021 0.639808 1.859066 
1730 1.000000 0.400000 0.134875 -0.709504 1.014297 0.623684 1.676936 
1740 1.000000 0.400000 0.136088 -0.748362 0.997609 0.589391 1.484196 
1750 1.000000 0.400000 0.137332 -0.793380 0.983880 0.536471 1.299002 
1760 1.000000 0.400000 0.138591 -0.843934 0.974417 0.469521 1.121103 
1770 1.000000 0.400000 0.140033 -0.897818 0.970924 0.370967 0.959008 
1780 1.000000 0.400000 0.142587 -0.956099 0.975174 0.258503 0.795738 
1790 1.000000 0.400000 0.144789 -1.018808 0.988119 0.111600 0.668643 
1800 1.000000 0.400000 0.146599 -1.083046 1.010634 -0.029037 0.541546 
1810 1.000000 0.400000 0.147366 -1.147069 1.043406 -0.204059 0.474121 
1820 1.000000 0.400000 0.146779 -1.211469 1.088024 -0.392909 0.418320 
1830 1.000000 0.400000 0.143917 -1.270656 1.144141 -0.579019 0.372451 
1840 1.000000 0.400000 0.139276 -1.325338 1.212495 -0.768771 0.387820 
1850 1.000000 0.400000 0.134107 -1.375282 1.292679 -0.921707 0.471986 
1860 1.000000 0.400000 0.130293 -1.419266 1.383470 -1.083441 0.544695 
1870 1.000000 0.400000 0.129219 -1.451044 1.483479 -1.262486 0.609805 
1880 1.000000 0.400000 0.132790 -1.465972 1.586571 -1.435039 0.668646 
1890 1.000000 0.400000 0.138127 -1.461044 1.678452 -1.621470 0.670183 
1900 1.000000 0.400000 0.142711 -1.442164 1.757832 -1.785671 0.748308 
1910 1.000000 0.400000 0.145693 -1.412220 1.829402 -1.928286 0.856642 
1920 1.000000 0.400000 0.145801 -1.373483 1.890392 -2.067441 0.987556 
1930 1.000000 0.400000 0.143212 -1.326097 1.943566 -2.145147 1.166761 
1940 1.000000 0.400000 0.138812 -1.268841 1.993002 -2.147075 1.347088 
1950 1.000000 0.400000 0.132337 -1.204145 2.033313 -2.164018 1.524842 
1960 1.000000 0.400000 0.124757 -1.131514 2.065619 -2.128248 1.714155 
1970 1.000000 0.400000 0.117213 -1.055826 2.085589 -2.139837 1.900029 
1980 1.000000 0.400000 0.111491 -0.986518 2.092003 -2.215795 2.040394 
1990 1.000000 0.400000 0.109361 -0.935698 2.095038 -2.343982 1.952559 
2000 1.000000 0.400000 0.109608 -0.894431 2.102238 -2.359022 1.763873 
2010 1.000000 0.400000 0.111141 -0.857981 2.113527 -2.308564 1.577661 
2020 1.000000 0.400000 0.113331 -0.825564 2.127993 -2.249195 1.402372 
2030 1.000000 0.400000 0.115725 -0.796880 2.144982 -2.133843 1.253225 
2040 1.000000 0.400000 0.118161 -0.770348 2.165290 -1.988164 1.119163 
2050 1.000000 0.400000 0.120468 -0.746086 2.188902 -1.826965 1.014040 
2060 1.000000 0.400000 0.122546 -0.724575 2.215444 -1.648588 0.933215 
2070 1.000000 0.400000 0.124459 -0.705117 2.245450 -1.474488 0.909022 
2080 1.000000 0.400000 0.126187 -0.688213 2.279212 -1.286904 0.900082 
2090 1.000000 0.400000 0.127812 -0.674290 2.317033 -1.098708 0.915479 
2100 1.000000 0.400000 0.129397 -0.664503 2.358097 -0.911451 0.937795 
2110 1.000000 0.400000 0.130939 -0.659570 2.401956 -0.729758 0.997304 
2120 1.000000 0.400000 0.132647 -0.659768 2.450221 -0.568114 1.099722 
2130 1.000000 0.400000 0.134617 -0.665673 2.502708 -0.427793 1.215919 
2140 1.000000 0.400000 0.136255 -0.678942 2.556322 -0.287388 1.337844 
2150 1.000000 0.400000 0.137481 -0.699930 2.611699 -0.195768 1.497116 
2160 1.000000 0.400000 0.138128 -0.729977 2.669761 -0.136854 1.679478 
2170 1.000000 0.400000 0.137483 -0.769801 2.726855 -0.051850 1.837376 
2180 1.000000 0.400000 0.135710 -0.818825 2.782164 -0.043103 2.018640 
2190 1.000000 0.400000 0.133007 -0.879769 2.837166 -0.083000 2.201781 
2200 1.000000 0.400000 0.129101 -0.950362 2.885506 -0.068435 2.382042 
2210 1.000000 0.400000 0.125295 -1.032437 2.928407 -0.165734 2.547938 
2220 1.000000 0.400000 0.123497 -1.127085 2.963673 -0.256073 2.719915 
2230 1.000000 0.400000 0.125594 -1.229952 2.985239 -0.346788 2.872997 
2240 1.000000 0.400000 0.132954 -1.332477 2.991212 -0.404855 3.038337 
2250 1.000000 0.400000 0.141191 -1.423691 2.979393 -0.438074 3.209053 
2260 1.000000 0.400000 0.146801 -1.502248 2.954818 -0.524104 3.362292 
2270 1.000000 0.400000 0.149728 -1.571575 2.919565 -0.660517 3.484091 
2280 1.000000 0.400000 0.150243 -1.635674 2.873419 -0.829767 3.556011 
2290 1.000000 0.400000 0.148490 -1.694432 2.817010 -1.003111 3.609475 
2300 1.000000 0.400000 0.143964 -1.744556 2.750788 -1.195553 3.615280 
2310 1.000000 0.400000 0.137195 -1.783970 2.676298 -1.388195 3.625003 
2320 1.000000 0.400000 0.129372 -1.811808 2.593779 -1.578185 3.573538 
2330 1.000000 0.400000 0.122402 -1.824104 2.511157 -1.769959 3.588752 
2340 1.000000 0.400000 0.117896 -1.822386 2.441507 -1.944612 3.667359 
2350 1.000000 0.400000 0.115726 -1.814936 2.390243 -2.101041 3.765806 
2360 1.000000 0.400000 0.114259 -1.803284 2.347614 -2.277578 3.722358 
2370 1.000000 0.400000 0.112863 -1.787172 2.309079 -2.450238 3.655701 
2380 1.000000 0.400000 0.111325 -1.766917 2.273232 -2.557391 3.506292 
2390 1.000000 0.400000 0.109564 -1.742572 2.240159 -2.698269 3.380136 
2400 1.000000 0.400000 0.107511 -1.714059 2.210368 -2.806229 3.216760 
2410 1.000000 0.400000 0.105306 -1.682344 2.184868 -2.897632 3.047869 
2420 1.000000 0.400000 0.103021 -1.646850 2.162936 -2.936700 2.859305 
2430 1.000000 0.400000 0.101025 -1.609663 2.146056 -2.994060 2.678339 
2440 1.000000 0.400000 0.099465 -1.570383 2.133984 -2.996720 2.487834 
2450 1.000000 0.400000 0.098633 -1.531285 2.127034 -3.029330 2.302636 
2460 1.000000 0.400000 0.098514 -1.492127 2.125096 -3.010124 2.110630 
2470 1.000000 0.400000 0.099087 -1.453568 2.128041 -2.958656 1.926801 
2480 1.000000 0.400000 0.100136 -1.416954 2.135456 -2.938123 1.741409 
2490 1.000000 0.400000 0.101430 -1.383696 2.146365 -2.856936 1.573651 
2500 1.000000 0.400000 0.102779 -1.351994 2.160860 -2.756648 1.428906 
2510 1.000000 0.400000 0.104027 -1.321390 2.179359 -2.599784 1.309193 
2520 1.000000 0.400000 0.105157 -1.290085 2.203202 -2.418059 1.266918 
2530 1.000000 0.400000 0.106094 -1.259386 2.232425 -2.245422 1.173334 
2540 1.000000 0.400000 0.106779 -1.230967 2.266935 -2.068293 1.132896 
2550 1.000000 0.400000 0.107337 -1.205014 2.306735 -1.892908 1.125004 
2560 1.000000 0.400000 0.107894 -1.183480 2.350255 -1.723333 1.093038 
2570 1.000000 0.400000 0.108729 -1.165996 2.398684 -1.543284 1.151969 
2580 1.000000 0.400000 0.110177 -1.153042 2.453955 -1.359025 1.215332 
2590 1.000000 0.400000 0.112356 -1.147344 2.513188 -1.182645 1.281054 
2600 1.000000 0.400000 0.115349 -1.149353 2.576254 -1.027921 1.388736 
2610 1.000000 0.400000 0.118553 -1.160479 2.639556 -0.873995 1.487759 
2620 1.000000 0.400000 0.122004 -1.180528 2.705162 -0.784079 1.646958 
2630 1.000000 0.400000 0.124846 -1.210925 2.770352 -0.665528 1.800441 
2640 1.000000 0.400000 0.127165 -1.252675 2.836684 -0.644372 1.990562 
2650 1.000000 0.400000 0.128615 -1.306175 2.901908 -0.598519 2.168401 
2660 1.000000 0.400000 0.128637 -1.372122 2.961885 -0.600227 2.363219 
2670 1.000000 0.400000 0.127480 -1.450068 3.013653 -0.606768 2.558069 
2680 1.000000 0.400000 0.126397 -1.537434 3.053944 -0.666893 2.722036 
2690 1.000000 0.400000 0.127831 -1.632853 3.082043 -0.732457 2.905405 
2700 1.000000 0.400000 0.133128 -1.732646 3.095935 -0.804113 3.065736 
2710 1.000000 0.400000 0.140636 -1.824824 3.091271 -0.847573 3.241718 
2720 1.000000 0.400000 0.146928 -1.908656 3.071705 -0.926329 3.401646 
2730 1.000000 0.400000 0.150638 -1.982960 3.039998 -1.046169 3.551227 
2740 1.000000 0.400000 0.151394 -2.048762 2.997666 -1.196748 3.669621 
2750 1.000000 0.400000 0.149223 -2.106925 2.945348 -1.375902 3.714710 
2760 1.000000 0.400000 0.144933 -2.160108 2.882337 -1.559425 3.710332 
2770 1.000000 0.400000 0.138576 -2.204939 2.810020 -1.746299 3.729014 
2780 1.000000 0.400000 0.130716 -2.238357 2.729986 -1.930408 3.683745 
2790 1.000000 0.400000 0.123232 -2.259088 2.645890 -2.106279 3.670281 
2800 1.000000 0.400000 0.117740 -2.264130 2.571564 -2.287919 3.739185 
2810 1.000000 0.400000 0.114620 -2.259574 2.513356 -2.453564 3.834805 
2820 1.000000 0.400000 0.112720 -2.249731 2.466981 -2.639819 3.824384 
2830 1.000000 0.400000 0.111179 -2.235350 2.426650 -2.819379 3.778030 
2840 1.000000 0.400000 0.109626 -2.216528 2.389853 -2.973482 3.666974 
2850 1.000000 0.400000 0.107976 -2.193881 2.356415 -3.109008 3.545498 
2860 1.000000 0.400000 0.106134 -2.167330 2.326064 -3.225042 3.396373 
2870 1.000000 0.400000 0.104174 -2.137612 2.299756 -3.318751 3.226640 
2880 1.000000 0.400000 0.102144 -2.104271 2.276933 -3.390629 3.046514 
2890 1.000000 0.400000 0.100208 -2.067248 2.257751 -3.380986 2.865353 
2900 1.000000 0.400000 0.098790 -2.028885 2.242939 -3.438932 2.695720 
2910 1.000000 0.400000 0.098039 -1.989551 2.233073 -3.459715 2.513696 
2920 1.000000 0.400000 0.098032 -1.951119 2.228300 -3.482100 2.331925 
2930 1.000000 0.400000 0.098661 -1.914198 2.228293 -3.465473 2.140081 
2940 1.000000 0.400000 0.099745 -1.879234 2.232385 -3.429769 1.972938 
2950 1.000000 0.400000 0.101096 -1.844677 2.240527 -3.355489 1.792201 
2960 1.000000 0.400000 0.102564 -1.810736 2.252818 -3.242797 1.646517 
2970 1.000000 0.400000 0.103948 -1.778716 2.268849 -3.143505 1.488528 
2980 1.000000 0.400000 0.105167 -1.748421 2.288103 -3.025486 1.396724 
2990 1.000000 0.400000 0.106197 -1.720078 2.310489 -2.896114 1.279837 
3000 1.000000 0.400000 0.106906 -1.694279 2.336128 -2.722377 1.205521 
3010 1.000000 0.400000 0.107352 -1.668909 2.367278 -2.537286 1.169668 
3020 1.000000 0.400000 0.107560 -1.645747 2.403542 -2.345477 1.170189 
3030 1.000000 0.400000 0.107764 -1.624061 2.446904 -2.161582 1.211952 
3040 1.000000 0.400000 0.108250 -1.605425 2.497332 -1.979661 1.278351 
3050 1.000000 0.400000 0.109402 -1.591901 2.554005 -1.803728 1.339135 
3060 1.000000 0.400000 0.111450 -1.585800 2.615353 -1.621181 1.402956 
3070 1.000000 0.400000 0.114269 -1.588497 2.679275 -1.448147 1.488913 
3080 1.000000 0.400000 0.117301 -1.600245 2.742708 -1.286472 1.567216 
3090 1.000000 0.400000 0.120009 -1.620893 2.804277 -1.172876 1.719212 
3100 1.000000 0.400000 0.122346 -1.651500 2.867611 -1.106501 1.896188 
3110 1.000000 0.400000 0.124346 -1.692917 2.932799 -1.079189 2.080969 
3120 1.000000 0.400000 0.125573 -1.746275 2.997253 -1.043552 2.265924 
3130 1.000000 0.400000 0.125372 -1.812197 3.056123 -1.032513 2.461087 
3140 1.000000 0.400000 0.124795 -1.890236 3.109152 -1.071179 2.638427 
3150 1.000000 0.400000 0.124681 -1.979023 3.151704 -1.121587 2.824607 
3160 1.000000 0.400000 0.126775 -2.076091 3.180105 -1.165281 3.015810 
3170 1.000000 0.400000 0.131135 -2.172857 3.189632 -1.235424 3.195991 
3180 1.000000 0.400000 0.138161 -2.266816 3.181167 -1.312262 3.371864 
3190 1.000000 0.400000 0.143570 -2.351680 3.157135 -1.393417 3.537371 
3200 1.000000 0.400000 0.146455 -2.425740 3.121470 -1.527615 3.659313 
3210 1.000000 0.400000 0.146325 -2.490750 3.074964 -1.683637 3.777112 
3220 1.000000 0.400000 0.143274 -2.545526 3.020366 -1.846706 3.830813 
3230 1.000000 0.400000 0.138167 -2.593929 2.956302 -2.025938 3.825390 
3240 1.000000 0.400000 0.131578 -2.635196 2.882530 -2.211815 3.819210 
3250 1.000000 0.400000 0.124169 -2.664519 2.802507 -2.395608 3.792142 
3260 1.000000 0.400000 0.117712 -2.679111 2.723605 -2.567462 3.836049 
3270 1.000000 0.400000 0.113841 -2.681403 2.660084 -2.726807 3.944624 
3280 1.000000 0.400000 0.111688 -2.676743 2.610564 -2.902169 3.991807 
3290 1.000000 0.400000 0.110087 -2.666609 2.567107 -3.087107 3.946703 
3300 1.000000 0.400000 0.108685 -2.651849 2.527642 -3.260275 3.879467 
3310 1.000000 0.400000 0.107276 -2.632710 2.491505 -3.408164 3.760081 
3320 1.000000 0.400000 0.105835 -2.609804 2.459151 -3.553689 3.634334 
3330 1.000000 0.400000 0.104323 -2.583718 2.430602 -3.687764 3.502590 
3340 1.000000 0.400000 0.102695 -2.554329 2.405496 -3.746139 3.317384 
3350 1.000000 0.400000 0.101070 -2.521229 2.383217 -3.792082 3.153628 
3360 1.000000 0.400000 0.099615 -2.484825 2.364067 -3.841209 2.984577 
3370 1.000000 0.400000 0.098637 -2.447238 2.349428 -3.871361 2.809875 
3380 1.000000 0.400000 0.098265 -2.409663 2.339990 -3.915233 2.625917 
3390 1.000000 0.400000 0.098473 -2.371926 2.335272 -3.880130 2.448273 
3400 1.000000 0.400000 0.099245 -2.334591 2.334978 -3.889885 2.260837 
3410 1.000000 0.400000 0.100396 -2.299676 2.338823 -3.865321 2.076351 
3420 1.000000 0.400000 0.101760 -2.266219 2.346598 -3.801836 1.900903 
3430 1.000000 0.400000 0.103172 -2.233347 2.358332 -3.682664 1.756085 
3440 1.000000 0.400000 0.104514 -2.201413 2.373969 -3.567904 1.616730 
3450 1.000000 0.400000 0.105685 -2.169629 2.394003 -3.408608 1.518566 
3460 1.000000 0.400000 0.106562 -2.138812 2.418939 -3.237230 1.416755 
3470 1.000000 0.400000 0.107097 -2.108992 2.449498 -3.048346 1.387493 
3480 1.000000 0.400000 0.107400 -2.079623 2.486994 -2.858406 1.380046 
3490 1.000000 0.400000 0.107561 -2.053133 2.530581 -2.669331 1.353097 
3500 1.000000 0.400000 0.107811 -2.030939 2.580185 -2.479917 1.371777 
3510 1.000000 0.400000 0.108501 -2.014623 2.635038 -2.289105 1.400660 
3520 1.000000 0.400000 0.109888 -2.005636 2.694187 -2.110339 1.481612 
3530 1.000000 0.400000 0.112135 -2.004831 2.756937 -1.933707 1.555055 
3540 1.000000 0.400000 0.114967 -2.012891 2.820955 -1.780528 1.659324 
3550 1.000000 0.400000 0.118104 -2.030662 2.887431 -1.676532 1.821587 
3560 1.000000 0.400000 0.121091 -2.058955 2.955328 -1.559973 1.973900 
3570 1.000000 0.400000 0.123072 -2.098752 3.021071 -1.469850 2.146406 
3580 1.000000 0.400000 0.123733 -2.150157 3.083095 -1.438373 2.335360 
3590 1.000000 0.400000 0.123547 -2.214975 3.143356 -1.448613 2.531924 
3600 1.000000 0.400000 0.123290 -2.292508 3.199645 -1.496241 2.703514 
3610 1.000000 0.400000 0.123626 -2.380411 3.246819 -1.545780 2.882960 
3620 1.000000 0.400000 0.125758 -2.475219 3.279964 -1.593208 3.051811 
3630 1.000000 0.400000 0.131311 -2.575968 3.297957 -1.673773 3.232987 
3640 1.000000 0.400000 0.140005 -2.673131 3.297763 -1.721299 3.392667 
3650 1.000000 0.400000 0.147346 -2.757857 3.282202 -1.757815 3.567267 
3660 1.000000 0.400000 0.151658 -2.830069 3.255481 -1.819228 3.748987 
3670 1.000000 0.400000 0.153622 -2.893891 3.220687 -1.941354 3.847140 
3680 1.000000 0.400000 0.153597 -2.952466 3.177781 -2.105114 3.903210 
3690 1.000000 0.400000 0.151143 -3.005078 3.126209 -2.283668 3.964473 
3700 1.000000 0.400000 0.146071 -3.049808 3.066157 -2.472084 3.998392 
3710 1.000000 0.400000 0.138779 -3.085078 2.998935 -2.660233 3.998353 
3720 1.000000 0.400000 0.130411 -3.111340 2.924854 -2.838901 3.974456 
3730 1.000000 0.400000 0.122160 -3.124579 2.849543 -3.029818 3.941214 
3740 1.000000 0.400000 0.115711 -3.125786 2.778588 -3.206575 3.957017 
3750 1.000000 0.400000 0.111768 -3.118227 2.721490 -3.387015 4.030396 
3760 1.000000 0.400000 0.109300 -3.105676 2.675752 -3.573194 4.021549 
3770 1.000000 0.400000 0.107338 -3.088345 2.635213 -3.749326 3.934618 
3780 1.000000 0.400000 0.105645 -3.067388 2.599381 -3.885445 3.821804 
3790 1.000000 0.400000 0.103997 -3.042503 2.567030 -4.023571 3.691622 
3800 1.000000 0.400000 0.102374 -3.013935 2.538435 -4.144804 3.541180 
3810 1.000000 0.400000 0.100833 -2.982475 2.513767 -4.185358 3.369190 
3820 1.000000 0.400000 0.099436 -2.947396 2.492305 -4.262424 3.192308 
3830 1.000000 0.400000 0.098441 -2.910711 2.475831 -4.318395 3.006973 
3840 1.000000 0.400000 0.098003 -2.873465 2.464607 -4.361854 2.833828 
3850 1.000000 0.400000 0.098235 -2.838312 2.458096 -4.400737 2.662953 
3860 1.000000 0.400000 0.098973 -2.802766 2.455331 -4.359496 2.507283 
3870 1.000000 0.400000 0.100111 -2.765957 2.456449 -4.310371 2.320114 
3880 1.000000 0.400000 0.101569 -2.729650 2.462062 -4.230644 2.148621 
3890 1.000000 0.400000 0.103249 -2.692836 2.472199 -4.150752 1.980906 
3900 1.000000 0.400000 0.104858 -2.658472 2.486204 -4.038087 1.835969 
3910 1.000000 0.400000 0.106303 -2.624494 2.504937 -3.899805 1.700982 
3920 1.000000 0.400000 0.107420 -2.591684 2.528595 -3.736739 1.595051 
3930 1.000000 0.400000 0.108156 -2.560629 2.557233 -3.568376 1.507855 
3940 1.000000 0.400000 0.108417 -2.533098 2.590008 -3.395251 1.433616 
3950 1.000000 0.400000 0.108362 -2.509134 2.626654 -3.219285 1.392628 
3960 1.000000 0.400000 0.108170 -2.487064 2.669829 -3.030415 1.444277 
3970 1.000000 0.400000 0.108181 -2.467887 2.720429 -2.859819 1.508452 
3980 1.000000 0.400000 0.108894 -2.453258 2.777969 -2.681785 1.580522 
3990 1.000000 0.400000 0.110498 -2.446006 2.838786 -2.519675 1.635570 
4000 1.000000 0.400000 0.113357 -2.445920 2.905196 -2.362415 1.734206 
4010 1.000000 0.400000 0.116656 -2.455269 2.970090 -2.204189 1.811912 
4020 1.000000 0.400000 0.120131 -2.472868 3.034854 -2.091434 1.926070 
4030 1.000000 0.400000 0.123198 -2.499747 3.098852 -1.989722 2.086457 
4040 1.000000 0.400000 0.125391 -2.536643 3.161434 -1.935525 2.248004 
4050 1.000000 0.400000 0.126985 -2.584301 3.224417 -1.880202 2.431817 
4060 1.000000 0.400000 0.127385 -2.644132 3.284372 -1.886420 2.629027 
4070 1.000000 0.400000 0.126707 -2.716469 3.338819 -1.889639 2.816458 
4080 1.000000 0.400000 0.125558 -2.798314 3.383320 -1.915163 3.002134 
4090 1.000000 0.400000 0.125827 -2.889997 3.417115 -2.001499 3.167654 
4100 1.000000 0.400000 0.129465 -2.989613 3.437961 -2.099863 3.331156 
4110 1.000000 0.400000 0.136754 -3.087880 3.440980 -2.129544 3.523503 
4120 1.000000 0.400000 0.143329 -3.173688 3.426768 -2.179046 3.690102 
4130 1.000000 0.400000 0.147346 -3.247918 3.400514 -2.257420 3.865552 
4140 1.000000 0.400000 0.148528 -3.312779 3.364084 -2.388027 3.994874 
4150 1.000000 0.400000 0.146968 -3.370075 3.318502 -2.562046 4.087393 
4160 1.000000 0.400000 0.142826 -3.419421 3.264598 -2.733425 4.135941 
4170 1.000000 0.400000 0.136633 -3.461519 3.202477 -2.919358 4.150757 
4180 1.000000 0.400000 0.129214 -3.496755 3.131878 -3.086822 4.113838 
4190 1.000000 0.400000 0.121517 -3.522400 3.055427 -3.273198 4.082941 
4200 1.000000 0.400000 0.114831 -3.533885 2.982080 -3.455305 4.139966 
4210 1.000000 0.400000 0.110452 -3.533712 2.921438 -3.622737 4.238670 
4220 1.000000 0.400000 0.107920 -3.527011 2.872988 -3.817596 4.256979 
4230 1.000000 0.400000 0.106267 -3.515510 2.831756 -3.999051 4.214326 
4240 1.000000 0.400000 0.104921 -3.499448 2.794199 -4.176663 4.136055 
4250 1.000000 0.400000 0.103779 -3.479539 2.760327 -4.324292 4.018678 
4260 1.000000 0.400000 0.102661 -3.455766 2.729475 -4.455194 3.879454 
4270 1.000000 0.400000 0.101597 -3.429471 2.703029 -4.574670 3.730429 
4280 1.000000 0.400000 0.100547 -3.399483 2.678668 -4.636477 3.582862 
4290 1.000000 0.400000 0.099662 -3.367686 2.658571 -4.708046 3.401941 
4300 1.000000 0.400000 0.099009 -3.333427 2.642213 -4.741416 3.228148 
4310 1.000000 0.400000 0.098750 -3.297802 2.630170 -4.779542 3.038682 
4320 1.000000 0.400000 0.098939 -3.259292 2.621685 -4.733377 2.867284 
4330 1.000000 0.400000 0.099684 -3.219530 2.617452 -4.729226 2.688829 
4340 1.000000 0.400000 0.100930 -3.180917 2.618197 -4.704836 2.499312 
4350 1.000000 0.400000 0.102460 -3.144292 2.623207 -4.665197 2.330561 
4360 1.000000 0.400000 0.104104 -3.108461 2.632240 -4.585158 2.169388 
4370 1.000000 0.400000 0.105649 -3.074928 2.645129 -4.501233 2.001259 
4380 1.000000 0.400000 0.106938 -3.042860 2.662131 -4.365010 1.862005 
4390 1.000000 0.400000 0.107903 -3.011529 2.683819 -4.203935 1.755628 
4400 1.000000 0.400000 0.108492 -2.980807 2.710800 -4.022141 1.690881 
4410 1.000000 0.400000 0.108722 -2.949938 2.744348 -3.836099 1.696360 
4420 1.000000 0.400000 0.108687 -2.920055 2.784682 -3.646745 1.667465 
4430 1.000000 0.400000 0.108399 -2.894036 2.831341 -3.451659 1.655871 
4440 1.000000 0.400000 0.108256 -2.872701 2.884193 -3.270311 1.701581 
4450 1.000000 0.400000 0.108941 -2.855647 2.944491 -3.124517 1.786616 
4460 1.000000 0.400000 0.110990 -2.844594 3.011311 -2.956450 1.858468 
4470 1.000000 0.400000 0.114571 -2.841594 3.082545 -2.809100 1.962676 
4480 1.000000 0.400000 0.118990 -2.848258 3.153840 -2.686423 2.042491 
4490 1.000000 0.400000 0.123930 -2.863232 3.225294 -2.545505 2.156409 
4500 1.000000 0.400000 0.128050 -2.889423 3.294497 -2.424738 2.291569 
4510 1.000000 0.400000 0.131540 -2.926518 3.364058 -2.371055 2.476741 
4520 1.000000 0.400000 0.133562 -2.975831 3.430933 -2.284545 2.652258 
4530 1.000000 0.400000 0.133289 -3.035674 3.489531 -2.260335 2.837887 
4540 1.000000 0.400000 0.131626 -3.107494 3.542076 -2.259003 3.025992 
4550 1.000000 0.400000 0.129674 -3.189823 3.586588 -2.344788 3.187943 
4560 1.000000 0.400000 0.130213 -3.283341 3.624330 -2.391821 3.358609 
4570 1.000000 0.400000 0.132477 -3.377824 3.644735 -2.441805 3.536418 
4580 1.000000 0.400000 0.137682 -3.471739 3.648028 -2.533339 3.699596 
4590 1.000000 0.400000 0.144265 -3.561615 3.634752 -2.578044 3.890549 
4600 1.000000 0.400000 0.148294 -3.638545 3.608923 -2.634816 4.042110 
4610 1.000000 0.400000 0.149838 -3.704804 3.574445 -2.771849 4.159431 
4620 1.000000 0.400000 0.149038 -3.765280 3.530370 -2.941727 4.230921 
4630 1.000000 0.400000 0.145855 -3.819040 3.477576 -3.103559 4.314066 
4640 1.000000 0.400000 0.140360 -3.862276 3.419384 -3.265904 4.376370 
4650 1.000000 0.400000 0.133337 -3.898098 3.354217 -3.442653 4.350679 
4660 1.000000 0.400000 0.125379 -3.923588 3.284059 -3.633744 4.363249 
4670 1.000000 0.400000 0.117877 -3.937115 3.213863 -3.815799 4.364321 
4680 1.000000 0.400000 0.112040 -3.938930 3.149295 -3.998961 4.392351 
4690 1.000000 0.400000 0.108424 -3.932837 3.096471 -4.185025 4.438030 
4700 1.000000 0.400000 0.106089 -3.921428 3.052247 -4.372484 4.440104 
4710 1.000000 0.400000 0.104450 -3.906019 3.013590 -4.535428 4.346004 
4720 1.000000 0.400000 0.103088 -3.886589 2.978339 -4.680847 4.247602 
4730 1.000000 0.400000 0.101905 -3.863578 2.946439 -4.832058 4.131568 
4740 1.000000 0.400000 0.100835 -3.837295 2.918281 -4.945144 3.972657 
4750 1.000000 0.400000 0.099863 -3.807635 2.893464 -4.999754 3.792852 
4760 1.000000 0.400000 0.099046 -3.774354 2.871560 -5.068452 3.633054 
4770 1.000000 0.400000 0.098607 -3.739259 2.853726 -5.132124 3.464535 
4780 1.000000 0.400000 0.098639 -3.702237 2.840315 -5.147940 3.273374 
4790 1.000000 0.400000 0.099196 -3.664412 2.831686 -5.153263 3.083128 
4800 1.000000 0.400000 0.100282 -3.626885 2.827654 -5.163493 2.907573 
4810 1.000000 0.400000 0.101729 -3.591609 2.828006 -5.175691 2.725574 
4820 1.000000 0.400000 0.103348 -3.555756 2.832428 -5.089714 2.557089 
4830 1.000000 0.400000 0.105073 -3.520150 2.841119 -5.005737 2.388168 
4840 1.000000 0.400000 0.106676 -3.485406 2.854134 -4.884241 2.241206 
4850 1.000000 0.400000 0.108157 -3.449864 2.871848 -4.736268 2.142704 
4860 1.000000 0.400000 0.109338 -3.414109 2.895101 -4.571441 2.048966 
4870 1.000000 0.400000 0.110148 -3.378105 2.924688 -4.389434 1.993172 
4880 1.000000 0.400000 0.110478 -3.344101 2.960327 -4.216342 1.928081 
4890 1.000000 0.400000 0.110320 -3.313407 3.002044 -4.027266 1.902612 
4900 1.000000 0.400000 0.109930 -3.286841 3.049385 -3.844551 1.894743 
4910 1.000000 0.400000 0.109679 -3.264296 3.104318 -3.655605 1.943181 
4920 1.000000 0.400000 0.110059 -3.248198 3.165307 -3.474065 1.988744 
4930 1.000000 0.400000 0.111305 -3.240943 3.228734 -3.287799 2.022092 
4940 1.000000 0.400000 0.113528 -3.242275 3.294509 -3.142130 2.129621 
4950 1.000000 0.400000 0.116816 -3.252263 3.363969 -3.019421 2.245904 
4960 1.000000 0.400000 0.120304 -3.271871 3.433030 -2.892587 2.389746 
4970 1.000000 0.400000 0.123437 -3.302632 3.502414 -2.796791 2.551414 
4980 1.000000 0.400000 0.125623 -3.345106 3.570186 -2.723149 2.727828 
4990 1.000000 0.400000 0.126449 -3.399117 3.633727 -2.688857 2.906971 
5000 1.000000 0.400000 0.126939 -3.464551 3.695489 -2.715085 3.078314 
5010 1.000000 0.400000 0.126807 -3.542050 3.750996 -2.721795 3.269989 
5020 1.000000 0.400000 0.126621 -3.630559 3.795684 -2.777749 3.451229 
5030 1.000000 0.400000 0.128533 -3.727409 3.827030 -2.844545 3.629050 
5040 1.000000 0.400000 0.133750 -3.827866 3.842158 -2.907567 3.806091 
5050 1.000000 0.400000 0.141215 -3.921271 3.838056 -2.918454 3.972281 
5060 1.000000 0.400000 0.146766 -3.997655 3.822453 -2.925609 4.143334 
5070 1.000000 0.400000 0.149677 -4.061966 3.797938 -2.982094 4.323519 
5080 1.000000 0.400000 0.150463 -4.117205 3.767396 -3.107777 4.427423 
5090 1.000000 0.400000 0.149250 -4.168367 3.728975 -3.274269 4.516997 
5100 1.000000 0.400000 0.146069 -4.216197 3.681923 -3.451628 4.542528 
5110 1.000000 0.400000 0.141063 -4.257984 3.628205 -3.618662 4.592973 
5120 1.000000 0.400000 0.134412 -4.291652 3.569007 -3.788756 4.626333 
5130 1.000000 0.400000 0.127078 -4.317020 3.506541 -3.953771 4.605049 
5140 1.000000 0.400000 0.119579 -4.333949 3.440241 -4.136220 4.592777 
5150 1.000000 0.400000 0.113027 -4.340283 3.375167 -4.320273 4.602371 
5160 1.000000 0.400000 0.108386 -4.336854 3.318269 -4.513471 4.620702 
5170 1.000000 0.400000 0.105388 -4.327008 3.269910 -4.698355 4.624560 
5180 1.000000 0.400000 0.103426 -4.312614 3.228178 -4.875745 4.575073 
5190 1.000000 0.400000 0.102048 -4.294506 3.191130 -5.030776 4.502778 
5200 1.000000 0.400000 0.101010 -4.273194 3.158044 -5.162026 4.376215 
5210 1.000000 0.400000 0.100188 -4.248999 3.128469 -5.271594 4.256068 
5220 1.000000 0.400000 0.099518 -4.222077 3.102336 -5.392207 4.114980 
5230 1.000000 0.400000 0.098988 -4.191928 3.079309 -5.458082 3.935549 
5240 1.000000 0.400000 0.098676 -4.158796 3.059871 -5.515569 3.759606 
5250 1.000000 0.400000 0.098765 -4.124525 3.044843 -5.576263 3.587252 
5260 1.000000 0.400000 0.099248 -4.089185 3.034018 -5.601032 3.409408 
5270 1.000000 0.400000 0.100173 -4.052827 3.027456 -5.579211 3.217761 
5280 1.000000 0.400000 0.101501 -4.014807 3.025100 -5.539821 3.031175 
5290 1.000000 0.400000 0.103198 -3.976172 3.027410 -5.472115 2.851567 
5300 1.000000 0.400000 0.105056 -3.937454 3.034632 -5.389781 2.675591 
5310 1.000000 0.400000 0.106925 -3.898139 3.047070 -5.274693 2.525510 
5320 1.000000 0.400000 0.108607 -3.859537 3.064430 -5.149367 2.392052 
5330 1.000000 0.400000 0.109898 -3.822960 3.086778 -5.021763 2.247328 
5340 1.000000 0.400000 0.110632 -3.789209 3.113752 -4.852810 2.152182 
5350 1.000000 0.400000 0.110819 -3.756891 3.146493 -4.677582 2.094197 
5360 1.000000 0.400000 0.110493 -3.726598 3.185523 -4.485004 2.077368 
5370 1.000000 0.400000 0.109822 -3.698630 3.231764 -4.300903 2.107245 
5380 1.000000 0.400000 0.109185 -3.673798 3.285811 -4.113090 2.137734 
5390 1.000000 0.400000 0.109115 -3.654127 3.347532 -3.937551 2.206541 
5400 1.000000 0.400000 0.110155 -3.642318 3.415278 -3.759359 2.288193 
5410 1.000000 0.400000 0.112547 -3.640431 3.486453 -3.588234 2.348121 
5420 1.000000 0.400000 0.115806 -3.649123 3.557472 -3.423091 2.454879 
5430 1.000000 0.400000 0.119198 -3.669162 3.627950 -3.288685 2.594049 
5440 1.000000 0.400000 0.122482 -3.700642 3.699620 -3.207382 2.763302 
5450 1.000000 0.400000 0.124900 -3.743810 3.769056 -3.147312 2.927858 
5460 1.000000 0.400000 0.126316 -3.798871 3.835862 -3.106523 3.120123 
5470 1.000000 0.400000 0.126064 -3.865920 3.895407 -3.095689 3.299405 
5480 1.000000 0.400000 0.125374 -3.945438 3.948995 -3.144541 3.488435 
5490 1.000000 0.400000 0.125414 -4.037472 3.993297 -3.200581 3.675727 
5500 1.000000 0.400000 0.128410 -4.139229 4.024147 -3.279267 3.848448 
5510 1.000000 0.400000 0.134182 -4.239146 4.036257 -3.297032 4.028106 
5520 1.000000 0.400000 0.140579 -4.325881 4.029474 -3.283775 4.211638 
5530 1.000000 0.400000 0.144317 -4.396702 4.011264 -3.319600 4.398269 
5540 1.000000 0.400000 0.145802 -4.457303 3.984618 -3.416456 4.555526 
5550 1.000000 0.400000 0.145408 -4.511847 3.950721 -3.525055 4.683542 
5560 1.000000 0.400000 0.143030 -4.559714 3.910563 -3.693689 4.747470 
5570 1.000000 0.400000 0.138806 -4.600989 3.864450 -3.852632 4.846467 
5580 1.000000 0.400000 0.132948 -4.635584 3.812580 -4.030574 4.852432 
5590 1.000000 0.400000 0.126143 -4.664468 3.754919 -4.205524 4.851462 
5600 1.000000 0.400000 0.118734 -4.685690 3.692014 -4.395646 4.845379 
5610 1.000000 0.400000 0.111783 -4.696891 3.627890 -4.581409 4.817939 
5620 1.000000 0.400000 0.106400 -4.697932 3.568065 -4.772167 4.861367 
5630 1.000000 0.400000 0.103071 -4.691829 3.518076 -4.950730 4.904442 
5640 1.000000 0.400000 0.101058 -4.680602 3.474944 -5.135837 4.852403 
5650 1.000000 0.400000 0.099779 -4.664752 3.436274 -5.313771 4.784069 
5660 1.000000 0.400000 0.099041 -4.645660 3.402780 -5.488861 4.692072 
5670 1.000000 0.400000 0.098593 -4.623124 3.372685 -5.618431 4.555215 
5680 1.000000 0.400000 0.098345 -4.597426 3.345884 -5.718144 4.415103 
5690 1.000000 0.400000 0.098299 -4.569300 3.322348 -5.813645 4.249640 
5700 1.000000 0.400000 0.098445 -4.538906 3.302742 -5.899239 4.074307 
5710 1.000000 0.400000 0.098851 -4.505493 3.286259 -5.903062 3.892016 
5720 1.000000 0.400000 0.099612 -4.468931 3.273158 -5.904416 3.700708 
5730 1.000000 0.400000 0.100778 -4.431363 3.264544 -5.941324 3.521205 
5740 1.000000 0.400000 0.102321 -4.393926 3.260673 -5.935542 3.330755 
5750 1.000000 0.400000 0.104128 -4.356315 3.261379 -5.877460 3.146257 
5760 1.000000 0.400000 0.106059 -4.318029 3.266699 -5.813691 2.966644 
5770 1.000000 0.400000 0.107934 -4.280891 3.276649 -5.717186 2.801388 
5780 1.000000 0.400000 0.109611 -4.243686 3.291534 -5.582710 2.666868 
5790 1.000000 0.400000 0.110876 -4.207135 3.311526 -5.448451 2.530855 
5800 1.000000 0.400000 0.111691 -4.171169 3.337110 -5.271715 2.455028 
5810 1.000000 0.400000 0.111965 -4.135105 3.369591 -5.083372 2.422442 
5820 1.000000 0.400000 0.111696 -4.099603 3.409731 -4.894347 2.398373 
5830 1.000000 0.400000 0.110958 -4.066774 3.457664 -4.705221 2.384981 
5840 1.000000 0.400000 0.110225 -4.037451 3.512838 -4.541179 2.428338 
5850 1.000000 0.400000 0.110042 -4.012890 3.575855 -4.355773 2.481869 
5860 1.000000 0.400000 0.110945 -3.996084 3.645671 -4.179043 2.543901 
5870 1.000000 0.400000 0.113327 -3.989583 3.719908 -3.997814 2.619921 
5880 1.000000 0.400000 0.116975 -3.994739 3.796156 -3.837619 2.727429 
5890 1.000000 0.400000 0.120986 -4.012031 3.871487 -3.680644 2.834644 
5900 1.000000 0.400000 0.124713 -4.041056 3.945459 -3.588145 3.002719 
5910 1.000000 0.400000 0.127137 -4.081609 4.015039 -3.471044 3.142785 
5920 1.000000 0.400000 0.127957 -4.133115 4.079244 -3.438962 3.326939 
5930 1.000000 0.400000 0.127526 -4.196619 4.139540 -3.424813 3.508949 
5940 1.000000 0.400000 0.126516 -4.271798 4.194867 -3.461872 3.688994 
5950 1.000000 0.400000 0.125516 -4.357272 4.241129 -3.493300 3.872432 
5960 1.000000 0.400000 0.125325 -4.449950 4.272279 -3.551361 4.053941 
5970 1.000000 0.400000 0.128736 -4.549889 4.290211 -3.637606 4.223013 
5980 1.000000 0.400000 0.134344 -4.638900 4.290007 -3.601815 4.388106 
5990 1.000000 0.400000 0.138477 -4.709136 4.278286 -3.551014 4.575009 
6000 1.000000 0.400000 0.140423 -4.764293 4.260346 -3.552891 4.763525 
6010 1.000000 0.400000 0.140779 -4.812661 4.236582 -3.686225 4.897314 
6020 1.000000 0.400000 0.139540 -4.855576 4.207402 -3.798584 5.042137 
6030 1.000000 0.400000 0.136836 -4.894159 4.172807 -3.967207 5.138409 
6040 1.000000 0.400000 0.132687 -4.927877 4.133017 -4.132107 5.211952 
6050 1.000000 0.400000 0.127335 -4.956744 4.088106 -4.329792 5.226016 
6060 1.000000 0.400000 0.120921 -4.980929 4.036482 -4.526011 5.212701 
6070 1.000000 0.400000 0.114229 -4.998015 3.980896 -4.711694 5.218545 
6080 1.000000 0.400000 0.108054 -5.006736 3.923798 -4.896384 5.180732 
6090 1.000000 0.400000 0.103127 -5.007893 3.867022 -5.064063 5.187939 
6100 1.000000 0.400000 0.100262 -5.002385 3.819054 -5.256553 5.208200 
6110 1.000000 0.400000 0.098727 -4.992083 3.777689 -5.434678 5.176614 
6120 1.000000 0.400000 0.098018 -4.977497 3.740509 -5.613770 5.123532 
6130 1.000000 0.400000 0.097844 -4.959562 3.707172 -5.772718 5.045444 
6140 1.000000 0.400000 0.098019 -4.938826 3.677613 -5.909491 4.905339 
6150 1.000000 0.400000 0.098373 -4.914962 3.651107 -6.004868 4.752273 
6160 1.000000 0.400000 0.098846 -4.887546 3.626614 -6.093446 4.597045 
6170 1.000000 0.400000 0.099469 -4.857126 3.605148 -6.158382 4.424718 
6180 1.000000 0.400000 0.100286 -4.824215 3.587112 -6.219222 4.246807 
6190 1.000000 0.400000 0.101312 -4.788912 3.572889 -6.242081 4.063493 
6200 1.000000 0.400000 0.102592 -4.752730 3.563194 -6.258322 3.878489 
6210 1.000000 0.400000 0.104181 -4.715345 3.557735 -6.229586 3.693647 
6220 1.000000 0.400000 0.105931 -4.677138 3.556841 -6.185859 3.509055 
6230 1.000000 0.400000 0.107884 -4.636624 3.560450 -6.100874 3.339956 
6240 1.000000 0.400000 0.109819 -4.595316 3.569289 -6.006437 3.173214 
6250 1.000000 0.400000 0.111467 -4.555215 3.583446 -5.881764 3.023610 
6260 1.000000 0.400000 0.112704 -4.516048 3.603132 -5.740303 2.903380 
6270 1.000000 0.400000 0.113376 -4.477345 3.628904 -5.577592 2.795522 
6280 1.000000 0.400000 0.113453 -4.440113 3.660537 -5.431096 2.734155 
6290 1.000000 0.400000 0.113070 -4.403436 3.698569 -5.255305 2.721101 
6300 1.000000 0.400000 0.112114 -4.368727 3.744092 -5.061923 2.708261 
6310 1.000000 0.400000 0.110756 -4.336534 3.798336 -4.874715 2.735121 
6320 1.000000 0.400000 0.109475 -4.309488 3.861241 -4.689245 2.794526 
6330 1.000000 0.400000 0.109062 -4.290123 3.930868 -4.511800 2.846164 
6340 1.000000 0.400000 0.110517 -4.279432 4.007410 -4.355764 2.947870 
6350 1.000000 0.400000 0.114028 -4.279872 4.086903 -4.191363 3.022570 
6360 1.000000 0.400000 0.118683 -4.292099 4.165902 -4.056170 3.145105 
6370 1.000000 0.400000 0.123755 -4.316047 4.245046 -3.935101 3.265091 
6380 1.000000 0.400000 0.127450 -4.351235 4.317881 -3.817017 3.415554 
6390 1.000000 0.400000 0.129505 -4.398715 4.386608 -3.755166 3.594057 
