6390 0 -4.497120 4.346858 2.360898 -3.755166 3.594057
6390 1 -4.545365 4.334184 2.394364 -3.755166 3.594057
6390 2 -4.359510 4.325270 2.280743 -3.755166 3.594057
6390 3 -4.600348 4.356265 2.419863 -3.755166 3.594057
6390 4 -4.534754 4.377884 2.358916 -3.755166 3.594057
6390 5 -4.382828 4.431934 2.206248 -3.755166 3.594057
6390 6 -4.431442 4.324222 2.347521 -3.755166 3.594057
6390 7 -4.319458 4.356089 2.212278 -3.755166 3.594057
6390 8 -4.406647 4.409853 2.244882 -3.755166 3.594057
6390 9 -4.414081 4.471454 2.206042 -3.755166 3.594057
6390 10 -4.473933 4.419286 2.274892 -3.755166 3.594057
6390 11 -4.389698 4.455834 2.173934 -3.755166 3.594057
6390 12 -4.313940 4.422886 2.155442 -3.755166 3.594057
6390 13 -4.446501 4.350795 2.317319 -3.755166 3.594057
6390 14 -4.583187 4.413786 2.371026 -3.755166 3.594057
6390 15 -4.245747 4.362603 2.110208 -3.755166 3.594057
6390 16 -4.373584 4.342972 2.299185 -3.755166 3.594057
6390 17 -4.565545 4.376095 2.401231 -3.755166 3.594057
6390 18 -4.379621 4.382593 2.231188 -3.755166 3.594057
6390 19 -4.200484 4.377766 2.100400 -3.755166 3.594057
6390 20 -4.267045 4.376164 2.152631 -3.755166 3.594057
6390 21 -4.353867 4.423297 2.178761 -3.755166 3.594057
6390 22 -4.248849 4.334022 2.178763 -3.755166 3.594057
6390 23 -4.478475 4.332064 2.345472 -3.755166 3.594057
6390 24 -4.323138 4.394090 2.167700 -3.755166 3.594057
6390 25 -4.346745 4.468443 2.151825 -3.755166 3.594057
6390 26 -4.350963 4.397828 2.218304 -3.755166 3.594057
6390 27 -4.292533 4.383850 2.190493 -3.755166 3.594057
6390 28 -4.457635 4.451072 2.244941 -3.755166 3.594057
6390 29 -4.332938 4.444989 2.141965 -3.755166 3.594057
6390 30 -4.526401 4.440863 2.294798 -3.755166 3.594057
6390 31 -4.376961 4.363030 2.259163 -3.755166 3.594057
6390 32 -4.286679 4.411683 2.118306 -3.755166 3.594057
6390 33 -4.287726 4.449374 2.115745 -3.755166 3.594057
6390 34 -4.550625 4.407572 2.330097 -3.755166 3.594057
6390 35 -4.525500 4.313375 2.412510 -3.755166 3.594057
6390 36 -4.384700 4.402760 2.201037 -3.755166 3.594057
6390 37 -4.484690 4.383687 2.318369 -3.755166 3.594057
6390 38 -4.435079 4.383864 2.290851 -3.755166 3.594057
6390 39 -4.505806 4.395162 2.353729 -3.755166 3.594057
6390 40 -4.470887 4.307331 2.395013 -3.755166 3.594057
6390 41 -4.326994 4.320127 2.246775 -3.755166 3.594057
6390 42 -4.190107 4.354256 2.094275 -3.755166 3.594057
6390 43 -4.428825 4.417051 2.275014 -3.755166 3.594057
6390 44 -4.294079 4.345258 2.183074 -3.755166 3.594057
6390 45 -4.574530 4.337961 2.441283 -3.755166 3.594057
6390 46 -4.412536 4.375595 2.249772 -3.755166 3.594057
6390 47 -4.412804 4.349607 2.299294 -3.755166 3.594057
6390 48 -4.254732 4.434897 2.083582 -3.755166 3.594057
6390 49 -4.200680 4.402538 2.051746 -3.755166 3.594057
6390 50 -4.340171 4.369193 2.241717 -3.755166 3.594057
6390 51 -4.467035 4.367085 2.319338 -3.755166 3.594057
6390 52 -4.508821 4.420370 2.288156 -3.755166 3.594057
6390 53 -4.247946 4.403652 2.104916 -3.755166 3.594057
6390 54 -4.454463 4.399217 2.283472 -3.755166 3.594057
6390 55 -4.406150 4.310812 2.312441 -3.755166 3.594057
6390 56 -4.434013 4.440198 2.207255 -3.755166 3.594057
6390 57 -4.213730 4.426527 2.063095 -3.755166 3.594057
6390 58 -4.518446 4.358524 2.369652 -3.755166 3.594057
6390 59 -4.485823 4.460450 2.269966 -3.755166 3.594057
