10 1.000000 0.400000 0.766183 -0.007426 0.076264 0.167060 -1.908995 
20 1.000000 0.400000 0.769701 -0.015295 0.146049 0.353214 -1.940305 
30 1.000000 0.400000 0.776211 -0.026533 0.206352 0.530932 -1.995252 
40 1.000000 0.400000 0.783397 -0.040106 0.259232 0.710561 -1.988924 
50 1.000000 0.400000 0.790823 -0.056300 0.308197 0.890566 -1.933327 
60 1.000000 0.400000 0.797687 -0.075076 0.353903 1.053481 -1.828371 
70 1.000000 0.400000 0.803772 -0.096499 0.397453 1.197671 -1.704293 
80 1.000000 0.400000 0.808964 -0.120765 0.439599 1.330405 -1.572260 
90 1.000000 0.400000 0.812817 -0.147584 0.479794 1.445888 -1.416191 
100 1.000000 0.400000 0.815131 -0.177028 0.518084 1.561738 -1.271413 
110 1.000000 0.400000 0.815820 -0.208529 0.553909 1.642214 -1.107297 
120 1.000000 0.400000 0.815350 -0.243043 0.588634 1.705525 -0.929595 
130 1.000000 0.400000 0.813702 -0.280659 0.621983 1.715091 -0.735462 
140 1.000000 0.400000 0.811560 -0.322159 0.654854 1.714008 -0.542939 
150 1.000000 0.400000 0.808770 -0.366977 0.686025 1.711207 -0.367592 
160 1.000000 0.400000 0.805785 -0.415021 0.715324 1.710634 -0.173121 
170 1.000000 0.400000 0.802579 -0.465680 0.741857 1.698566 0.002724 
180 1.000000 0.400000 0.799854 -0.519149 0.765692 1.675790 0.177887 
190 1.000000 0.400000 0.798078 -0.575639 0.786840 1.607918 0.358675 
200 1.000000 0.400000 0.797037 -0.634379 0.804072 1.577690 0.549318 
210 1.000000 0.400000 0.797162 -0.695352 0.817455 1.523530 0.726546 
220 1.000000 0.400000 0.798310 -0.757685 0.826344 1.432482 0.898786 
230 1.000000 0.400000 0.800877 -0.821784 0.830956 1.361245 1.062834 
240 1.000000 0.400000 0.804079 -0.885491 0.830548 1.301896 1.239498 
250 1.000000 0.400000 0.807209 -0.948024 0.825012 1.212437 1.406102 
260 1.000000 0.400000 0.809913 -1.009293 0.814481 1.134021 1.584976 
270 1.000000 0.400000 0.811469 -1.068692 0.799082 1.029635 1.739979 
280 1.000000 0.400000 0.811504 -1.125523 0.779375 0.923245 1.890519 
290 1.000000 0.400000 0.809414 -1.179950 0.755151 0.778551 2.025061 
300 1.000000 0.400000 0.805544 -1.233510 0.726234 0.604219 2.107491 
310 1.000000 0.400000 0.799553 -1.285465 0.692787 0.453633 2.223723 
320 1.000000 0.400000 0.790852 -1.334098 0.655415 0.286122 2.302237 
330 1.000000 0.400000 0.779657 -1.380094 0.614017 0.104130 2.352596 
340 1.000000 0.400000 0.766080 -1.424185 0.568033 -0.083876 2.368556 
350 1.000000 0.400000 0.750121 -1.465529 0.517909 -0.264266 2.418738 
360 1.000000 0.400000 0.731500 -1.502689 0.464197 -0.459717 2.439726 
370 1.000000 0.400000 0.710635 -1.536606 0.406123 -0.648658 2.390949 
380 1.000000 0.400000 0.688286 -1.568229 0.342868 -0.821877 2.315855 
390 1.000000 0.400000 0.664948 -1.596356 0.275352 -1.006332 2.289181 
400 1.000000 0.400000 0.641137 -1.619395 0.205315 -1.172013 2.217472 
410 1.000000 0.400000 0.617724 -1.637891 0.131848 -1.328431 2.139758 
420 1.000000 0.400000 0.595556 -1.650509 0.057029 -1.501166 2.075474 
430 1.000000 0.400000 0.575390 -1.657105 -0.019714 -1.675438 1.987186 
440 1.000000 0.400000 0.558271 -1.657004 -0.097342 -1.845126 1.892641 
450 1.000000 0.400000 0.544939 -1.649865 -0.173259 -2.022501 1.825385 
460 1.000000 0.400000 0.535205 -1.636474 -0.243616 -2.208717 1.812064 
470 1.000000 0.400000 0.528090 -1.618146 -0.307572 -2.384795 1.754020 
480 1.000000 0.400000 0.522582 -1.595857 -0.365959 -2.555374 1.705177 
490 1.000000 0.400000 0.517859 -1.569830 -0.420393 -2.698551 1.579553 
500 1.000000 0.400000 0.513108 -1.540142 -0.470999 -2.850775 1.460440 
510 1.000000 0.400000 0.507771 -1.507551 -0.517176 -3.001165 1.340273 
520 1.000000 0.400000 0.501788 -1.472155 -0.559961 -3.088320 1.182924 
530 1.000000 0.400000 0.495032 -1.434127 -0.599455 -3.180862 1.030169 
540 1.000000 0.400000 0.487654 -1.392531 -0.637083 -3.210700 0.842874 
550 1.000000 0.400000 0.479625 -1.347989 -0.671575 -3.279004 0.662489 
560 1.000000 0.400000 0.471348 -1.299979 -0.703712 -3.274789 0.487201 
570 1.000000 0.400000 0.463262 -1.248739 -0.733234 -3.264876 0.307831 
580 1.000000 0.400000 0.455759 -1.194220 -0.759828 -3.259924 0.116129 
590 1.000000 0.400000 0.449362 -1.136360 -0.783048 -3.248181 -0.071956 
600 1.000000 0.400000 0.444696 -1.075968 -0.802044 -3.209206 -0.261210 
610 1.000000 0.400000 0.442302 -1.013811 -0.816334 -3.183302 -0.448699 
620 1.000000 0.400000 0.442338 -0.952071 -0.825572 -3.189756 -0.623380 
630 1.000000 0.400000 0.444303 -0.893890 -0.829867 -3.236220 -0.786810 
640 1.000000 0.400000 0.447525 -0.839415 -0.829674 -3.226045 -0.972285 
650 1.000000 0.400000 0.451645 -0.787181 -0.825647 -3.243022 -1.149335 
660 1.000000 0.400000 0.455997 -0.738246 -0.818275 -3.177652 -1.329050 
670 1.000000 0.400000 0.460411 -0.691214 -0.807505 -3.131452 -1.520130 
680 1.000000 0.400000 0.464241 -0.647639 -0.794048 -3.088597 -1.702602 
690 1.000000 0.400000 0.467378 -0.606441 -0.778084 -3.001975 -1.861489 
700 1.000000 0.400000 0.469754 -0.566813 -0.759462 -2.892487 -2.000928 
710 1.000000 0.400000 0.471638 -0.527543 -0.738063 -2.737896 -2.109931 
720 1.000000 0.400000 0.472444 -0.489464 -0.713700 -2.606123 -2.249154 
730 1.000000 0.400000 0.471949 -0.453320 -0.686893 -2.462916 -2.357963 
740 1.000000 0.400000 0.470086 -0.418648 -0.657348 -2.289468 -2.449550 
750 1.000000 0.400000 0.466643 -0.385907 -0.625159 -2.120336 -2.517465 
760 1.000000 0.400000 0.461779 -0.354136 -0.589647 -1.931484 -2.567217 
770 1.000000 0.400000 0.455398 -0.323920 -0.551063 -1.763332 -2.622684 
780 1.000000 0.400000 0.447524 -0.296129 -0.510264 -1.592092 -2.623580 
790 1.000000 0.400000 0.438513 -0.268990 -0.465343 -1.399729 -2.597482 
800 1.000000 0.400000 0.428312 -0.243413 -0.416757 -1.226143 -2.567037 
810 1.000000 0.400000 0.416929 -0.219654 -0.363998 -1.049754 -2.501713 
820 1.000000 0.400000 0.404423 -0.198910 -0.307765 -0.860369 -2.486895 
830 1.000000 0.400000 0.391082 -0.182600 -0.250001 -0.678617 -2.482535 
840 1.000000 0.400000 0.377719 -0.169347 -0.189081 -0.528053 -2.367812 
850 1.000000 0.400000 0.364547 -0.160144 -0.125361 -0.348802 -2.301520 
860 1.000000 0.400000 0.352278 -0.155141 -0.058734 -0.207978 -2.181097 
870 1.000000 0.400000 0.341609 -0.154478 0.011174 -0.052369 -2.077722 
880 1.000000 0.400000 0.333000 -0.159167 0.082961 0.091855 -1.959701 
890 1.000000 0.400000 0.326576 -0.169881 0.155798 0.224999 -1.817081 
900 1.000000 0.400000 0.322932 -0.185718 0.231456 0.316129 -1.667564 
910 1.000000 0.400000 0.321347 -0.207806 0.307576 0.442378 -1.524428 
920 1.000000 0.400000 0.320936 -0.236773 0.383083 0.562729 -1.368551 
930 1.000000 0.400000 0.320854 -0.272744 0.457005 0.638034 -1.195162 
940 1.000000 0.400000 0.320825 -0.315325 0.529319 0.735029 -1.031665 
950 1.000000 0.400000 0.320002 -0.364044 0.597691 0.813459 -0.864890 
960 1.000000 0.400000 0.318493 -0.419469 0.663583 0.858304 -0.682259 
970 1.000000 0.400000 0.316182 -0.480883 0.725757 0.878929 -0.498161 
980 1.000000 0.400000 0.312869 -0.548264 0.782980 0.898546 -0.307089 
990 1.000000 0.400000 0.309081 -0.622148 0.836248 0.870997 -0.113913 
1000 1.000000 0.400000 0.305627 -0.702759 0.886236 0.827977 0.065620 
1010 1.000000 0.400000 0.302872 -0.788407 0.930793 0.751851 0.210218 
1020 1.000000 0.400000 0.301885 -0.878845 0.970452 0.713670 0.400329 
1030 1.000000 0.400000 0.302482 -0.973204 1.001736 0.657669 0.585621 
1040 1.000000 0.400000 0.305153 -1.069528 1.023846 0.620854 0.772074 
1050 1.000000 0.400000 0.309570 -1.163618 1.035158 0.583494 0.962611 
1060 1.000000 0.400000 0.315307 -1.253242 1.036442 0.586584 1.151024 
1070 1.000000 0.400000 0.321221 -1.336953 1.028872 0.522652 1.330377 
1080 1.000000 0.400000 0.327016 -1.416825 1.013764 0.450777 1.501662 
1090 1.000000 0.400000 0.331772 -1.491121 0.992257 0.391724 1.685144 
1100 1.000000 0.400000 0.334986 -1.560333 0.965252 0.281057 1.822892 
1110 1.000000 0.400000 0.336723 -1.625555 0.933048 0.160964 1.963044 
1120 1.000000 0.400000 0.336651 -1.686114 0.896266 0.026823 2.090873 
1130 1.000000 0.400000 0.334944 -1.743918 0.854302 -0.132274 2.178001 
1140 1.000000 0.400000 0.331695 -1.798979 0.807445 -0.310088 2.232352 
1150 1.000000 0.400000 0.327167 -1.852399 0.755199 -0.496744 2.225253 
1160 1.000000 0.400000 0.321448 -1.903592 0.697960 -0.669038 2.248168 
1170 1.000000 0.400000 0.314241 -1.950179 0.637214 -0.822680 2.277459 
1180 1.000000 0.400000 0.305664 -1.993263 0.571488 -1.010193 2.251241 
1190 1.000000 0.400000 0.295861 -2.032895 0.500237 -1.195640 2.217953 
1200 1.000000 0.400000 0.284941 -2.067539 0.424481 -1.353170 2.188750 
1210 1.000000 0.400000 0.273565 -2.097074 0.345439 -1.536782 2.132299 
1220 1.000000 0.400000 0.261817 -2.120389 0.263149 -1.706885 2.097812 
1230 1.000000 0.400000 0.250295 -2.136792 0.179035 -1.886634 2.032731 
1240 1.000000 0.400000 0.239426 -2.145710 0.092988 -2.044378 1.926739 
1250 1.000000 0.400000 0.230018 -2.147210 0.006080 -2.224059 1.870801 
1260 1.000000 0.400000 0.222377 -2.140654 -0.077161 -2.404474 1.834888 
1270 1.000000 0.400000 0.216300 -2.126631 -0.156894 -2.554447 1.741971 
1280 1.000000 0.400000 0.211507 -2.106341 -0.231758 -2.726679 1.667269 
1290 1.000000 0.400000 0.207478 -2.080538 -0.302053 -2.881008 1.581862 
1300 1.000000 0.400000 0.203721 -2.049521 -0.367675 -3.023881 1.466720 
1310 1.000000 0.400000 0.199969 -2.013922 -0.429264 -3.148900 1.336180 
1320 1.000000 0.400000 0.195942 -1.973894 -0.486167 -3.264761 1.186092 
1330 1.000000 0.400000 0.191634 -1.929598 -0.539491 -3.342013 1.022196 
1340 1.000000 0.400000 0.187086 -1.881877 -0.588496 -3.424637 0.871828 
1350 1.000000 0.400000 0.182277 -1.830586 -0.633404 -3.484495 0.705454 
1360 1.000000 0.400000 0.177272 -1.775328 -0.674674 -3.518208 0.516548 
1370 1.000000 0.400000 0.172166 -1.716173 -0.711612 -3.522788 0.326788 
1380 1.000000 0.400000 0.167152 -1.652836 -0.744660 -3.523700 0.137331 
1390 1.000000 0.400000 0.162469 -1.586131 -0.772714 -3.504415 -0.056146 
1400 1.000000 0.400000 0.158441 -1.516716 -0.795625 -3.462596 -0.218656 
1410 1.000000 0.400000 0.155333 -1.445207 -0.813424 -3.433897 -0.401804 
1420 1.000000 0.400000 0.153293 -1.373142 -0.824843 -3.410976 -0.591038 
1430 1.000000 0.400000 0.152375 -1.302157 -0.829960 -3.391959 -0.766538 
1440 1.000000 0.400000 0.152404 -1.231899 -0.829035 -3.325941 -0.943771 
1450 1.000000 0.400000 0.153305 -1.161670 -0.822554 -3.230773 -1.102531 
1460 1.000000 0.400000 0.154780 -1.092579 -0.810113 -3.127160 -1.263159 
1470 1.000000 0.400000 0.156499 -1.026253 -0.792352 -3.053292 -1.426918 
1480 1.000000 0.400000 0.158326 -0.961504 -0.769099 -2.925726 -1.569752 
1490 1.000000 0.400000 0.159983 -0.899666 -0.740873 -2.807171 -1.709901 
1500 1.000000 0.400000 0.161313 -0.840753 -0.707841 -2.662993 -1.824320 
1510 1.000000 0.400000 0.162221 -0.785092 -0.670431 -2.526408 -1.946334 
1520 1.000000 0.400000 0.162676 -0.733013 -0.628983 -2.358039 -2.028193 
1530 1.000000 0.400000 0.162675 -0.683488 -0.582841 -2.173565 -2.077018 
1540 1.000000 0.400000 0.162273 -0.637332 -0.532624 -2.009139 -2.146521 
1550 1.000000 0.400000 0.161498 -0.594618 -0.478339 -1.827685 -2.184606 
1560 1.000000 0.400000 0.160404 -0.555904 -0.420024 -1.642887 -2.203671 
1570 1.000000 0.400000 0.159265 -0.520916 -0.358428 -1.472931 -2.191940 
1580 1.000000 0.400000 0.158240 -0.489248 -0.292199 -1.288724 -2.146081 
1590 1.000000 0.400000 0.157587 -0.460782 -0.220544 -1.114946 -2.074511 
1600 1.000000 0.400000 0.157485 -0.437246 -0.144805 -0.941032 -2.030009 
1610 1.000000 0.400000 0.158170 -0.419156 -0.065733 -0.771870 -1.932709 
1620 1.000000 0.400000 0.159976 -0.406173 0.018153 -0.608647 -1.835967 
1630 1.000000 0.400000 0.162764 -0.400123 0.104405 -0.469656 -1.724175 
1640 1.000000 0.400000 0.166584 -0.400731 0.192972 -0.297270 -1.627864 
1650 1.000000 0.400000 0.170724 -0.409461 0.279959 -0.152794 -1.559600 
1660 1.000000 0.400000 0.175222 -0.424547 0.366506 -0.022798 -1.422177 
1670 1.000000 0.400000 0.179494 -0.447378 0.451339 0.113929 -1.290978 
1680 1.000000 0.400000 0.183514 -0.477530 0.535385 0.203336 -1.138447 
1690 1.000000 0.400000 0.186967 -0.514880 0.617443 0.316290 -0.992196 
1700 1.000000 0.400000 0.189406 -0.559233 0.695220 0.387971 -0.827139 
1710 1.000000 0.400000 0.191212 -0.610200 0.770693 0.453830 -0.656492 
1720 1.000000 0.400000 0.192113 -0.668301 0.842833 0.505261 -0.490267 
1730 1.000000 0.400000 0.192539 -0.732427 0.912452 0.511894 -0.325840 
1740 1.000000 0.400000 0.192130 -0.802644 0.977438 0.490266 -0.139880 
1750 1.000000 0.400000 0.191386 -0.879948 1.039745 0.482576 0.045412 
1760 1.000000 0.400000 0.190775 -0.964615 1.099601 0.399559 0.219236 
1770 1.000000 0.400000 0.190386 -1.056760 1.155022 0.354481 0.402458 
1780 1.000000 0.400000 0.190766 -1.155652 1.204695 0.268526 0.576722 
1790 1.000000 0.400000 0.192457 -1.260704 1.246666 0.188672 0.747478 
1800 1.000000 0.400000 0.196140 -1.369780 1.279304 0.117548 0.919796 
1810 1.000000 0.400000 0.201999 -1.479358 1.301842 0.071683 1.074529 
1820 1.000000 0.400000 0.209521 -1.587443 1.313168 0.011777 1.256482 
1830 1.000000 0.400000 0.218192 -1.692085 1.312577 -0.052487 1.422553 
1840 1.000000 0.400000 0.226323 -1.789013 1.301537 -0.073571 1.610877 
1850 1.000000 0.400000 0.233287 -1.881014 1.281222 -0.171611 1.773607 
1860 1.000000 0.400000 0.238831 -1.966750 1.252965 -0.278297 1.928511 
1870 1.000000 0.400000 0.242806 -2.047130 1.217354 -0.415984 2.032454 
1880 1.000000 0.400000 0.246296 -2.126707 1.175208 -0.576620 2.112894 
1890 1.000000 0.400000 0.248040 -2.200833 1.126592 -0.734285 2.206900 
1900 1.000000 0.400000 0.247991 -2.269391 1.072114 -0.896761 2.297493 
1910 1.000000 0.400000 0.246217 -2.332756 1.011612 -1.067237 2.370440 
1920 1.000000 0.400000 0.242776 -2.390244 0.946113 -1.250719 2.398612 
1930 1.000000 0.400000 0.237997 -2.443290 0.874664 -1.439519 2.369786 
1940 1.000000 0.400000 0.232098 -2.491445 0.797654 -1.620608 2.362003 
1950 1.000000 0.400000 0.225228 -2.533911 0.715502 -1.801896 2.330689 
1960 1.000000 0.400000 0.217505 -2.568790 0.629788 -1.988239 2.300915 
1970 1.000000 0.400000 0.209359 -2.596020 0.540394 -2.179088 2.258764 
1980 1.000000 0.400000 0.201440 -2.615262 0.447859 -2.355838 2.190702 
1990 1.000000 0.400000 0.194243 -2.624623 0.356424 -2.545619 2.157195 
2000 1.000000 0.400000 0.188275 -2.624904 0.267264 -2.723300 2.122507 
2010 1.000000 0.400000 0.183614 -2.616822 0.184883 -2.909668 2.095193 
2020 1.000000 0.400000 0.179912 -2.601637 0.108019 -3.089038 2.045474 
2030 1.000000 0.400000 0.176889 -2.580840 0.036567 -3.246861 1.970471 
2040 1.000000 0.400000 0.174071 -2.554380 -0.030848 -3.395499 1.848765 
2050 1.000000 0.400000 0.171190 -2.522341 -0.094863 -3.539051 1.716918 
2060 1.000000 0.400000 0.168100 -2.485319 -0.154950 -3.669977 1.590230 
2070 1.000000 0.400000 0.164674 -2.443921 -0.210563 -3.784616 1.428758 
2080 1.000000 0.400000 0.160851 -2.397970 -0.262128 -3.876429 1.258536 
2090 1.000000 0.400000 0.156694 -2.347681 -0.309857 -3.932018 1.074827 
2100 1.000000 0.400000 0.152298 -2.292692 -0.354401 -3.959940 0.892848 
2110 1.000000 0.400000 0.147787 -2.232821 -0.396034 -3.956371 0.705070 
2120 1.000000 0.400000 0.143377 -2.169689 -0.432582 -3.969539 0.530145 
2130 1.000000 0.400000 0.139245 -2.102943 -0.464512 -3.959401 0.336404 
2140 1.000000 0.400000 0.135637 -2.033084 -0.491055 -3.954078 0.158341 
2150 1.000000 0.400000 0.132831 -1.961932 -0.511477 -3.949572 -0.028216 
2160 1.000000 0.400000 0.131011 -1.889876 -0.525598 -3.902467 -0.212365 
2170 1.000000 0.400000 0.130264 -1.816568 -0.533563 -3.851946 -0.392341 
2180 1.000000 0.400000 0.130573 -1.743224 -0.535553 -3.785888 -0.562637 
2190 1.000000 0.400000 0.131861 -1.669707 -0.531743 -3.710639 -0.724709 
2200 1.000000 0.400000 0.133770 -1.599646 -0.521718 -3.664305 -0.904770 
2210 1.000000 0.400000 0.136024 -1.531657 -0.505850 -3.552174 -1.068395 
2220 1.000000 0.400000 0.138401 -1.466163 -0.484337 -3.455670 -1.233876 
2230 1.000000 0.400000 0.140672 -1.403836 -0.457673 -3.328743 -1.373472 
2240 1.000000 0.400000 0.142756 -1.343759 -0.425860 -3.181481 -1.497504 
2250 1.000000 0.400000 0.144503 -1.286998 -0.389289 -3.031113 -1.617001 
2260 1.000000 0.400000 0.145832 -1.234197 -0.348841 -2.886247 -1.708923 
2270 1.000000 0.400000 0.146798 -1.184727 -0.304273 -2.721527 -1.807604 
2280 1.000000 0.400000 0.147339 -1.138775 -0.255368 -2.538656 -1.874229 
2290 1.000000 0.400000 0.147499 -1.096708 -0.202356 -2.353812 -1.931731 
2300 1.000000 0.400000 0.147409 -1.058906 -0.145949 -2.173229 -1.946467 
2310 1.000000 0.400000 0.147165 -1.025386 -0.086295 -1.983898 -1.956790 
2320 1.000000 0.400000 0.147051 -0.994587 -0.021405 -1.802567 -1.887830 
2330 1.000000 0.400000 0.147242 -0.967460 0.048254 -1.619936 -1.842285 
2340 1.000000 0.400000 0.147998 -0.944134 0.122982 -1.458268 -1.753226 
2350 1.000000 0.400000 0.149477 -0.926102 0.201433 -1.273265 -1.698431 
2360 1.000000 0.400000 0.151714 -0.914287 0.282324 -1.117956 -1.610506 
2370 1.000000 0.400000 0.154640 -0.909192 0.364124 -0.949625 -1.538801 
2380 1.000000 0.400000 0.158320 -0.910438 0.448068 -0.803043 -1.428930 
2390 1.000000 0.400000 0.162450 -0.918722 0.532601 -0.659511 -1.310991 
2400 1.000000 0.400000 0.166888 -0.934243 0.618015 -0.539602 -1.166879 
2410 1.000000 0.400000 0.171470 -0.956859 0.704000 -0.421681 -1.019950 
2420 1.000000 0.400000 0.175935 -0.987355 0.790124 -0.312982 -0.866275 
2430 1.000000 0.400000 0.179926 -1.025681 0.875008 -0.238095 -0.689769 
2440 1.000000 0.400000 0.183254 -1.072003 0.957860 -0.148378 -0.518275 
2450 1.000000 0.400000 0.185494 -1.126169 1.036523 -0.083572 -0.339999 
2460 1.000000 0.400000 0.187120 -1.187992 1.112969 -0.052149 -0.157422 
2470 1.000000 0.400000 0.187929 -1.257706 1.185778 -0.052959 0.039272 
2480 1.000000 0.400000 0.187792 -1.334245 1.252904 -0.035518 0.220160 
2490 1.000000 0.400000 0.187199 -1.418176 1.315521 -0.082899 0.404881 
2500 1.000000 0.400000 0.186997 -1.509638 1.375000 -0.157180 0.574487 
2510 1.000000 0.400000 0.187016 -1.606740 1.427424 -0.177110 0.757742 
2520 1.000000 0.400000 0.187907 -1.709784 1.472061 -0.267492 0.931622 
2530 1.000000 0.400000 0.190774 -1.818947 1.508958 -0.358159 1.102581 
2540 1.000000 0.400000 0.196325 -1.932703 1.536515 -0.463446 1.259408 
2550 1.000000 0.400000 0.204154 -2.047718 1.553254 -0.522287 1.442121 
2560 1.000000 0.400000 0.213117 -2.156312 1.556571 -0.503337 1.619572 
2570 1.000000 0.400000 0.221434 -2.255697 1.548198 -0.557116 1.807256 
2580 1.000000 0.400000 0.228311 -2.347794 1.530091 -0.638423 1.974721 
2590 1.000000 0.400000 0.234115 -2.434997 1.503873 -0.733950 2.125826 
2600 1.000000 0.400000 0.238529 -2.517171 1.470276 -0.874877 2.254778 
2610 1.000000 0.400000 0.241341 -2.594922 1.429248 -1.023688 2.379410 
2620 1.000000 0.400000 0.242604 -2.668361 1.381419 -1.184986 2.475475 
2630 1.000000 0.400000 0.242228 -2.737569 1.326843 -1.364489 2.533603 
2640 1.000000 0.400000 0.240275 -2.802317 1.265740 -1.552435 2.590558 
2650 1.000000 0.400000 0.236733 -2.862393 1.197922 -1.748406 2.595916 
2660 1.000000 0.400000 0.231580 -2.916649 1.124079 -1.942003 2.619235 
2670 1.000000 0.400000 0.225254 -2.964804 1.045490 -2.091963 2.609152 
2680 1.000000 0.400000 0.218146 -3.005708 0.964624 -2.279555 2.617772 
2690 1.000000 0.400000 0.210318 -3.039527 0.880161 -2.459326 2.572985 
2700 1.000000 0.400000 0.202126 -3.065334 0.793223 -2.649708 2.572005 
2710 1.000000 0.400000 0.194113 -3.082518 0.705762 -2.829078 2.514904 
2720 1.000000 0.400000 0.186774 -3.091521 0.617449 -3.008047 2.455993 
2730 1.000000 0.400000 0.180482 -3.091778 0.530994 -3.185422 2.404478 
2740 1.000000 0.400000 0.175377 -3.083752 0.447748 -3.372737 2.355009 
2750 1.000000 0.400000 0.171290 -3.068230 0.370010 -3.557344 2.290248 
2760 1.000000 0.400000 0.167894 -3.046176 0.296760 -3.707097 2.186959 
2770 1.000000 0.400000 0.164915 -3.018336 0.227554 -3.870363 2.080646 
2780 1.000000 0.400000 0.161971 -2.984982 0.162816 -4.005870 1.944720 
2790 1.000000 0.400000 0.158964 -2.946280 0.101141 -4.116204 1.796180 
2800 1.000000 0.400000 0.155779 -2.902392 0.042790 -4.199504 1.623220 
2810 1.000000 0.400000 0.152334 -2.853774 -0.011299 -4.302357 1.460180 
2820 1.000000 0.400000 0.148716 -2.801510 -0.060013 -4.350896 1.286812 
2830 1.000000 0.400000 0.145007 -2.745246 -0.104532 -4.430762 1.114253 
2840 1.000000 0.400000 0.141296 -2.685086 -0.144407 -4.436730 0.921223 
2850 1.000000 0.400000 0.137813 -2.622073 -0.178944 -4.480965 0.750159 
2860 1.000000 0.400000 0.134748 -2.556912 -0.207820 -4.501875 0.556315 
2870 1.000000 0.400000 0.132280 -2.489304 -0.231789 -4.447271 0.388963 
2880 1.000000 0.400000 0.130592 -2.419254 -0.250445 -4.427143 0.196514 
2890 1.000000 0.400000 0.129830 -2.348317 -0.262845 -4.386794 0.010933 
2900 1.000000 0.400000 0.130000 -2.278077 -0.268911 -4.362110 -0.172585 
2910 1.000000 0.400000 0.131053 -2.207230 -0.269053 -4.285846 -0.339868 
2920 1.000000 0.400000 0.132839 -2.136680 -0.263726 -4.203644 -0.502352 
2930 1.000000 0.400000 0.135086 -2.068272 -0.252639 -4.135554 -0.676358 
2940 1.000000 0.400000 0.137483 -2.003148 -0.236237 -4.070119 -0.844381 
2950 1.000000 0.400000 0.139903 -1.940337 -0.214731 -3.958709 -1.001704 
2960 1.000000 0.400000 0.142175 -1.879655 -0.188054 -3.807603 -1.127966 
2970 1.000000 0.400000 0.144216 -1.821485 -0.156509 -3.674550 -1.249299 
2980 1.000000 0.400000 0.145953 -1.765696 -0.120741 -3.532977 -1.355496 
2990 1.000000 0.400000 0.147297 -1.713228 -0.080802 -3.372232 -1.451136 
3000 1.000000 0.400000 0.148198 -1.663874 -0.036300 -3.199741 -1.519851 
3010 1.000000 0.400000 0.148708 -1.618140 0.011932 -3.042661 -1.615991 
3020 1.000000 0.400000 0.148845 -1.576585 0.063353 -2.867064 -1.640277 
3030 1.000000 0.400000 0.148754 -1.538039 0.119000 -2.673546 -1.668989 
3040 1.000000 0.400000 0.148513 -1.503111 0.178739 -2.492875 -1.669437 
3050 1.000000 0.400000 0.148277 -1.471863 0.242421 -2.311347 -1.660400 
3060 1.000000 0.400000 0.148267 -1.444694 0.309397 -2.148535 -1.606954 
3070 1.000000 0.400000 0.148775 -1.421180 0.380276 -1.983478 -1.537806 
3080 1.000000 0.400000 0.149883 -1.402188 0.455266 -1.807300 -1.471734 
3090 1.000000 0.400000 0.151879 -1.387766 0.534345 -1.661669 -1.371811 
3100 1.000000 0.400000 0.154758 -1.379079 0.616652 -1.499434 -1.262437 
3110 1.000000 0.400000 0.158670 -1.376189 0.702729 -1.358571 -1.142109 
3120 1.000000 0.400000 0.163144 -1.380739 0.789492 -1.200736 -1.048872 
3130 1.000000 0.400000 0.168054 -1.392397 0.877284 -1.072779 -0.908416 
3140 1.000000 0.400000 0.172933 -1.411791 0.964090 -0.935136 -0.782243 
3150 1.000000 0.400000 0.177798 -1.438594 1.050999 -0.853981 -0.626294 
3160 1.000000 0.400000 0.182529 -1.472730 1.137859 -0.763342 -0.464611 
3170 1.000000 0.400000 0.186795 -1.514470 1.223321 -0.676944 -0.303857 
3180 1.000000 0.400000 0.190291 -1.564270 1.306456 -0.620486 -0.119567 
3190 1.000000 0.400000 0.192732 -1.621981 1.385527 -0.535712 0.056755 
3200 1.000000 0.400000 0.194416 -1.687437 1.461700 -0.560204 0.238824 
3210 1.000000 0.400000 0.195863 -1.760382 1.536163 -0.567666 0.429434 
3220 1.000000 0.400000 0.196353 -1.840736 1.604790 -0.552287 0.616552 
3230 1.000000 0.400000 0.195802 -1.926684 1.665137 -0.564334 0.796146 
3240 1.000000 0.400000 0.195597 -2.018179 1.720796 -0.617403 0.955999 
3250 1.000000 0.400000 0.196431 -2.116539 1.772093 -0.721029 1.109071 
3260 1.000000 0.400000 0.198746 -2.220599 1.816846 -0.784725 1.284685 
3270 1.000000 0.400000 0.203095 -2.330026 1.852985 -0.876079 1.449710 
3280 1.000000 0.400000 0.210600 -2.443045 1.881346 -0.942847 1.610202 
3290 1.000000 0.400000 0.218975 -2.552310 1.896467 -0.956414 1.797010 
3300 1.000000 0.400000 0.227671 -2.654409 1.898272 -0.935135 1.980361 
3310 1.000000 0.400000 0.235512 -2.747487 1.889951 -0.987145 2.151260 
3320 1.000000 0.400000 0.242239 -2.834146 1.873593 -1.053089 2.318592 
3330 1.000000 0.400000 0.247904 -2.917307 1.849473 -1.159458 2.483393 
3340 1.000000 0.400000 0.252124 -2.996042 1.818085 -1.282937 2.622398 
3350 1.000000 0.400000 0.254820 -3.070548 1.780113 -1.444351 2.723240 
3360 1.000000 0.400000 0.255995 -3.141012 1.735946 -1.590217 2.840758 
3370 1.000000 0.400000 0.255567 -3.207979 1.685192 -1.777408 2.899545 
3380 1.000000 0.400000 0.253365 -3.269640 1.629003 -1.936811 2.998844 
3390 1.000000 0.400000 0.249485 -3.326352 1.567223 -2.130329 3.010237 
3400 1.000000 0.400000 0.244072 -3.378768 1.499305 -2.327352 3.026694 
3410 1.000000 0.400000 0.237327 -3.426836 1.425078 -2.512955 2.988045 
3420 1.000000 0.400000 0.229645 -3.470510 1.344913 -2.702328 2.974625 
3430 1.000000 0.400000 0.220791 -3.505503 1.262203 -2.890716 2.967948 
3440 1.000000 0.400000 0.211408 -3.533051 1.176636 -3.065778 2.933040 
3450 1.000000 0.400000 0.201971 -3.553378 1.087967 -3.241088 2.848002 
3460 1.000000 0.400000 0.192954 -3.565324 0.997959 -3.421422 2.791412 
3470 1.000000 0.400000 0.184902 -3.568751 0.907330 -3.599695 2.725866 
3480 1.000000 0.400000 0.178372 -3.563816 0.821539 -3.776198 2.695732 
3490 1.000000 0.400000 0.173121 -3.551096 0.739952 -3.933857 2.612298 
3500 1.000000 0.400000 0.168951 -3.531708 0.663504 -4.119097 2.566004 
3510 1.000000 0.400000 0.165395 -3.506380 0.593257 -4.285261 2.471387 
3520 1.000000 0.400000 0.162145 -3.475767 0.527587 -4.428864 2.363194 
3530 1.000000 0.400000 0.158957 -3.439765 0.464723 -4.537025 2.204427 
3540 1.000000 0.400000 0.155737 -3.399434 0.406715 -4.677331 2.077591 
3550 1.000000 0.400000 0.152431 -3.355060 0.352801 -4.757866 1.930698 
3560 1.000000 0.400000 0.149041 -3.306713 0.302801 -4.810602 1.755612 
3570 1.000000 0.400000 0.145498 -3.253516 0.255737 -4.863705 1.564545 
3580 1.000000 0.400000 0.141938 -3.196020 0.212839 -4.906134 1.383350 
3590 1.000000 0.400000 0.138536 -3.135837 0.175599 -4.959530 1.202588 
3600 1.000000 0.400000 0.135431 -3.072163 0.142928 -4.928618 1.016252 
3610 1.000000 0.400000 0.132849 -3.004937 0.115029 -4.949070 0.826864 
3620 1.000000 0.400000 0.131034 -2.935918 0.093004 -4.906460 0.640348 
3630 1.000000 0.400000 0.130099 -2.864802 0.076828 -4.885627 0.450549 
3640 1.000000 0.400000 0.130178 -2.793183 0.066664 -4.848510 0.272893 
3650 1.000000 0.400000 0.131169 -2.721420 0.062818 -4.778875 0.089995 
3660 1.000000 0.400000 0.132927 -2.650065 0.065365 -4.719795 -0.097036 
3670 1.000000 0.400000 0.135202 -2.579526 0.074210 -4.617040 -0.261516 
3680 1.000000 0.400000 0.137825 -2.510083 0.089031 -4.532187 -0.429851 
3690 1.000000 0.400000 0.140487 -2.443283 0.109547 -4.416561 -0.587942 
3700 1.000000 0.400000 0.143070 -2.378284 0.135815 -4.278538 -0.716561 
3710 1.000000 0.400000 0.145348 -2.316594 0.166992 -4.157717 -0.857369 
3720 1.000000 0.400000 0.147261 -2.258185 0.203033 -4.005735 -0.974182 
3730 1.000000 0.400000 0.148719 -2.203502 0.243336 -3.861076 -1.079410 
3740 1.000000 0.400000 0.149787 -2.151303 0.288606 -3.677211 -1.140942 
3750 1.000000 0.400000 0.150470 -2.101569 0.338865 -3.512535 -1.206169 
3760 1.000000 0.400000 0.150750 -2.055805 0.393263 -3.317803 -1.236666 
3770 1.000000 0.400000 0.150647 -2.013984 0.452347 -3.126420 -1.261772 
3780 1.000000 0.400000 0.150432 -1.975283 0.516591 -2.942087 -1.218051 
3790 1.000000 0.400000 0.150237 -1.941329 0.584112 -2.767487 -1.250325 
3800 1.000000 0.400000 0.150267 -1.912100 0.654895 -2.594102 -1.198368 
3810 1.000000 0.400000 0.150857 -1.886876 0.730649 -2.424303 -1.122244 
3820 1.000000 0.400000 0.152197 -1.866726 0.810518 -2.257642 -1.054097 
3830 1.000000 0.400000 0.154420 -1.852441 0.893360 -2.095112 -0.957756 
3840 1.000000 0.400000 0.157417 -1.845307 0.977922 -1.914339 -0.889528 
3850 1.000000 0.400000 0.161158 -1.845589 1.064051 -1.756337 -0.783645 
3860 1.000000 0.400000 0.165664 -1.852830 1.152606 -1.646835 -0.631776 
3870 1.000000 0.400000 0.170558 -1.867400 1.241651 -1.493569 -0.515703 
3880 1.000000 0.400000 0.175543 -1.889924 1.330851 -1.383248 -0.365288 
3890 1.000000 0.400000 0.180164 -1.919913 1.417997 -1.273926 -0.222897 
3900 1.000000 0.400000 0.184261 -1.956921 1.502530 -1.167945 -0.085589 
3910 1.000000 0.400000 0.187698 -2.001257 1.584570 -1.117547 0.080523 
3920 1.000000 0.400000 0.190640 -2.052822 1.665389 -1.059426 0.256425 
3930 1.000000 0.400000 0.192720 -2.111692 1.742717 -1.017776 0.433654 
3940 1.000000 0.400000 0.193803 -2.178163 1.815908 -0.981047 0.620614 
3950 1.000000 0.400000 0.193939 -2.251819 1.884303 -0.984369 0.808413 
3960 1.000000 0.400000 0.194116 -2.333098 1.951038 -1.050045 0.972000 
3970 1.000000 0.400000 0.194109 -2.420889 2.012960 -1.070158 1.161921 
3980 1.000000 0.400000 0.193893 -2.515168 2.067796 -1.110234 1.342253 
3990 1.000000 0.400000 0.194130 -2.614991 2.114884 -1.176682 1.509833 
4000 1.000000 0.400000 0.196153 -2.720489 2.155503 -1.257164 1.678479 
4010 1.000000 0.400000 0.200084 -2.829308 2.186405 -1.324040 1.848159 
4020 1.000000 0.400000 0.206099 -2.940250 2.207006 -1.398496 2.006801 
4030 1.000000 0.400000 0.213993 -3.047820 2.216666 -1.423709 2.185118 
4040 1.000000 0.400000 0.221979 -3.147750 2.214087 -1.433021 2.366214 
4050 1.000000 0.400000 0.229252 -3.239591 2.202303 -1.468011 2.538386 
4060 1.000000 0.400000 0.235297 -3.326171 2.182365 -1.572392 2.697162 
4070 1.000000 0.400000 0.240286 -3.407785 2.155479 -1.666508 2.847267 
4080 1.000000 0.400000 0.244159 -3.486416 2.121512 -1.819992 2.947795 
4090 1.000000 0.400000 0.246467 -3.560084 2.081280 -1.944497 3.093988 
4100 1.000000 0.400000 0.247177 -3.629206 2.034892 -2.105513 3.188745 
4110 1.000000 0.400000 0.246288 -3.693932 1.982701 -2.284795 3.254410 
4120 1.000000 0.400000 0.243801 -3.754129 1.924708 -2.466532 3.307318 
4130 1.000000 0.400000 0.239746 -3.808804 1.861856 -2.642892 3.343705 
4140 1.000000 0.400000 0.234582 -3.859857 1.793375 -2.823544 3.339119 
4150 1.000000 0.400000 0.228056 -3.904840 1.720499 -3.009838 3.361050 
4160 1.000000 0.400000 0.220406 -3.943634 1.643326 -3.197813 3.337635 
4170 1.000000 0.400000 0.211885 -3.975728 1.562332 -3.380493 3.307220 
4180 1.000000 0.400000 0.203158 -4.002346 1.477064 -3.554679 3.247360 
4190 1.000000 0.400000 0.194333 -4.021026 1.389308 -3.736517 3.180989 
4200 1.000000 0.400000 0.186113 -4.031605 1.301028 -3.903815 3.133012 
4210 1.000000 0.400000 0.178995 -4.034042 1.214370 -4.069029 3.067314 
4220 1.000000 0.400000 0.173123 -4.028484 1.130516 -4.256729 3.049918 
4230 1.000000 0.400000 0.168466 -4.015661 1.051922 -4.428768 2.977212 
4240 1.000000 0.400000 0.164736 -3.996454 0.977853 -4.595775 2.907192 
4250 1.000000 0.400000 0.161562 -3.971757 0.909383 -4.765757 2.822950 
4260 1.000000 0.400000 0.158653 -3.941371 0.843405 -4.861119 2.656455 
4270 1.000000 0.400000 0.155833 -3.905561 0.780202 -5.012086 2.536827 
4280 1.000000 0.400000 0.152895 -3.864800 0.721434 -5.121020 2.371454 
4290 1.000000 0.400000 0.149789 -3.819500 0.667188 -5.226302 2.214324 
4300 1.000000 0.400000 0.146560 -3.770476 0.617918 -5.310157 2.053423 
4310 1.000000 0.400000 0.143242 -3.716690 0.571573 -5.329287 1.864297 
4320 1.000000 0.400000 0.139940 -3.658409 0.528839 -5.382391 1.680265 
4330 1.000000 0.400000 0.136797 -3.596395 0.490957 -5.378845 1.487943 
4340 1.000000 0.400000 0.134011 -3.531516 0.458559 -5.417218 1.303963 
4350 1.000000 0.400000 0.131807 -3.465040 0.432239 -5.409245 1.129516 
4360 1.000000 0.400000 0.130329 -3.396932 0.411347 -5.425521 0.938345 
4370 1.000000 0.400000 0.129660 -3.328156 0.396583 -5.388558 0.754898 
4380 1.000000 0.400000 0.129861 -3.258630 0.387719 -5.329047 0.573841 
4390 1.000000 0.400000 0.130895 -3.187955 0.384637 -5.293409 0.386498 
4400 1.000000 0.400000 0.132496 -3.119743 0.387815 -5.235418 0.204293 
4410 1.000000 0.400000 0.134519 -3.052756 0.396798 -5.168205 0.022176 
4420 1.000000 0.400000 0.136793 -2.987312 0.411337 -5.055398 -0.137380 
4430 1.000000 0.400000 0.139119 -2.923558 0.431008 -4.948714 -0.271996 
4440 1.000000 0.400000 0.141365 -2.861739 0.455615 -4.833273 -0.421357 
4450 1.000000 0.400000 0.143395 -2.802094 0.485279 -4.679182 -0.538363 
4460 1.000000 0.400000 0.145217 -2.743601 0.520239 -4.516716 -0.635966 
4470 1.000000 0.400000 0.146654 -2.688145 0.559961 -4.361079 -0.737589 
4480 1.000000 0.400000 0.147756 -2.634594 0.604879 -4.173077 -0.779103 
4490 1.000000 0.400000 0.148540 -2.584272 0.653890 -4.024300 -0.844346 
4500 1.000000 0.400000 0.149050 -2.536728 0.707312 -3.844610 -0.872162 
4510 1.000000 0.400000 0.149443 -2.490968 0.766413 -3.651805 -0.856523 
4520 1.000000 0.400000 0.149648 -2.449305 0.830073 -3.475451 -0.858033 
4530 1.000000 0.400000 0.149910 -2.411368 0.898792 -3.279733 -0.863100 
4540 1.000000 0.400000 0.150342 -2.378306 0.972285 -3.094507 -0.799592 
4550 1.000000 0.400000 0.151248 -2.350512 1.050083 -2.913036 -0.772199 
4560 1.000000 0.400000 0.152687 -2.329623 1.129823 -2.741181 -0.708355 
4570 1.000000 0.400000 0.155154 -2.313915 1.214254 -2.573858 -0.615158 
4580 1.000000 0.400000 0.158413 -2.305468 1.299848 -2.404763 -0.566956 
4590 1.000000 0.400000 0.162294 -2.304378 1.385643 -2.239201 -0.472062 
4600 1.000000 0.400000 0.166681 -2.310936 1.472455 -2.093139 -0.350766 
4610 1.000000 0.400000 0.171274 -2.325027 1.558979 -1.945691 -0.233672 
4620 1.000000 0.400000 0.175879 -2.346653 1.645271 -1.835887 -0.087908 
4630 1.000000 0.400000 0.180448 -2.375337 1.731448 -1.740354 0.062796 
4640 1.000000 0.400000 0.184563 -2.411614 1.816237 -1.635889 0.217947 
4650 1.000000 0.400000 0.187972 -2.455644 1.898727 -1.563330 0.395914 
4660 1.000000 0.400000 0.190587 -2.507664 1.979004 -1.496335 0.570133 
4670 1.000000 0.400000 0.192338 -2.567336 2.056133 -1.468598 0.758531 
4680 1.000000 0.400000 0.193404 -2.634733 2.130711 -1.488908 0.942112 
4690 1.000000 0.400000 0.194274 -2.710113 2.203974 -1.503859 1.132741 
4700 1.000000 0.400000 0.194548 -2.792965 2.272534 -1.507709 1.317692 
4710 1.000000 0.400000 0.194610 -2.883052 2.336064 -1.579178 1.490718 
4720 1.000000 0.400000 0.195287 -2.980072 2.395098 -1.617369 1.667968 
4730 1.000000 0.400000 0.196495 -3.082448 2.445831 -1.685551 1.835541 
4740 1.000000 0.400000 0.199275 -3.189815 2.488548 -1.749828 2.008989 
4750 1.000000 0.400000 0.204333 -3.301852 2.521802 -1.839373 2.181220 
4760 1.000000 0.400000 0.211193 -3.413594 2.543357 -1.839021 2.352345 
4770 1.000000 0.400000 0.218887 -3.518900 2.551429 -1.867482 2.543560 
4780 1.000000 0.400000 0.226238 -3.614805 2.547954 -1.848373 2.725823 
4790 1.000000 0.400000 0.232762 -3.703219 2.535417 -1.907661 2.903796 
4800 1.000000 0.400000 0.238013 -3.786553 2.514929 -1.990400 3.073008 
4810 1.000000 0.400000 0.242078 -3.865321 2.487226 -2.107718 3.226811 
4820 1.000000 0.400000 0.244780 -3.940146 2.452576 -2.258320 3.352186 
4830 1.000000 0.400000 0.246102 -4.011092 2.411936 -2.400693 3.456333 
4840 1.000000 0.400000 0.245954 -4.078348 2.365148 -2.566500 3.549683 
4850 1.000000 0.400000 0.244274 -4.141233 2.312789 -2.733574 3.602353 
4860 1.000000 0.400000 0.241186 -4.200325 2.254675 -2.914710 3.648245 
4870 1.000000 0.400000 0.236637 -4.254114 2.191915 -3.087514 3.703419 
4880 1.000000 0.400000 0.230722 -4.302211 2.124805 -3.272853 3.717176 
4890 1.000000 0.400000 0.223586 -4.345023 2.052875 -3.450597 3.704226 
4900 1.000000 0.400000 0.215628 -4.383435 1.975699 -3.645037 3.671720 
4910 1.000000 0.400000 0.206966 -4.416010 1.894113 -3.810007 3.618263 
4920 1.000000 0.400000 0.198057 -4.442219 1.809212 -3.991517 3.588584 
4930 1.000000 0.400000 0.189215 -4.460980 1.721854 -4.170934 3.519521 
4940 1.000000 0.400000 0.180851 -4.471315 1.633584 -4.355853 3.465103 
4950 1.000000 0.400000 0.173446 -4.473029 1.545877 -4.524464 3.398373 
4960 1.000000 0.400000 0.167354 -4.466585 1.461016 -4.708570 3.334670 
4970 1.000000 0.400000 0.162541 -4.452560 1.380288 -4.880598 3.271501 
4980 1.000000 0.400000 0.158773 -4.432156 1.306014 -5.052053 3.212968 
4990 1.000000 0.400000 0.155617 -4.405869 1.236550 -5.221473 3.114159 
5000 1.000000 0.400000 0.152781 -4.374074 1.171570 -5.362843 2.983183 
5010 1.000000 0.400000 0.150090 -4.336825 1.109551 -5.474220 2.832320 
5020 1.000000 0.400000 0.147427 -4.294529 1.051084 -5.575574 2.671987 
5030 1.000000 0.400000 0.144704 -4.247677 0.997016 -5.662908 2.501556 
5040 1.000000 0.400000 0.141906 -4.196330 0.947149 -5.749573 2.331475 
5050 1.000000 0.400000 0.139097 -4.140825 0.901908 -5.796574 2.142850 
5060 1.000000 0.400000 0.136379 -4.081587 0.861625 -5.847184 1.956093 
5070 1.000000 0.400000 0.133923 -4.018855 0.825982 -5.828823 1.771459 
5080 1.000000 0.400000 0.131896 -3.951852 0.794633 -5.831345 1.582454 
5090 1.000000 0.400000 0.130547 -3.883088 0.768760 -5.822927 1.412670 
5100 1.000000 0.400000 0.129972 -3.812792 0.749096 -5.796443 1.219853 
5110 1.000000 0.400000 0.130304 -3.740051 0.734831 -5.736787 1.052032 
5120 1.000000 0.400000 0.131573 -3.666317 0.726190 -5.692732 0.875578 
5130 1.000000 0.400000 0.133552 -3.593633 0.724469 -5.641305 0.688683 
5140 1.000000 0.400000 0.136087 -3.521622 0.729167 -5.574881 0.504725 
5150 1.000000 0.400000 0.138884 -3.451574 0.740201 -5.504262 0.323911 
5160 1.000000 0.400000 0.141626 -3.385605 0.756649 -5.453415 0.156806 
5170 1.000000 0.400000 0.144162 -3.323859 0.777187 -5.357113 0.015905 
5180 1.000000 0.400000 0.146606 -3.262574 0.802910 -5.195616 -0.089154 
5190 1.000000 0.400000 0.148771 -3.202781 0.833727 -5.058535 -0.215940 
5200 1.000000 0.400000 0.150586 -3.144674 0.869835 -4.895238 -0.323919 
5210 1.000000 0.400000 0.151995 -3.088848 0.910752 -4.728770 -0.393051 
5220 1.000000 0.400000 0.152923 -3.035679 0.956685 -4.566829 -0.484655 
5230 1.000000 0.400000 0.153467 -2.985129 1.007282 -4.381908 -0.499097 
5240 1.000000 0.400000 0.153657 -2.937058 1.063021 -4.200192 -0.506240 
5250 1.000000 0.400000 0.153662 -2.890871 1.124595 -4.014509 -0.498611 
5260 1.000000 0.400000 0.153482 -2.848694 1.191099 -3.824178 -0.477537 
5270 1.000000 0.400000 0.153322 -2.810427 1.263080 -3.635848 -0.460172 
5280 1.000000 0.400000 0.153272 -2.778337 1.338495 -3.451110 -0.448753 
5290 1.000000 0.400000 0.153658 -2.752161 1.417490 -3.270030 -0.410400 
5300 1.000000 0.400000 0.154720 -2.732375 1.499426 -3.099910 -0.327026 
5310 1.000000 0.400000 0.156678 -2.719197 1.583928 -2.919303 -0.270544 
5320 1.000000 0.400000 0.159629 -2.712906 1.671097 -2.766396 -0.150687 
5330 1.000000 0.400000 0.163476 -2.713866 1.759896 -2.624295 -0.044093 
5340 1.000000 0.400000 0.168014 -2.722286 1.849801 -2.475199 0.074132 
5350 1.000000 0.400000 0.172806 -2.738496 1.939169 -2.347605 0.199436 
5360 1.000000 0.400000 0.177702 -2.762325 2.028498 -2.222822 0.337355 
5370 1.000000 0.400000 0.182070 -2.793914 2.114950 -2.104468 0.462746 
5380 1.000000 0.400000 0.185885 -2.832876 2.199020 -2.037865 0.638340 
5390 1.000000 0.400000 0.188801 -2.878215 2.278802 -1.918301 0.770901 
5400 1.000000 0.400000 0.190947 -2.931012 2.356175 -1.891022 0.956304 
5410 1.000000 0.400000 0.192533 -2.991650 2.432222 -1.866448 1.148371 
5420 1.000000 0.400000 0.193189 -3.060225 2.504731 -1.848719 1.343096 
5430 1.000000 0.400000 0.193184 -3.136415 2.573521 -1.880953 1.529691 
5440 1.000000 0.400000 0.192927 -3.220316 2.639300 -1.912645 1.701519 
5450 1.000000 0.400000 0.192701 -3.310597 2.700380 -1.980440 1.869614 
5460 1.000000 0.400000 0.192833 -3.407687 2.755880 -2.017426 2.057387 
5470 1.000000 0.400000 0.193729 -3.511159 2.803848 -2.107267 2.229654 
5480 1.000000 0.400000 0.196568 -3.620749 2.844104 -2.194446 2.392084 
5490 1.000000 0.400000 0.202231 -3.734703 2.875508 -2.261885 2.564527 
5500 1.000000 0.400000 0.209463 -3.847462 2.894293 -2.285282 2.751910 
5510 1.000000 0.400000 0.217316 -3.949346 2.901194 -2.219257 2.797829 
5520 1.000000 0.400000 0.226820 -4.037545 2.912541 -2.216900 2.612801 
5530 1.000000 0.400000 0.237058 -4.117524 2.930543 -2.260618 2.450180 
5540 1.000000 0.400000 0.247458 -4.191789 2.954517 -2.328395 2.268671 
5550 1.000000 0.400000 0.256936 -4.258975 2.983342 -2.412805 2.103714 
5560 1.000000 0.400000 0.265635 -4.321897 3.017026 -2.554490 1.976549 
5570 1.000000 0.400000 0.273432 -4.381115 3.055477 -2.690254 1.862636 
5580 1.000000 0.400000 0.280008 -4.435414 3.097286 -2.832820 1.741057 
5590 1.000000 0.400000 0.285507 -4.485600 3.142718 -2.981297 1.651633 
5600 1.000000 0.400000 0.290276 -4.533058 3.192282 -3.161374 1.613865 
5610 1.000000 0.400000 0.294280 -4.577357 3.246379 -3.352898 1.592165 
5620 1.000000 0.400000 0.297802 -4.618768 3.305113 -3.532760 1.583495 
5630 1.000000 0.400000 0.300800 -4.656013 3.367852 -3.726624 1.569959 
5640 1.000000 0.400000 0.303784 -4.689648 3.435168 -3.905030 1.626611 
5650 1.000000 0.400000 0.307198 -4.719487 3.506512 -4.061815 1.662055 
5660 1.000000 0.400000 0.311077 -4.744377 3.581114 -4.250328 1.716775 
5670 1.000000 0.400000 0.315415 -4.763109 3.658621 -4.439367 1.758602 
5680 1.000000 0.400000 0.320081 -4.775073 3.736998 -4.612068 1.778403 
5690 1.000000 0.400000 0.324951 -4.780231 3.815047 -4.786643 1.857154 
5700 1.000000 0.400000 0.330198 -4.778902 3.894305 -4.937804 1.975478 
5710 1.000000 0.400000 0.335735 -4.770960 3.974952 -5.093624 2.083520 
