5710 0 -5.048117 3.809931 1.544158 -5.093624 2.083520
5710 1 -4.649624 3.974822 1.326127 -5.093624 2.083520
5710 2 -5.094735 3.790975 1.570524 -5.093624 2.083520
5710 3 -4.342196 4.175778 1.216604 -5.093624 2.083520
5710 4 -5.215591 3.673354 1.652007 -5.093624 2.083520
5710 5 -5.136103 3.806008 1.597524 -5.093624 2.083520
5710 6 -4.792625 4.034370 1.439190 -5.093624 2.083520
5710 7 -4.861174 3.909906 1.449243 -5.093624 2.083520
5710 8 -4.716483 3.978045 1.383621 -5.093624 2.083520
5710 9 -5.116068 3.735567 1.579174 -5.093624 2.083520
5710 10 -4.813156 3.944814 1.426404 -5.093624 2.083520
5710 11 -5.044024 3.780730 1.533133 -5.093624 2.083520
5710 12 -4.188265 4.267344 1.164808 -5.093624 2.083520
5710 13 -4.613307 4.071163 1.335682 -5.093624 2.083520
5710 14 -4.898094 3.933965 1.456687 -5.093624 2.083520
5710 15 -4.602635 4.014200 1.302764 -5.093624 2.083520
5710 16 -4.726652 3.928489 1.366466 -5.093624 2.083520
5710 17 -5.141719 3.708752 1.600392 -5.093624 2.083520
5710 18 -5.001222 3.796552 1.507322 -5.093624 2.083520
5710 19 -4.283806 4.272747 1.225797 -5.093624 2.083520
5710 20 -4.690641 4.046507 1.388295 -5.093624 2.083520
5710 21 -4.902051 3.890828 1.451232 -5.093624 2.083520
5710 22 -5.021743 3.899079 1.539124 -5.093624 2.083520
5710 23 -5.156947 3.774131 1.608855 -5.093624 2.083520
5710 24 -4.991803 3.868645 1.526167 -5.093624 2.083520
5710 25 -4.923460 3.914660 1.491288 -5.093624 2.083520
5710 26 -4.646240 4.089936 1.352118 -5.093624 2.083520
5710 27 -5.081908 3.820506 1.563668 -5.093624 2.083520
5710 28 -4.949230 3.886129 1.491607 -5.093624 2.083520
5710 29 -5.235091 3.716831 1.661030 -5.093624 2.083520
5710 30 -4.767001 3.936275 1.392805 -5.093624 2.083520
5710 31 -4.583590 4.094046 1.320506 -5.093624 2.083520
5710 32 -4.797553 3.919302 1.389646 -5.093624 2.083520
5710 33 -4.386644 4.202029 1.254970 -5.093624 2.083520
5710 34 -4.494464 4.123941 1.268048 -5.093624 2.083520
5710 35 -4.766331 4.013721 1.407417 -5.093624 2.083520
5710 36 -4.980420 3.900484 1.522653 -5.093624 2.083520
5710 37 -4.493908 4.187301 1.298513 -5.093624 2.083520
5710 38 -4.536431 4.120194 1.315392 -5.093624 2.083520
5710 39 -4.653747 4.004364 1.338418 -5.093624 2.083520
5710 40 -4.572794 4.133172 1.333659 -5.093624 2.083520
5710 41 -4.354659 4.245550 1.258141 -5.093624 2.083520
5710 42 -4.447034 4.185817 1.281628 -5.093624 2.083520
5710 43 -5.108049 3.764356 1.582870 -5.093624 2.083520
5710 44 -4.375599 4.145577 1.222155 -5.093624 2.083520
5710 45 -4.926432 3.865341 1.469481 -5.093624 2.083520
5710 46 -5.283580 3.650003 1.690681 -5.093624 2.083520
5710 47 -5.192156 3.705609 1.625797 -5.093624 2.083520
5710 48 -4.664024 4.066443 1.370345 -5.093624 2.083520
5710 49 -5.039872 3.870429 1.556024 -5.093624 2.083520
5710 50 -4.289584 4.225745 1.203933 -5.093624 2.083520
5710 51 -4.847506 3.975775 1.433711 -5.093624 2.083520
5710 52 -4.757712 3.963020 1.394727 -5.093624 2.083520
5710 53 -4.438707 4.115545 1.237641 -5.093624 2.083520
5710 54 -4.606678 4.119381 1.362922 -5.093624 2.083520
5710 55 -4.652217 4.120855 1.371543 -5.093624 2.083520
5710 56 -4.333289 4.211285 1.225810 -5.093624 2.083520
5710 57 -4.412431 4.164204 1.250375 -5.093624 2.083520
5710 58 -4.504251 4.155603 1.310451 -5.093624 2.083520
5710 59 -4.804229 3.995990 1.423876 -5.093624 2.083520
5710 60 -4.761939 4.059537 1.421783 -5.093624 2.083520
5710 61 -4.435290 4.218491 1.285338 -5.093624 2.083520
5710 62 -4.969824 3.844910 1.486019 -5.093624 2.083520
5710 63 -4.720671 4.017186 1.387220 -5.093624 2.083520
5710 64 -4.552751 4.161726 1.318523 -5.093624 2.083520
5710 65 -4.951991 3.807207 1.486074 -5.093624 2.083520
5710 66 -4.890283 3.851526 1.438432 -5.093624 2.083520
5710 67 -5.036039 3.841033 1.545939 -5.093624 2.083520
5710 68 -4.559690 4.036082 1.285157 -5.093624 2.083520
5710 69 -4.867081 3.882680 1.438435 -5.093624 2.083520
5710 70 -4.840551 3.860988 1.408528 -5.093624 2.083520
5710 71 -4.803625 3.969097 1.403849 -5.093624 2.083520
5710 72 -5.093678 3.849353 1.580183 -5.093624 2.083520
5710 73 -4.812538 3.892917 1.417875 -5.093624 2.083520
5710 74 -4.694687 3.999522 1.332571 -5.093624 2.083520
5710 75 -4.713030 4.077594 1.396410 -5.093624 2.083520
5710 76 -5.002655 3.828295 1.512137 -5.093624 2.083520
5710 77 -5.211090 3.751792 1.641496 -5.093624 2.083520
5710 78 -4.836236 4.013115 1.449576 -5.093624 2.083520
5710 79 -4.452649 4.149099 1.280137 -5.093624 2.083520
5710 80 -4.241646 4.244566 1.184809 -5.093624 2.083520
5710 81 -4.214101 4.303301 1.203836 -5.093624 2.083520
5710 82 -4.568721 4.067208 1.301964 -5.093624 2.083520
5710 83 -4.870218 3.952302 1.465165 -5.093624 2.083520
5710 84 -4.924280 3.958997 1.495079 -5.093624 2.083520
5710 85 -4.526997 4.090675 1.290462 -5.093624 2.083520
5710 86 -4.730105 4.044114 1.407409 -5.093624 2.083520
5710 87 -4.963043 3.928985 1.501386 -5.093624 2.083520
5710 88 -4.474582 4.090076 1.254272 -5.093624 2.083520
5710 89 -5.167894 3.740447 1.614866 -5.093624 2.083520
5710 90 -4.698585 3.951915 1.330721 -5.093624 2.083520
5710 91 -4.622718 4.042258 1.341699 -5.093624 2.083520
5710 92 -4.931494 3.834429 1.464010 -5.093624 2.083520
5710 93 -4.754454 3.988948 1.389174 -5.093624 2.083520
5710 94 -4.660304 4.031574 1.348512 -5.093624 2.083520
5710 95 -4.843578 3.931879 1.424457 -5.093624 2.083520
5710 96 -4.518664 4.059688 1.268252 -5.093624 2.083520
5710 97 -5.277624 3.686188 1.680815 -5.093624 2.083520
5710 98 -5.056256 3.751872 1.550461 -5.093624 2.083520
5710 99 -4.888827 3.987538 1.479626 -5.093624 2.083520
