10 1.000000 1.000000 0.771302 -0.124656 0.069663 0.159772 -1.660158 
20 1.000000 1.000000 0.772186 -0.145990 0.139543 0.611222 -1.558892 
30 1.000000 1.000000 0.775337 -0.176740 0.195119 1.041103 -1.428762 
40 1.000000 1.000000 0.776676 -0.216882 0.240662 1.327326 -1.063346 
50 1.000000 1.000000 0.774834 -0.268143 0.277926 1.444206 -0.601070 
60 1.000000 1.000000 0.770983 -0.330686 0.305944 1.502317 -0.181623 
70 1.000000 1.000000 0.765826 -0.396507 0.320653 1.492356 0.247683 
80 1.000000 1.000000 0.760689 -0.467964 0.320712 1.342593 0.718189 
90 1.000000 1.000000 0.755242 -0.535133 0.304084 1.220040 1.173724 
100 1.000000 1.000000 0.746778 -0.594934 0.272098 0.936633 1.565158 
110 1.000000 1.000000 0.730149 -0.646152 0.224743 0.505094 1.772509 
120 1.000000 1.000000 0.706968 -0.691666 0.159349 0.089535 1.663083 
130 1.000000 1.000000 0.685188 -0.726801 0.073470 -0.384949 1.629386 
140 1.000000 1.000000 0.671645 -0.737174 -0.009815 -0.798106 1.801075 
150 1.000000 1.000000 0.662744 -0.728233 -0.079268 -1.280120 1.835806 
160 1.000000 1.000000 0.654752 -0.704307 -0.139375 -1.709758 1.625000 
170 1.000000 1.000000 0.646018 -0.667436 -0.190314 -2.048079 1.292156 
180 1.000000 1.000000 0.637437 -0.616348 -0.234792 -2.220607 0.877828 
190 1.000000 1.000000 0.632184 -0.556323 -0.266098 -2.404008 0.439094 
200 1.000000 1.000000 0.630641 -0.501240 -0.281251 -2.629858 0.049418 
210 1.000000 1.000000 0.630526 -0.448680 -0.284734 -2.646822 -0.412335 
220 1.000000 1.000000 0.629979 -0.398109 -0.278531 -2.582652 -0.845386 
230 1.000000 1.000000 0.626971 -0.349578 -0.262902 -2.358366 -1.280787 
240 1.000000 1.000000 0.619207 -0.304538 -0.237438 -2.078654 -1.599642 
250 1.000000 1.000000 0.605675 -0.261453 -0.200309 -1.630756 -1.764766 
260 1.000000 1.000000 0.585412 -0.220926 -0.146730 -1.163167 -1.817985 
270 1.000000 1.000000 0.561481 -0.184669 -0.071226 -0.749941 -1.595919 
280 1.000000 1.000000 0.544311 -0.157303 0.031806 -0.340183 -1.356110 
290 1.000000 1.000000 0.544976 -0.159985 0.136021 0.123151 -1.417585 
300 1.000000 1.000000 0.551356 -0.185980 0.217515 0.578723 -1.308865 
310 1.000000 1.000000 0.554856 -0.227774 0.282871 0.951191 -1.062265 
320 1.000000 1.000000 0.552686 -0.285486 0.337130 1.174404 -0.638493 
330 1.000000 1.000000 0.544215 -0.357970 0.377387 1.192806 -0.192877 
340 1.000000 1.000000 0.533417 -0.448974 0.401084 1.064230 0.267563 
350 1.000000 1.000000 0.525741 -0.548111 0.398819 0.993651 0.716765 
360 1.000000 1.000000 0.520045 -0.634293 0.370746 0.829152 1.151014 
370 1.000000 1.000000 0.511723 -0.703947 0.323556 0.555028 1.493464 
380 1.000000 1.000000 0.498097 -0.758469 0.259362 0.127211 1.689584 
390 1.000000 1.000000 0.481887 -0.798386 0.175875 -0.309019 1.658013 
400 1.000000 1.000000 0.474398 -0.831293 0.093337 -0.022670 1.687301 
410 1.000000 1.000000 0.474313 -0.870234 0.035916 0.379716 1.523592 
420 1.000000 1.000000 0.475453 -0.915543 -0.006381 0.669533 1.194107 
430 1.000000 1.000000 0.476048 -0.967524 -0.037971 0.892475 0.807089 
440 1.000000 1.000000 0.475478 -1.028334 -0.059073 0.864750 0.320454 
450 1.000000 1.000000 0.473560 -1.096503 -0.066361 0.808941 -0.146344 
460 1.000000 1.000000 0.470569 -1.167117 -0.057639 0.587491 -0.534826 
470 1.000000 1.000000 0.466520 -1.244839 -0.029487 0.232084 -0.867221 
480 1.000000 1.000000 0.459160 -1.321194 0.024300 -0.216003 -1.050284 
490 1.000000 1.000000 0.447926 -1.390077 0.108159 -0.695141 -1.112075 
500 1.000000 1.000000 0.433833 -1.436720 0.220057 -1.160258 -1.064085 
510 1.000000 1.000000 0.419511 -1.444520 0.342968 -1.596615 -0.978908 
520 1.000000 1.000000 0.409757 -1.413223 0.457416 -2.001868 -0.792564 
530 1.000000 1.000000 0.401622 -1.347803 0.551209 -2.306739 -0.438755 
540 1.000000 1.000000 0.398599 -1.270730 0.629003 -2.234728 -0.564892 
550 1.000000 1.000000 0.403854 -1.227301 0.700527 -1.975037 -0.909638 
560 1.000000 1.000000 0.411280 -1.205186 0.765787 -1.608321 -1.163188 
570 1.000000 1.000000 0.419204 -1.198491 0.829299 -1.163559 -1.170689 
580 1.000000 1.000000 0.425652 -1.205852 0.891081 -0.696844 -1.064101 
590 1.000000 1.000000 0.428380 -1.227404 0.950468 -0.308675 -0.802236 
600 1.000000 1.000000 0.425822 -1.264680 1.009358 -0.059550 -0.423381 
610 1.000000 1.000000 0.415590 -1.321441 1.066488 0.047297 0.008231 
620 1.000000 1.000000 0.395845 -1.401917 1.117326 -0.013540 0.488634 
630 1.000000 1.000000 0.367011 -1.509572 1.151229 -0.197688 0.906178 
640 1.000000 1.000000 0.344269 -1.652623 1.174596 -0.604351 1.131008 
650 1.000000 1.000000 0.342826 -1.788099 1.185344 -0.463427 0.882087 
660 1.000000 1.000000 0.352203 -1.883817 1.226539 -0.600288 0.426147 
670 1.000000 1.000000 0.361955 -1.957797 1.290782 -0.941416 0.078834 
680 1.000000 1.000000 0.368020 -2.008818 1.371578 -1.385363 0.019698 
690 1.000000 1.000000 0.372479 -2.039340 1.470747 -1.842213 0.001292 
700 1.000000 1.000000 0.373344 -2.040928 1.569220 -2.296088 0.022725 
710 1.000000 1.000000 0.370346 -2.013909 1.665753 -2.687887 0.262327 
720 1.000000 1.000000 0.359604 -1.959202 1.750818 -2.960296 0.634527 
730 1.000000 1.000000 0.339901 -1.875887 1.824582 -3.060760 1.052522 
740 1.000000 1.000000 0.313736 -1.757186 1.885437 -2.804828 1.472469 
750 1.000000 1.000000 0.298564 -1.633869 1.942608 -2.854202 1.230678 
760 1.000000 1.000000 0.296388 -1.555584 2.002719 -2.708455 0.876665 
770 1.000000 1.000000 0.299184 -1.504965 2.070422 -2.353391 0.549877 
780 1.000000 1.000000 0.304017 -1.475686 2.144289 -1.913696 0.384893 
790 1.000000 1.000000 0.309534 -1.466196 2.222439 -1.448690 0.463787 
800 1.000000 1.000000 0.315036 -1.476448 2.305455 -1.044682 0.678211 
810 1.000000 1.000000 0.318158 -1.509257 2.388098 -0.780806 1.012464 
820 1.000000 1.000000 0.317365 -1.568701 2.470161 -0.522614 1.418620 
830 1.000000 1.000000 0.309856 -1.661033 2.542228 -0.505900 1.909320 
840 1.000000 1.000000 0.296480 -1.785788 2.590713 -0.599128 2.349494 
850 1.000000 1.000000 0.281033 -1.922273 2.594362 -0.693064 2.777171 
860 1.000000 1.000000 0.269740 -2.045724 2.551360 -0.922050 3.159339 
870 1.000000 1.000000 0.260208 -2.146372 2.470251 -1.233224 3.367342 
880 1.000000 1.000000 0.259196 -2.235522 2.404231 -0.889402 3.174778 
890 1.000000 1.000000 0.264407 -2.320503 2.372446 -0.670241 2.749689 
900 1.000000 1.000000 0.271077 -2.399953 2.365888 -0.610668 2.272255 
910 1.000000 1.000000 0.276741 -2.474782 2.379354 -0.774658 1.854051 
920 1.000000 1.000000 0.279834 -2.549668 2.412777 -1.107256 1.540748 
930 1.000000 1.000000 0.278191 -2.621998 2.469548 -1.541128 1.380216 
940 1.000000 1.000000 0.270515 -2.690115 2.556263 -1.980163 1.382901 
950 1.000000 1.000000 0.257222 -2.739930 2.669573 -2.401518 1.447478 
960 1.000000 1.000000 0.242865 -2.762186 2.814045 -2.707225 1.774030 
970 1.000000 1.000000 0.241167 -2.753744 2.979250 -2.818736 1.808351 
980 1.000000 1.000000 0.251379 -2.771761 3.099313 -2.344339 1.756635 
990 1.000000 1.000000 0.263274 -2.821723 3.194449 -1.949273 2.006795 
1000 1.000000 1.000000 0.271056 -2.893781 3.265696 -1.714727 2.377655 
1010 1.000000 1.000000 0.275171 -2.988944 3.316677 -1.664062 2.860459 
1020 1.000000 1.000000 0.275612 -3.099940 3.336940 -1.679483 3.340783 
1030 1.000000 1.000000 0.274358 -3.208063 3.323545 -1.792975 3.731379 
1040 1.000000 1.000000 0.268486 -3.303217 3.279581 -2.038684 4.141653 
1050 1.000000 1.000000 0.254098 -3.383953 3.206673 -2.483018 4.270610 
1060 1.000000 1.000000 0.230221 -3.450506 3.097139 -2.961359 4.219600 
1070 1.000000 1.000000 0.210555 -3.515712 2.961266 -2.888387 3.987079 
1080 1.000000 1.000000 0.206799 -3.595727 2.872998 -2.440816 3.818150 
1090 1.000000 1.000000 0.208912 -3.681015 2.824364 -2.181422 3.418485 
1100 1.000000 1.000000 0.214081 -3.771853 2.803144 -2.174750 2.943686 
1110 1.000000 1.000000 0.220006 -3.863306 2.809813 -2.309723 2.477353 
1120 1.000000 1.000000 0.224626 -3.958327 2.845094 -2.660764 2.137646 
1130 1.000000 1.000000 0.224976 -4.049757 2.913962 -3.108217 2.021030 
1140 1.000000 1.000000 0.220067 -4.132032 3.022661 -3.586047 2.039257 
1150 1.000000 1.000000 0.211900 -4.185789 3.177023 -4.033022 2.225394 
1160 1.000000 1.000000 0.210229 -4.176241 3.352958 -4.482400 2.367983 
1170 1.000000 1.000000 0.206692 -4.100588 3.484200 -4.859200 2.636537 
1180 1.000000 1.000000 0.196826 -3.981728 3.577552 -4.909164 2.903745 
1190 1.000000 1.000000 0.196648 -3.896750 3.667838 -4.715174 2.492892 
1200 1.000000 1.000000 0.202919 -3.853759 3.758733 -4.322865 2.278305 
1210 1.000000 1.000000 0.211808 -3.840144 3.852146 -3.856635 2.224121 
1220 1.000000 1.000000 0.219419 -3.852970 3.941738 -3.392248 2.351058 
1230 1.000000 1.000000 0.223362 -3.891029 4.026919 -3.098663 2.715233 
1240 1.000000 1.000000 0.222316 -3.957306 4.109503 -2.957151 3.132748 
1250 1.000000 1.000000 0.215125 -4.059504 4.186966 -3.023602 3.590011 
1260 1.000000 1.000000 0.202194 -4.205099 4.245490 -3.236583 4.009934 
1270 1.000000 1.000000 0.195112 -4.388454 4.262200 -3.432401 4.345012 
1280 1.000000 1.000000 0.205137 -4.534844 4.284150 -3.375605 3.901040 
1290 1.000000 1.000000 0.217941 -4.642242 4.346311 -3.628095 3.499878 
1300 1.000000 1.000000 0.228058 -4.725106 4.441528 -4.064587 3.391615 
1310 1.000000 1.000000 0.234807 -4.774518 4.565095 -4.537358 3.396165 
1320 1.000000 1.000000 0.238842 -4.779087 4.696166 -4.982965 3.448959 
1330 1.000000 1.000000 0.238455 -4.737082 4.820948 -5.349991 3.722234 
1340 1.000000 1.000000 0.227460 -4.655684 4.918556 -5.643686 4.089974 
1350 1.000000 1.000000 0.207099 -4.536360 4.995464 -5.541365 4.505267 
1360 1.000000 1.000000 0.185521 -4.380006 5.062977 -5.343857 4.612736 
1370 1.000000 1.000000 0.179444 -4.273586 5.139613 -5.292596 4.153128 
1380 1.000000 1.000000 0.181569 -4.215098 5.219521 -4.977554 3.797489 
1390 1.000000 1.000000 0.187480 -4.185586 5.305065 -4.505825 3.700805 
1400 1.000000 1.000000 0.194469 -4.180950 5.392529 -4.053538 3.725408 
1410 1.000000 1.000000 0.200254 -4.201000 5.479959 -3.631767 3.965944 
1420 1.000000 1.000000 0.202755 -4.247743 5.564714 -3.361797 4.352966 
1430 1.000000 1.000000 0.200691 -4.326633 5.645926 -3.317067 4.814761 
1440 1.000000 1.000000 0.194229 -4.441959 5.717567 -3.390024 5.255143 
1450 1.000000 1.000000 0.183761 -4.594517 5.753286 -3.606394 5.678527 
1460 1.000000 1.000000 0.180918 -4.768203 5.731390 -3.810751 6.083899 
1470 1.000000 1.000000 0.177281 -4.897041 5.646944 -4.102905 6.440535 
1480 1.000000 1.000000 0.174662 -4.998520 5.555955 -3.874189 6.293650 
1490 1.000000 1.000000 0.179948 -5.095306 5.511682 -3.641137 5.941935 
1500 1.000000 1.000000 0.188705 -5.191912 5.498994 -3.604842 5.503752 
1510 1.000000 1.000000 0.196542 -5.281811 5.513004 -3.746241 5.058596 
1520 1.000000 1.000000 0.201622 -5.370331 5.554075 -4.063367 4.717852 
1530 1.000000 1.000000 0.201395 -5.451572 5.624301 -4.522460 4.637243 
1540 1.000000 1.000000 0.195603 -5.527721 5.733042 -4.995835 4.721890 
1550 1.000000 1.000000 0.184993 -5.583577 5.889207 -5.409377 4.967182 
1560 1.000000 1.000000 0.178954 -5.584109 6.080838 -5.783440 5.224651 
1570 1.000000 1.000000 0.186722 -5.580001 6.230336 -5.393957 4.967613 
1580 1.000000 1.000000 0.199391 -5.620141 6.343029 -4.963038 5.141392 
1590 1.000000 1.000000 0.210365 -5.693222 6.436856 -4.683705 5.477603 
1600 1.000000 1.000000 0.215804 -5.789692 6.503251 -4.622725 5.918097 
1610 1.000000 1.000000 0.219127 -5.916182 6.544112 -4.688134 6.395463 
1620 1.000000 1.000000 0.219880 -6.048516 6.538118 -4.792276 6.811275 
1630 1.000000 1.000000 0.218329 -6.171513 6.489782 -5.096615 7.142379 
1640 1.000000 1.000000 0.208911 -6.269244 6.407551 -5.434382 7.381417 
1650 1.000000 1.000000 0.189679 -6.340674 6.289936 -5.860486 7.288463 
1660 1.000000 1.000000 0.172024 -6.407412 6.144462 -5.790464 7.185368 
1670 1.000000 1.000000 0.169240 -6.488937 6.053787 -5.351350 6.975488 
1680 1.000000 1.000000 0.173072 -6.575073 6.004971 -5.089166 6.600417 
1690 1.000000 1.000000 0.179769 -6.664992 5.984991 -5.031911 6.117056 
1700 1.000000 1.000000 0.186930 -6.757540 5.992041 -5.215469 5.663780 
1710 1.000000 1.000000 0.192319 -6.853222 6.027452 -5.561791 5.374916 
1720 1.000000 1.000000 0.194051 -6.947485 6.094551 -5.983284 5.151417 
1730 1.000000 1.000000 0.191156 -7.036554 6.201639 -6.432778 5.306047 
1740 1.000000 1.000000 0.184573 -7.103242 6.349895 -6.850072 5.400750 
1750 1.000000 1.000000 0.180144 -7.112458 6.531879 -7.254903 5.657805 
1760 1.000000 1.000000 0.178449 -7.044185 6.689028 -7.673010 5.858649 
1770 1.000000 1.000000 0.170876 -6.925850 6.801352 -7.752543 6.024664 
1780 1.000000 1.000000 0.171736 -6.848689 6.901028 -7.545908 5.662536 
1790 1.000000 1.000000 0.179115 -6.814090 6.999818 -7.116112 5.507982 
1800 1.000000 1.000000 0.188733 -6.810038 7.098264 -6.660436 5.581119 
1810 1.000000 1.000000 0.196613 -6.833844 7.191473 -6.250205 5.718960 
1820 1.000000 1.000000 0.200463 -6.884546 7.278875 -5.995900 6.122418 
1830 1.000000 1.000000 0.198959 -6.966697 7.360647 -5.937913 6.566933 
1840 1.000000 1.000000 0.190750 -7.088231 7.428967 -6.011554 7.021044 
1850 1.000000 1.000000 0.178319 -7.248280 7.465054 -6.300272 7.397219 
1860 1.000000 1.000000 0.175894 -7.430727 7.453426 -6.400368 7.566903 
1870 1.000000 1.000000 0.186701 -7.566937 7.466549 -6.318955 7.132817 
1880 1.000000 1.000000 0.198334 -7.670588 7.517592 -6.526380 6.706459 
1890 1.000000 1.000000 0.205700 -7.750047 7.596619 -6.926850 6.475407 
1900 1.000000 1.000000 0.209010 -7.806421 7.705417 -7.402057 6.535209 
1910 1.000000 1.000000 0.211397 -7.829902 7.843070 -7.847772 6.691299 
1920 1.000000 1.000000 0.211439 -7.801350 7.980776 -8.298972 6.835639 
1930 1.000000 1.000000 0.203571 -7.725956 8.093839 -8.565368 7.214521 
1940 1.000000 1.000000 0.188388 -7.610544 8.188145 -8.523118 7.620346 
1950 1.000000 1.000000 0.170631 -7.464331 8.261626 -8.485997 7.688805 
1960 1.000000 1.000000 0.165849 -7.372284 8.337023 -8.380114 7.245214 
1970 1.000000 1.000000 0.167997 -7.319048 8.415418 -8.066321 6.940872 
1980 1.000000 1.000000 0.173616 -7.292688 8.497037 -7.604670 6.834087 
1990 1.000000 1.000000 0.180448 -7.289837 8.582097 -7.140596 6.912059 
2000 1.000000 1.000000 0.186242 -7.310034 8.666753 -6.745040 7.137097 
2010 1.000000 1.000000 0.189403 -7.355723 8.751295 -6.490737 7.518340 
2020 1.000000 1.000000 0.188098 -7.427629 8.827705 -6.365064 7.933476 
2030 1.000000 1.000000 0.183370 -7.535642 8.902397 -6.502205 8.366021 
2040 1.000000 1.000000 0.175677 -7.686331 8.954837 -6.720569 8.781619 
2050 1.000000 1.000000 0.172395 -7.867241 8.947507 -7.015350 9.168529 
2060 1.000000 1.000000 0.171554 -8.020615 8.861118 -7.278569 9.558530 
2070 1.000000 1.000000 0.166271 -8.130364 8.738593 -7.268323 9.537975 
2080 1.000000 1.000000 0.169844 -8.229893 8.670165 -6.927153 9.320348 
2090 1.000000 1.000000 0.178081 -8.329218 8.638182 -6.844415 8.906391 
2100 1.000000 1.000000 0.187549 -8.427483 8.637317 -6.887384 8.420311 
2110 1.000000 1.000000 0.194404 -8.521986 8.666631 -7.131185 8.017464 
2120 1.000000 1.000000 0.196272 -8.608561 8.724402 -7.540618 7.778986 
2130 1.000000 1.000000 0.191166 -8.681660 8.813638 -7.993571 7.705401 
2140 1.000000 1.000000 0.180626 -8.744253 8.943768 -8.403497 7.944376 
2150 1.000000 1.000000 0.170024 -8.781338 9.119922 -8.697109 8.265295 
2160 1.000000 1.000000 0.175107 -8.802938 9.292827 -8.500344 8.208425 
2170 1.000000 1.000000 0.186351 -8.856064 9.404603 -8.081409 8.244790 
2180 1.000000 1.000000 0.196056 -8.935112 9.487762 -7.882684 8.657626 
2190 1.000000 1.000000 0.203801 -9.039736 9.547364 -7.778239 9.066197 
