10 1.000000 1.000000 0.791067 0.005110 0.094683 0.359323 -1.778932 
20 1.000000 1.000000 0.791387 -0.008912 0.147647 0.802732 -1.623185 
30 1.000000 1.000000 0.790651 -0.034350 0.195950 1.139852 -1.300827 
40 1.000000 1.000000 0.786163 -0.073373 0.241190 1.355622 -0.896441 
50 1.000000 1.000000 0.777649 -0.128945 0.281738 1.367955 -0.434695 
60 1.000000 1.000000 0.769628 -0.201255 0.311556 1.308456 0.024628 
70 1.000000 1.000000 0.764429 -0.275335 0.321264 1.426759 0.491836 
80 1.000000 1.000000 0.758472 -0.338160 0.313806 1.446726 0.961931 
90 1.000000 1.000000 0.748742 -0.392283 0.292638 1.242292 1.388055 
100 1.000000 1.000000 0.732438 -0.438936 0.259066 0.911635 1.639463 
110 1.000000 1.000000 0.708311 -0.481452 0.208950 0.461705 1.687910 
120 1.000000 1.000000 0.682381 -0.522193 0.135769 0.070506 1.443295 
130 1.000000 1.000000 0.670995 -0.562172 0.062404 0.373734 1.449951 
140 1.000000 1.000000 0.669763 -0.606109 0.015096 0.769304 1.196339 
150 1.000000 1.000000 0.670972 -0.655257 -0.017999 0.947595 0.810424 
160 1.000000 1.000000 0.672841 -0.710744 -0.040378 1.115704 0.371597 
170 1.000000 1.000000 0.673286 -0.766412 -0.049468 1.126683 -0.085108 
180 1.000000 1.000000 0.672273 -0.825624 -0.045378 0.936034 -0.532847 
190 1.000000 1.000000 0.668723 -0.886424 -0.025438 0.649475 -0.901356 
200 1.000000 1.000000 0.661329 -0.948467 0.014410 0.236057 -1.160137 
210 1.000000 1.000000 0.647444 -1.001290 0.076550 -0.238496 -1.288499 
220 1.000000 1.000000 0.629301 -1.036057 0.157628 -0.706278 -1.297521 
230 1.000000 1.000000 0.611529 -1.045378 0.244935 -1.192295 -1.280539 
240 1.000000 1.000000 0.595339 -1.029982 0.322035 -1.664197 -1.215842 
250 1.000000 1.000000 0.580026 -0.995379 0.386260 -2.053588 -0.966344 
260 1.000000 1.000000 0.563843 -0.941188 0.441588 -2.132345 -0.525675 
270 1.000000 1.000000 0.555484 -0.871748 0.495592 -2.045095 -0.556232 
280 1.000000 1.000000 0.556439 -0.826252 0.548921 -1.772255 -0.888167 
290 1.000000 1.000000 0.559557 -0.799070 0.603149 -1.401666 -1.196327 
300 1.000000 1.000000 0.562189 -0.786126 0.656733 -0.934317 -1.233641 
310 1.000000 1.000000 0.564216 -0.785545 0.715316 -0.453138 -1.131855 
320 1.000000 1.000000 0.563148 -0.799965 0.775563 -0.054832 -0.870528 
330 1.000000 1.000000 0.556802 -0.832175 0.838149 0.219695 -0.512130 
340 1.000000 1.000000 0.540140 -0.884726 0.895454 0.347967 -0.074754 
350 1.000000 1.000000 0.512186 -0.965992 0.947608 0.314189 0.405566 
360 1.000000 1.000000 0.482640 -1.078328 0.984474 0.026284 0.766995 
370 1.000000 1.000000 0.473343 -1.198105 1.002534 0.081254 0.673365 
380 1.000000 1.000000 0.478585 -1.282628 1.041194 -0.032152 0.207716 
390 1.000000 1.000000 0.483347 -1.341425 1.093754 -0.323814 -0.156098 
400 1.000000 1.000000 0.485412 -1.384199 1.161109 -0.795155 -0.239685 
410 1.000000 1.000000 0.486593 -1.409044 1.243937 -1.241922 -0.186976 
420 1.000000 1.000000 0.488324 -1.410107 1.328964 -1.721177 -0.240770 
430 1.000000 1.000000 0.486936 -1.390360 1.400053 -2.129202 -0.137420 
440 1.000000 1.000000 0.480066 -1.352735 1.463592 -2.458818 0.192685 
450 1.000000 1.000000 0.461865 -1.294157 1.517393 -2.602831 0.650744 
460 1.000000 1.000000 0.433744 -1.208889 1.561730 -2.462247 1.101737 
470 1.000000 1.000000 0.410976 -1.099172 1.595046 -2.418234 1.185818 
480 1.000000 1.000000 0.405991 -1.022595 1.632403 -2.373723 0.766589 
490 1.000000 1.000000 0.405795 -0.970456 1.676723 -2.169349 0.366986 
500 1.000000 1.000000 0.405538 -0.934802 1.728362 -1.756155 0.116450 
510 1.000000 1.000000 0.404999 -0.911298 1.788652 -1.340116 0.058435 
520 1.000000 1.000000 0.404819 -0.901625 1.858073 -0.888839 0.175028 
530 1.000000 1.000000 0.404851 -0.911089 1.934116 -0.456933 0.403695 
540 1.000000 1.000000 0.403862 -0.943518 2.012439 -0.161573 0.742955 
550 1.000000 1.000000 0.398178 -1.002508 2.084291 0.110895 1.136875 
560 1.000000 1.000000 0.385929 -1.088396 2.140803 0.102702 1.617464 
570 1.000000 1.000000 0.371512 -1.199880 2.176300 -0.003248 2.036451 
580 1.000000 1.000000 0.358100 -1.321567 2.169482 -0.195111 2.466936 
590 1.000000 1.000000 0.348097 -1.429446 2.117764 -0.467486 2.838770 
600 1.000000 1.000000 0.341366 -1.516669 2.038984 -0.456081 2.920828 
610 1.000000 1.000000 0.344095 -1.591126 1.995557 -0.087119 2.627611 
620 1.000000 1.000000 0.350161 -1.657897 1.978209 0.083051 2.183328 
630 1.000000 1.000000 0.357050 -1.722113 1.978873 0.032199 1.710260 
640 1.000000 1.000000 0.361706 -1.783302 1.995983 -0.152065 1.271374 
650 1.000000 1.000000 0.361506 -1.842073 2.030415 -0.533585 0.985921 
660 1.000000 1.000000 0.354070 -1.898493 2.086033 -0.962415 0.873359 
670 1.000000 1.000000 0.337117 -1.948295 2.169158 -1.447189 0.898440 
680 1.000000 1.000000 0.312851 -1.982366 2.284986 -1.844250 1.139036 
690 1.000000 1.000000 0.295699 -1.985539 2.433617 -2.092482 1.444454 
700 1.000000 1.000000 0.299973 -1.992562 2.554849 -1.712256 1.291651 
710 1.000000 1.000000 0.310999 -2.025040 2.647245 -1.361795 1.341086 
720 1.000000 1.000000 0.319262 -2.077854 2.718880 -1.046571 1.698766 
730 1.000000 1.000000 0.323045 -2.153892 2.774802 -0.874279 2.139125 
740 1.000000 1.000000 0.322889 -2.250112 2.809232 -0.958141 2.590992 
750 1.000000 1.000000 0.320945 -2.359558 2.812848 -1.075946 3.044876 
760 1.000000 1.000000 0.314818 -2.464486 2.777884 -1.347344 3.395753 
770 1.000000 1.000000 0.299859 -2.551126 2.710464 -1.654788 3.690720 
780 1.000000 1.000000 0.276009 -2.622188 2.607683 -2.103031 3.554382 
790 1.000000 1.000000 0.257971 -2.688323 2.482067 -2.028803 3.467177 
800 1.000000 1.000000 0.255853 -2.760747 2.407853 -1.599144 3.287852 
810 1.000000 1.000000 0.258582 -2.835536 2.368930 -1.416126 2.896218 
820 1.000000 1.000000 0.263743 -2.915651 2.353171 -1.346357 2.431367 
830 1.000000 1.000000 0.269549 -2.997892 2.361387 -1.533652 2.026731 
840 1.000000 1.000000 0.274070 -3.084271 2.395468 -1.879436 1.688093 
850 1.000000 1.000000 0.272930 -3.163797 2.460405 -2.288642 1.494913 
860 1.000000 1.000000 0.264917 -3.230332 2.558895 -2.729995 1.481846 
870 1.000000 1.000000 0.252165 -3.268881 2.686076 -3.131468 1.640569 
880 1.000000 1.000000 0.241768 -3.258141 2.829927 -3.567174 1.823399 
890 1.000000 1.000000 0.233376 -3.188622 2.951414 -3.911852 2.150033 
900 1.000000 1.000000 0.224640 -3.091065 3.039477 -3.969988 2.149032 
910 1.000000 1.000000 0.226052 -3.035407 3.120784 -3.661797 1.815783 
920 1.000000 1.000000 0.232728 -3.011509 3.203720 -3.225791 1.649009 
930 1.000000 1.000000 0.239747 -3.012864 3.281721 -2.772805 1.729998 
940 1.000000 1.000000 0.244783 -3.037170 3.359193 -2.382120 1.982890 
950 1.000000 1.000000 0.245144 -3.087436 3.435862 -2.147654 2.384279 
960 1.000000 1.000000 0.238545 -3.170910 3.509566 -2.155517 2.845931 
970 1.000000 1.000000 0.223825 -3.294899 3.565865 -2.330543 3.278106 
980 1.000000 1.000000 0.212564 -3.462598 3.587919 -2.644614 3.602134 
990 1.000000 1.000000 0.219597 -3.601676 3.601525 -2.440693 3.290478 
1000 1.000000 1.000000 0.231345 -3.701043 3.651194 -2.644530 2.879385 
1010 1.000000 1.000000 0.240638 -3.777748 3.731250 -3.074661 2.665554 
1020 1.000000 1.000000 0.246952 -3.829285 3.838854 -3.535224 2.679676 
1030 1.000000 1.000000 0.249240 -3.838111 3.958145 -3.992518 2.731783 
1040 1.000000 1.000000 0.246896 -3.808053 4.063142 -4.420178 2.835566 
1050 1.000000 1.000000 0.236369 -3.745344 4.151391 -4.609541 3.229274 
1060 1.000000 1.000000 0.215928 -3.645009 4.226134 -4.637084 3.705798 
1070 1.000000 1.000000 0.192432 -3.503558 4.291188 -4.397133 3.856357 
1080 1.000000 1.000000 0.185370 -3.406455 4.362691 -4.347945 3.396947 
1090 1.000000 1.000000 0.187300 -3.353543 4.443258 -3.955227 3.122886 
1100 1.000000 1.000000 0.192933 -3.331543 4.526665 -3.521164 2.964133 
1110 1.000000 1.000000 0.199335 -3.334909 4.610736 -3.059569 3.107369 
1120 1.000000 1.000000 0.204291 -3.365024 4.697246 -2.723493 3.449413 
1130 1.000000 1.000000 0.206112 -3.429125 4.788845 -2.622107 3.917064 
1140 1.000000 1.000000 0.200700 -3.532495 4.866340 -2.607358 4.356715 
1150 1.000000 1.000000 0.190766 -3.680850 4.915446 -2.769379 4.809554 
1160 1.000000 1.000000 0.185817 -3.848316 4.895890 -2.991735 5.208884 
1170 1.000000 1.000000 0.180145 -3.972854 4.808589 -3.282961 5.586455 
1180 1.000000 1.000000 0.176684 -4.071793 4.716445 -3.036603 5.382422 
1190 1.000000 1.000000 0.182420 -4.166445 4.678106 -2.771609 4.997930 
1200 1.000000 1.000000 0.191260 -4.258884 4.672337 -2.779562 4.536763 
1210 1.000000 1.000000 0.198464 -4.345732 4.695645 -3.025167 4.123218 
1220 1.000000 1.000000 0.201203 -4.429535 4.749573 -3.435649 3.877028 
1230 1.000000 1.000000 0.196821 -4.506482 4.841892 -3.924840 3.877768 
1240 1.000000 1.000000 0.185643 -4.565405 4.981265 -4.332324 4.095395 
1250 1.000000 1.000000 0.179737 -4.586712 5.156770 -4.662682 4.263227 
1260 1.000000 1.000000 0.179815 -4.545399 5.297795 -5.086866 4.271587 
1270 1.000000 1.000000 0.174877 -4.467005 5.393579 -5.355900 4.614094 
1280 1.000000 1.000000 0.166353 -4.363980 5.464608 -5.378536 4.698139 
1290 1.000000 1.000000 0.166326 -4.296037 5.539089 -5.101867 4.323160 
1300 1.000000 1.000000 0.170556 -4.261759 5.611579 -4.743147 4.078561 
1310 1.000000 1.000000 0.177104 -4.248798 5.690570 -4.310031 4.059098 
1320 1.000000 1.000000 0.183317 -4.257738 5.770762 -3.888128 4.275379 
1330 1.000000 1.000000 0.186759 -4.291039 5.849485 -3.520159 4.565064 
1340 1.000000 1.000000 0.186572 -4.352148 5.929486 -3.485993 4.997769 
1350 1.000000 1.000000 0.180769 -4.450495 6.004377 -3.477979 5.473116 
1360 1.000000 1.000000 0.169766 -4.588890 6.054154 -3.656392 5.855244 
1370 1.000000 1.000000 0.165985 -4.763505 6.064620 -3.912663 6.182767 
1380 1.000000 1.000000 0.167966 -4.907498 6.007186 -4.017308 6.630571 
1390 1.000000 1.000000 0.163290 -5.007268 5.909358 -4.410093 6.741510 
1400 1.000000 1.000000 0.159133 -5.087226 5.803815 -4.201665 6.666240 
1410 1.000000 1.000000 0.163046 -5.169836 5.748069 -3.848090 6.368161 
1420 1.000000 1.000000 0.169373 -5.251646 5.725116 -3.687332 5.962857 
1430 1.000000 1.000000 0.176118 -5.333048 5.725812 -3.811633 5.491626 
1440 1.000000 1.000000 0.181411 -5.420634 5.753047 -4.152647 5.167030 
1450 1.000000 1.000000 0.182469 -5.507463 5.811042 -4.534506 4.905768 
1460 1.000000 1.000000 0.176047 -5.582419 5.905734 -5.012810 4.952649 
1470 1.000000 1.000000 0.163756 -5.641696 6.047593 -5.419505 5.176837 
1480 1.000000 1.000000 0.157740 -5.666138 6.235340 -5.642166 5.438511 
1490 1.000000 1.000000 0.169727 -5.702168 6.383569 -5.224571 5.334717 
1500 1.000000 1.000000 0.181804 -5.776747 6.485833 -4.941685 5.683228 
1510 1.000000 1.000000 0.190010 -5.886272 6.555648 -4.889393 6.150226 
1520 1.000000 1.000000 0.195944 -6.022598 6.580861 -4.915685 6.607187 
1530 1.000000 1.000000 0.198301 -6.150965 6.551385 -5.103044 7.029844 
1540 1.000000 1.000000 0.192863 -6.258762 6.478310 -5.390753 7.319002 
1550 1.000000 1.000000 0.178299 -6.340416 6.369553 -5.840792 7.286041 
1560 1.000000 1.000000 0.160546 -6.404386 6.224144 -5.948390 7.191096 
1570 1.000000 1.000000 0.156310 -6.473370 6.128928 -5.507987 7.073008 
1580 1.000000 1.000000 0.159793 -6.553964 6.075014 -5.217755 6.695838 
1590 1.000000 1.000000 0.166197 -6.639553 6.052339 -5.160104 6.215873 
1600 1.000000 1.000000 0.173177 -6.727898 6.057573 -5.311801 5.788782 
1610 1.000000 1.000000 0.178115 -6.816853 6.089724 -5.589787 5.433763 
1620 1.000000 1.000000 0.178643 -6.903272 6.155277 -6.008140 5.299289 
1630 1.000000 1.000000 0.174219 -6.983318 6.259302 -6.474544 5.333822 
1640 1.000000 1.000000 0.164045 -7.032098 6.407993 -6.877385 5.537522 
1650 1.000000 1.000000 0.161006 -7.025233 6.589903 -7.292301 5.755403 
1660 1.000000 1.000000 0.157407 -6.939069 6.726016 -7.613672 6.038817 
1670 1.000000 1.000000 0.159199 -6.870521 6.834621 -7.371581 5.646308 
1680 1.000000 1.000000 0.167513 -6.849489 6.932565 -6.926243 5.493015 
1690 1.000000 1.000000 0.176772 -6.860634 7.025322 -6.475393 5.623713 
1700 1.000000 1.000000 0.182465 -6.900340 7.108953 -6.088931 5.921226 
1710 1.000000 1.000000 0.183341 -6.970008 7.187714 -6.038831 6.370617 
1720 1.000000 1.000000 0.177310 -7.081014 7.256079 -6.117070 6.848909 
1730 1.000000 1.000000 0.166249 -7.240762 7.294420 -6.402187 7.243483 
1740 1.000000 1.000000 0.163258 -7.418666 7.268104 -6.569943 7.631944 
1750 1.000000 1.000000 0.166239 -7.548062 7.221381 -6.368612 7.423145 
1760 1.000000 1.000000 0.176689 -7.653452 7.223840 -6.324297 6.977440 
1770 1.000000 1.000000 0.185535 -7.740555 7.255663 -6.454391 6.568324 
1780 1.000000 1.000000 0.191141 -7.818721 7.315382 -6.888435 6.351995 
1790 1.000000 1.000000 0.191897 -7.885533 7.408975 -7.355926 6.347818 
1800 1.000000 1.000000 0.186348 -7.920124 7.532086 -7.813509 6.427651 
1810 1.000000 1.000000 0.182075 -7.913542 7.680514 -8.173091 6.720710 
1820 1.000000 1.000000 0.175579 -7.841492 7.817185 -8.478137 7.075704 
1830 1.000000 1.000000 0.160663 -7.712565 7.917683 -8.484464 7.348139 
1840 1.000000 1.000000 0.157306 -7.624983 8.010009 -8.384560 6.928299 
1850 1.000000 1.000000 0.161819 -7.584239 8.098859 -7.979109 6.712438 
1860 1.000000 1.000000 0.169378 -7.574540 8.186713 -7.556683 6.685876 
1870 1.000000 1.000000 0.176525 -7.590300 8.272353 -7.121564 6.873506 
1880 1.000000 1.000000 0.180644 -7.635145 8.356222 -6.802989 7.242817 
1890 1.000000 1.000000 0.179226 -7.711924 8.431905 -6.743578 7.685237 
1900 1.000000 1.000000 0.172735 -7.827710 8.497292 -6.847429 8.113427 
1910 1.000000 1.000000 0.164424 -7.982952 8.531508 -7.102619 8.493349 
1920 1.000000 1.000000 0.165040 -8.154789 8.502716 -7.295949 8.895818 
1930 1.000000 1.000000 0.160255 -8.274627 8.406352 -7.652685 9.182448 
1940 1.000000 1.000000 0.155532 -8.363479 8.305352 -7.395863 9.095024 
1950 1.000000 1.000000 0.160225 -8.453733 8.257075 -7.098203 8.741372 
1960 1.000000 1.000000 0.167969 -8.542437 8.242196 -7.054152 8.268042 
1970 1.000000 1.000000 0.175394 -8.629501 8.255981 -7.210939 7.815257 
1980 1.000000 1.000000 0.179795 -8.714989 8.297370 -7.569968 7.525015 
1990 1.000000 1.000000 0.178586 -8.792529 8.369619 -7.986239 7.339705 
2000 1.000000 1.000000 0.170913 -8.854368 8.476190 -8.425981 7.466664 
2010 1.000000 1.000000 0.160923 -8.895676 8.630554 -8.797563 7.783768 
2020 1.000000 1.000000 0.159388 -8.875152 8.806619 -9.162305 7.868450 
2030 1.000000 1.000000 0.167585 -8.864521 8.933045 -8.772863 7.679299 
2040 1.000000 1.000000 0.179196 -8.894039 9.039036 -8.353151 7.874141 
2050 1.000000 1.000000 0.187169 -8.958441 9.128134 -8.050554 8.234445 
2060 1.000000 1.000000 0.189184 -9.058935 9.197302 -8.025425 8.725638 
2070 1.000000 1.000000 0.187046 -9.195371 9.232962 -8.213839 9.151849 
2080 1.000000 1.000000 0.186441 -9.346405 9.212452 -8.388580 9.594550 
2090 1.000000 1.000000 0.178332 -9.461005 9.134652 -8.681310 9.937685 
2100 1.000000 1.000000 0.162937 -9.542109 9.016886 -8.985887 9.996114 
2110 1.000000 1.000000 0.156167 -9.613436 8.932119 -8.568256 9.868008 
2120 1.000000 1.000000 0.156870 -9.684295 8.886872 -8.203689 9.566440 
2130 1.000000 1.000000 0.160947 -9.754886 8.865840 -8.080521 9.154605 
2140 1.000000 1.000000 0.166010 -9.821135 8.863823 -8.074855 8.705523 
2150 1.000000 1.000000 0.170487 -9.886958 8.878973 -8.291842 8.309597 
2160 1.000000 1.000000 0.173279 -9.952669 8.913072 -8.628095 8.036978 
2170 1.000000 1.000000 0.173297 -10.018438 8.970900 -9.075776 7.909896 
