2170 0 -10.028059 9.016749 2.286001 -9.075776 7.909896
2170 1 -9.953446 9.228430 2.139117 -9.075776 7.909896
2170 2 -10.061663 8.993800 2.317120 -9.075776 7.909896
2170 3 -10.011168 8.789639 2.384583 -9.075776 7.909896
2170 4 -9.934978 9.068300 2.198820 -9.075776 7.909896
2170 5 -10.079036 9.070283 2.299877 -9.075776 7.909896
2170 6 -10.018932 9.048252 2.266755 -9.075776 7.909896
2170 7 -9.908922 8.860293 2.284061 -9.075776 7.909896
2170 8 -9.986701 8.982477 2.263053 -9.075776 7.909896
2170 9 -9.970639 9.009013 2.250075 -9.075776 7.909896
2170 10 -10.133113 8.880438 2.408147 -9.075776 7.909896
2170 11 -9.984105 8.769989 2.383040 -9.075776 7.909896
2170 12 -10.048264 9.188556 2.231369 -9.075776 7.909896
2170 13 -10.053925 8.954558 2.333712 -9.075776 7.909896
2170 14 -9.937245 9.158876 2.159400 -9.075776 7.909896
2170 15 -10.081516 9.034097 2.311083 -9.075776 7.909896
2170 16 -10.146381 8.754708 2.489011 -9.075776 7.909896
2170 17 -10.097442 8.780823 2.446788 -9.075776 7.909896
2170 18 -9.941568 8.843224 2.314822 -9.075776 7.909896
2170 19 -10.086130 8.980442 2.339621 -9.075776 7.909896
2170 20 -10.115649 8.916811 2.383150 -9.075776 7.909896
2170 21 -10.025297 8.849119 2.361964 -9.075776 7.909896
2170 22 -10.067861 8.730155 2.454697 -9.075776 7.909896
2170 23 -9.913599 9.032242 2.196996 -9.075776 7.909896
2170 24 -10.020577 9.120837 2.240544 -9.075776 7.909896
2170 25 -9.909473 8.907828 2.253936 -9.075776 7.909896
2170 26 -9.989002 8.898347 2.315865 -9.075776 7.909896
2170 27 -10.020905 9.160543 2.230996 -9.075776 7.909896
2170 28 -10.053130 9.141392 2.252085 -9.075776 7.909896
2170 29 -10.005445 9.077518 2.240838 -9.075776 7.909896
2170 30 -9.893350 8.947781 2.223110 -9.075776 7.909896
2170 31 -10.012267 9.207005 2.191063 -9.075776 7.909896
2170 32 -10.052591 8.853484 2.380307 -9.075776 7.909896
2170 33 -10.038851 8.983284 2.305667 -9.075776 7.909896
2170 34 -10.173327 8.790062 2.478382 -9.075776 7.909896
2170 35 -9.950482 8.801341 2.339092 -9.075776 7.909896
2170 36 -9.965449 9.286596 2.134264 -9.075776 7.909896
2170 37 -9.940048 9.010774 2.215523 -9.075776 7.909896
2170 38 -10.016046 8.881675 2.337459 -9.075776 7.909896
2170 39 -10.042266 8.817849 2.391262 -9.075776 7.909896
2170 40 -9.960689 9.184547 2.162567 -9.075776 7.909896
2170 41 -10.047127 9.058490 2.282196 -9.075776 7.909896
2170 42 -10.125992 8.792449 2.457641 -9.075776 7.909896
2170 43 -10.058109 8.917757 2.353500 -9.075776 7.909896
2170 44 -9.979900 8.816809 2.354239 -9.075776 7.909896
2170 45 -9.990976 9.141287 2.202593 -9.075776 7.909896
2170 46 -9.994828 8.862536 2.339978 -9.075776 7.909896
2170 47 -9.894373 8.998318 2.203752 -9.075776 7.909896
2170 48 -10.122605 8.839720 2.416145 -9.075776 7.909896
2170 49 -10.008195 8.915931 2.316717 -9.075776 7.909896
2170 50 -10.020525 9.256133 2.193520 -9.075776 7.909896
2170 51 -10.090635 8.905036 2.373418 -9.075776 7.909896
2170 52 -10.041503 8.886907 2.351189 -9.075776 7.909896
2170 53 -10.069659 8.886461 2.377395 -9.075776 7.909896
2170 54 -9.991587 9.178528 2.199177 -9.075776 7.909896
2170 55 -9.924205 9.201833 2.138495 -9.075776 7.909896
2170 56 -10.001457 9.009956 2.264292 -9.075776 7.909896
2170 57 -10.070024 8.772071 2.439992 -9.075776 7.909896
2170 58 -9.956092 9.040039 2.221287 -9.075776 7.909896
2170 59 -10.107467 9.011617 2.332164 -9.075776 7.909896
2170 60 -10.102591 8.951625 2.361238 -9.075776 7.909896
2170 61 -10.071430 8.815525 2.406802 -9.075776 7.909896
2170 62 -9.906478 9.132064 2.149304 -9.075776 7.909896
2170 63 -10.041541 8.782856 2.416151 -9.075776 7.909896
2170 64 -10.054307 9.024795 2.299274 -9.075776 7.909896
2170 65 -10.025035 8.744908 2.425314 -9.075776 7.909896
2170 66 -10.001090 8.950094 2.294046 -9.075776 7.909896
2170 67 -10.032229 8.920916 2.334248 -9.075776 7.909896
2170 68 -10.007537 8.826485 2.371333 -9.075776 7.909896
2170 69 -9.986444 9.238303 2.172936 -9.075776 7.909896
2170 70 -9.969756 8.962073 2.272509 -9.075776 7.909896
2170 71 -10.033044 9.089583 2.257800 -9.075776 7.909896
2170 72 -9.930151 8.936135 2.250998 -9.075776 7.909896
2170 73 -10.077894 8.938414 2.347006 -9.075776 7.909896
2170 74 -9.991147 9.037273 2.243458 -9.075776 7.909896
2170 75 -10.152486 8.826744 2.454868 -9.075776 7.909896
2170 76 -9.937872 8.886644 2.285733 -9.075776 7.909896
2170 77 -9.964608 8.891280 2.301192 -9.075776 7.909896
2170 78 -10.109417 8.736209 2.478879 -9.075776 7.909896
2170 79 -9.977545 9.063717 2.231348 -9.075776 7.909896
2170 80 -10.080112 8.853736 2.406123 -9.075776 7.909896
2170 81 -10.103381 8.871028 2.397505 -9.075776 7.909896
2170 82 -10.125946 8.974344 2.366001 -9.075776 7.909896
2170 83 -9.956732 8.926631 2.278257 -9.075776 7.909896
2170 84 -10.099046 8.822832 2.422761 -9.075776 7.909896
2170 85 -9.947170 8.979474 2.254569 -9.075776 7.909896
2170 86 -9.987839 9.104906 2.222032 -9.075776 7.909896
2170 87 -9.900724 9.070909 2.171119 -9.075776 7.909896
2170 88 -10.144454 8.928349 2.399487 -9.075776 7.909896
2170 89 -10.027059 8.951609 2.319216 -9.075776 7.909896
2170 90 -9.981547 8.932568 2.297177 -9.075776 7.909896
2170 91 -9.961821 9.130913 2.189602 -9.075776 7.909896
2170 92 -9.920871 8.971541 2.223235 -9.075776 7.909896
2170 93 -10.013681 8.981167 2.284790 -9.075776 7.909896
2170 94 -10.168922 8.865632 2.432693 -9.075776 7.909896
2170 95 -9.960456 9.089483 2.201062 -9.075776 7.909896
2170 96 -9.968708 8.854299 2.329796 -9.075776 7.909896
2170 97 -10.062943 9.105496 2.281830 -9.075776 7.909896
2170 98 -10.000757 9.306186 2.156104 -9.075776 7.909896
2170 99 -9.934189 9.109219 2.172141 -9.075776 7.909896
