10 1.000000 0.400000 0.775192 -0.016243 -0.018971 0.064076 -1.816195 
20 1.000000 0.400000 0.771834 -0.016604 0.010504 0.177385 -1.673700 
30 1.000000 0.400000 0.771079 -0.018956 0.041926 0.341770 -1.569534 
40 1.000000 0.400000 0.772224 -0.023894 0.073784 0.509875 -1.484181 
50 1.000000 0.400000 0.774030 -0.031519 0.104498 0.682294 -1.406295 
60 1.000000 0.400000 0.775939 -0.041586 0.134239 0.812133 -1.314507 
70 1.000000 0.400000 0.777151 -0.054342 0.162946 0.958268 -1.201863 
80 1.000000 0.400000 0.776690 -0.069379 0.189098 1.101563 -1.083076 
90 1.000000 0.400000 0.774534 -0.087476 0.214275 1.192832 -0.915000 
100 1.000000 0.400000 0.770944 -0.109078 0.239175 1.235073 -0.738685 
110 1.000000 0.400000 0.766009 -0.134950 0.263945 1.239143 -0.547098 
120 1.000000 0.400000 0.760257 -0.164520 0.287603 1.273939 -0.372183 
130 1.000000 0.400000 0.753571 -0.197999 0.309055 1.240232 -0.180400 
140 1.000000 0.400000 0.747443 -0.235627 0.328511 1.213670 -0.001977 
150 1.000000 0.400000 0.742203 -0.275958 0.344320 1.197207 0.180144 
160 1.000000 0.400000 0.738452 -0.317192 0.355403 1.174743 0.361892 
170 1.000000 0.400000 0.736686 -0.358141 0.361724 1.164961 0.553358 
180 1.000000 0.400000 0.736153 -0.395604 0.363225 1.222159 0.738617 
190 1.000000 0.400000 0.735616 -0.427461 0.361063 1.256135 0.931875 
200 1.000000 0.400000 0.734600 -0.455506 0.356048 1.229965 1.120613 
210 1.000000 0.400000 0.733101 -0.481546 0.348559 1.160010 1.291021 
220 1.000000 0.400000 0.730543 -0.504937 0.339075 1.095204 1.457146 
230 1.000000 0.400000 0.726325 -0.526875 0.327331 0.979626 1.611744 
240 1.000000 0.400000 0.719892 -0.547231 0.313280 0.828985 1.736562 
250 1.000000 0.400000 0.711183 -0.566509 0.296593 0.671195 1.838303 
260 1.000000 0.400000 0.699800 -0.583245 0.278332 0.520525 1.949590 
270 1.000000 0.400000 0.686627 -0.598656 0.257901 0.352638 1.955798 
280 1.000000 0.400000 0.671395 -0.612650 0.234714 0.160929 1.959334 
290 1.000000 0.400000 0.654317 -0.624173 0.209697 -0.024579 2.000752 
300 1.000000 0.400000 0.635493 -0.632731 0.183438 -0.211996 2.002327 
310 1.000000 0.400000 0.615762 -0.638749 0.155192 -0.390071 1.937181 
320 1.000000 0.400000 0.595852 -0.641899 0.124736 -0.571232 1.872410 
330 1.000000 0.400000 0.577014 -0.641885 0.092202 -0.732251 1.766331 
340 1.000000 0.400000 0.560572 -0.638228 0.058266 -0.905728 1.674968 
350 1.000000 0.400000 0.547841 -0.630709 0.023887 -1.062407 1.577560 
360 1.000000 0.400000 0.539364 -0.619875 -0.008599 -1.237723 1.511403 
370 1.000000 0.400000 0.534020 -0.607131 -0.036495 -1.416532 1.467687 
380 1.000000 0.400000 0.530433 -0.592835 -0.060962 -1.574116 1.378220 
390 1.000000 0.400000 0.527649 -0.576649 -0.083120 -1.701269 1.240486 
400 1.000000 0.400000 0.525293 -0.558172 -0.103734 -1.798096 1.086638 
410 1.000000 0.400000 0.523367 -0.538154 -0.122368 -1.903029 0.951573 
420 1.000000 0.400000 0.521861 -0.515880 -0.139362 -1.969440 0.773267 
430 1.000000 0.400000 0.520904 -0.491916 -0.154152 -2.031793 0.589217 
440 1.000000 0.400000 0.520536 -0.467511 -0.166133 -2.127909 0.453763 
450 1.000000 0.400000 0.520760 -0.443090 -0.175551 -2.166919 0.272635 
460 1.000000 0.400000 0.521392 -0.418341 -0.182406 -2.203577 0.083739 
470 1.000000 0.400000 0.522276 -0.394233 -0.186615 -2.251877 -0.096349 
480 1.000000 0.400000 0.523300 -0.370586 -0.188516 -2.245398 -0.282271 
490 1.000000 0.400000 0.524165 -0.347984 -0.188250 -2.245775 -0.466050 
500 1.000000 0.400000 0.524707 -0.326230 -0.185932 -2.227580 -0.652803 
510 1.000000 0.400000 0.524651 -0.305470 -0.181756 -2.181546 -0.830014 
520 1.000000 0.400000 0.523872 -0.284603 -0.175561 -2.070740 -0.981497 
530 1.000000 0.400000 0.522202 -0.263238 -0.167013 -1.924062 -1.096978 
540 1.000000 0.400000 0.519114 -0.242210 -0.156174 -1.813007 -1.241167 
550 1.000000 0.400000 0.513986 -0.221921 -0.142948 -1.670547 -1.375371 
560 1.000000 0.400000 0.506369 -0.201950 -0.126801 -1.491607 -1.424915 
570 1.000000 0.400000 0.496165 -0.181454 -0.106840 -1.307342 -1.477640 
580 1.000000 0.400000 0.482833 -0.162372 -0.083686 -1.130524 -1.542176 
590 1.000000 0.400000 0.466482 -0.144263 -0.056475 -0.948391 -1.524266 
600 1.000000 0.400000 0.447683 -0.127204 -0.024724 -0.767410 -1.495374 
610 1.000000 0.400000 0.426675 -0.112107 0.012140 -0.590602 -1.429088 
620 1.000000 0.400000 0.404714 -0.098413 0.056147 -0.426387 -1.317540 
630 1.000000 0.400000 0.384128 -0.087291 0.107422 -0.290382 -1.195967 
640 1.000000 0.400000 0.367757 -0.081764 0.161881 -0.120160 -1.135193 
650 1.000000 0.400000 0.357127 -0.082619 0.220222 0.022140 -1.019928 
660 1.000000 0.400000 0.353350 -0.090737 0.281765 0.153199 -0.883552 
670 1.000000 0.400000 0.354708 -0.106800 0.341898 0.323323 -0.800259 
680 1.000000 0.400000 0.357565 -0.130625 0.397463 0.469349 -0.670176 
690 1.000000 0.400000 0.360057 -0.160486 0.448399 0.571288 -0.535692 
700 1.000000 0.400000 0.360611 -0.196028 0.493736 0.681666 -0.395413 
710 1.000000 0.400000 0.359282 -0.237111 0.534163 0.765996 -0.225396 
720 1.000000 0.400000 0.356371 -0.284129 0.569856 0.766109 -0.032685 
730 1.000000 0.400000 0.352814 -0.336749 0.600263 0.791535 0.145374 
740 1.000000 0.400000 0.350030 -0.395754 0.625832 0.736409 0.329672 
750 1.000000 0.400000 0.348850 -0.457423 0.643145 0.728079 0.505855 
760 1.000000 0.400000 0.350157 -0.520598 0.651560 0.679712 0.685406 
770 1.000000 0.400000 0.352841 -0.580566 0.650605 0.665508 0.872876 
780 1.000000 0.400000 0.354922 -0.635056 0.641299 0.628166 1.061029 
790 1.000000 0.400000 0.355060 -0.684594 0.624863 0.527828 1.227614 
800 1.000000 0.400000 0.352715 -0.731564 0.601524 0.393714 1.367617 
810 1.000000 0.400000 0.346972 -0.773407 0.572324 0.252781 1.498078 
820 1.000000 0.400000 0.337643 -0.811182 0.537170 0.072103 1.556511 
830 1.000000 0.400000 0.324900 -0.846149 0.495104 -0.115428 1.592444 
840 1.000000 0.400000 0.308714 -0.877548 0.445589 -0.298584 1.578112 
850 1.000000 0.400000 0.290328 -0.903684 0.390646 -0.458675 1.538367 
860 1.000000 0.400000 0.270239 -0.925205 0.327594 -0.642674 1.465685 
870 1.000000 0.400000 0.249923 -0.939768 0.256631 -0.792113 1.359596 
880 1.000000 0.400000 0.232880 -0.945070 0.182171 -0.958896 1.299888 
890 1.000000 0.400000 0.221736 -0.939472 0.111580 -1.130059 1.306251 
900 1.000000 0.400000 0.216258 -0.927619 0.057333 -1.312185 1.366463 
910 1.000000 0.400000 0.213309 -0.913473 0.016571 -1.490185 1.394946 
920 1.000000 0.400000 0.211157 -0.896977 -0.017384 -1.674913 1.364292 
930 1.000000 0.400000 0.209149 -0.878721 -0.045861 -1.833513 1.256497 
940 1.000000 0.400000 0.206952 -0.857294 -0.072089 -1.933647 1.101209 
950 1.000000 0.400000 0.204440 -0.832480 -0.096479 -2.022060 0.938718 
960 1.000000 0.400000 0.201562 -0.804373 -0.118411 -2.109491 0.771430 
970 1.000000 0.400000 0.198457 -0.773133 -0.137672 -2.132018 0.589918 
980 1.000000 0.400000 0.195215 -0.739238 -0.153458 -2.165350 0.403266 
990 1.000000 0.400000 0.192106 -0.703262 -0.165276 -2.181600 0.217542 
1000 1.000000 0.400000 0.189424 -0.665515 -0.172871 -2.162763 0.027723 
1010 1.000000 0.400000 0.187333 -0.625756 -0.176039 -2.103320 -0.148682 
1020 1.000000 0.400000 0.186020 -0.585447 -0.174512 -2.064137 -0.318527 
1030 1.000000 0.400000 0.185337 -0.545225 -0.168340 -1.998982 -0.497455 
1040 1.000000 0.400000 0.184904 -0.507436 -0.157703 -1.964793 -0.666505 
1050 1.000000 0.400000 0.184412 -0.471397 -0.143156 -1.823800 -0.794756 
1060 1.000000 0.400000 0.183520 -0.435555 -0.123594 -1.691481 -0.919494 
1070 1.000000 0.400000 0.181898 -0.402285 -0.099784 -1.539068 -1.038790 
1080 1.000000 0.400000 0.179356 -0.370825 -0.070948 -1.375474 -1.113634 
1090 1.000000 0.400000 0.175830 -0.341779 -0.037087 -1.187913 -1.166599 
1100 1.000000 0.400000 0.171358 -0.314992 0.002848 -1.001604 -1.157815 
1110 1.000000 0.400000 0.166243 -0.290414 0.050160 -0.817602 -1.118651 
1120 1.000000 0.400000 0.161238 -0.268982 0.105261 -0.639743 -1.078513 
1130 1.000000 0.400000 0.157404 -0.252361 0.167951 -0.487005 -0.965634 
1140 1.000000 0.400000 0.155913 -0.242720 0.237342 -0.308102 -0.906119 
1150 1.000000 0.400000 0.157298 -0.242473 0.310419 -0.161855 -0.792555 
1160 1.000000 0.400000 0.160916 -0.253333 0.385261 -0.004129 -0.681033 
1170 1.000000 0.400000 0.164848 -0.275838 0.456402 0.148343 -0.571563 
1180 1.000000 0.400000 0.168269 -0.309270 0.524638 0.253054 -0.407603 
1190 1.000000 0.400000 0.170407 -0.354121 0.589449 0.306101 -0.226252 
1200 1.000000 0.400000 0.171123 -0.410077 0.649990 0.359589 -0.043108 
1210 1.000000 0.400000 0.169783 -0.475842 0.701684 0.399259 0.142931 
1220 1.000000 0.400000 0.167323 -0.550025 0.743480 0.356158 0.323074 
1230 1.000000 0.400000 0.165984 -0.632014 0.775988 0.322002 0.500340 
1240 1.000000 0.400000 0.166736 -0.719131 0.795635 0.256696 0.679808 
1250 1.000000 0.400000 0.170753 -0.804804 0.800046 0.227262 0.860153 
1260 1.000000 0.400000 0.176375 -0.885088 0.789979 0.161130 1.035288 
1270 1.000000 0.400000 0.180004 -0.955237 0.768463 0.096925 1.211787 
1280 1.000000 0.400000 0.181680 -1.019297 0.737370 -0.025319 1.346250 
1290 1.000000 0.400000 0.180297 -1.072800 0.699879 -0.154092 1.480797 
1300 1.000000 0.400000 0.176417 -1.121593 0.654134 -0.343196 1.501649 
1310 1.000000 0.400000 0.170374 -1.167650 0.598079 -0.530121 1.502714 
1320 1.000000 0.400000 0.162569 -1.206753 0.534754 -0.707765 1.525708 
1330 1.000000 0.400000 0.153503 -1.237277 0.464078 -0.889085 1.477182 
1340 1.000000 0.400000 0.144690 -1.257475 0.387913 -1.076537 1.454692 
1350 1.000000 0.400000 0.137946 -1.264095 0.314074 -1.262444 1.486842 
1360 1.000000 0.400000 0.134710 -1.261656 0.256641 -1.394024 1.607887 
1370 1.000000 0.400000 0.133340 -1.254546 0.211928 -1.579760 1.642397 
1380 1.000000 0.400000 0.132664 -1.243874 0.174355 -1.750653 1.615605 
1390 1.000000 0.400000 0.132167 -1.229811 0.140029 -1.885049 1.522552 
1400 1.000000 0.400000 0.131623 -1.212177 0.107893 -2.046171 1.443943 
1410 1.000000 0.400000 0.130977 -1.191686 0.078778 -2.175916 1.323639 
1420 1.000000 0.400000 0.130107 -1.168167 0.052509 -2.279358 1.159841 
1430 1.000000 0.400000 0.128923 -1.140597 0.028160 -2.346897 0.979993 
1440 1.000000 0.400000 0.127491 -1.108285 0.005319 -2.374929 0.795902 
1450 1.000000 0.400000 0.126118 -1.073164 -0.013421 -2.454693 0.615342 
1460 1.000000 0.400000 0.125048 -1.036404 -0.027299 -2.464034 0.420640 
1470 1.000000 0.400000 0.124491 -0.998628 -0.036589 -2.503626 0.239020 
1480 1.000000 0.400000 0.124616 -0.962283 -0.040895 -2.518664 0.050406 
1490 1.000000 0.400000 0.125281 -0.925246 -0.040856 -2.447795 -0.120409 
1500 1.000000 0.400000 0.126416 -0.887187 -0.036411 -2.394933 -0.302449 
1510 1.000000 0.400000 0.127873 -0.850031 -0.027392 -2.302779 -0.470930 
1520 1.000000 0.400000 0.129366 -0.815713 -0.014595 -2.231855 -0.637245 
1530 1.000000 0.400000 0.130701 -0.782915 0.002385 -2.107879 -0.785118 
1540 1.000000 0.400000 0.131725 -0.751111 0.023970 -1.943489 -0.884140 
1550 1.000000 0.400000 0.132367 -0.719763 0.050986 -1.763837 -0.958303 
1560 1.000000 0.400000 0.132567 -0.689604 0.083886 -1.575348 -1.002171 
1570 1.000000 0.400000 0.132357 -0.661961 0.122772 -1.381528 -1.034607 
1580 1.000000 0.400000 0.131974 -0.637630 0.167913 -1.188600 -1.033523 
1590 1.000000 0.400000 0.131852 -0.617605 0.219562 -1.007556 -0.970919 
1600 1.000000 0.400000 0.132612 -0.602900 0.277758 -0.819680 -0.928791 
1610 1.000000 0.400000 0.134780 -0.595510 0.341363 -0.654972 -0.832176 
1620 1.000000 0.400000 0.138548 -0.596765 0.409728 -0.494773 -0.727017 
1630 1.000000 0.400000 0.143351 -0.608393 0.480150 -0.336654 -0.609471 
1640 1.000000 0.400000 0.147892 -0.630545 0.548074 -0.200575 -0.484798 
1650 1.000000 0.400000 0.151870 -0.663832 0.615887 -0.124025 -0.318315 
1660 1.000000 0.400000 0.154667 -0.707630 0.680936 -0.060075 -0.147232 
1670 1.000000 0.400000 0.155913 -0.761994 0.741578 -0.009763 0.025607 
1680 1.000000 0.400000 0.155391 -0.827106 0.795608 -0.016917 0.210546 
1690 1.000000 0.400000 0.154273 -0.902558 0.842890 -0.036568 0.392783 
1700 1.000000 0.400000 0.153878 -0.988160 0.880955 -0.087563 0.576060 
1710 1.000000 0.400000 0.155681 -1.080943 0.905551 -0.149969 0.759572 
1720 1.000000 0.400000 0.160762 -1.172208 0.913369 -0.170648 0.938354 
1730 1.000000 0.400000 0.166747 -1.251104 0.906038 -0.162012 1.118864 
1740 1.000000 0.400000 0.170999 -1.319952 0.888342 -0.209498 1.285481 
1750 1.000000 0.400000 0.172825 -1.378004 0.863062 -0.303868 1.451321 
1760 1.000000 0.400000 0.172263 -1.430386 0.829809 -0.461131 1.570465 
1770 1.000000 0.400000 0.169331 -1.477556 0.789105 -0.627537 1.651040 
1780 1.000000 0.400000 0.164289 -1.521055 0.739870 -0.812093 1.653462 
1790 1.000000 0.400000 0.157417 -1.560107 0.681867 -1.001199 1.658390 
1800 1.000000 0.400000 0.149476 -1.592924 0.616378 -1.166152 1.631157 
1810 1.000000 0.400000 0.141422 -1.618479 0.543373 -1.343895 1.602699 
1820 1.000000 0.400000 0.134706 -1.631429 0.470550 -1.526130 1.617026 
1830 1.000000 0.400000 0.130786 -1.632939 0.408859 -1.687466 1.715943 
1840 1.000000 0.400000 0.129325 -1.629223 0.362317 -1.835223 1.807634 
1850 1.000000 0.400000 0.128736 -1.621166 0.322524 -2.010066 1.780754 
1860 1.000000 0.400000 0.128438 -1.608969 0.285873 -2.184089 1.713713 
1870 1.000000 0.400000 0.128214 -1.593196 0.252632 -2.351855 1.627786 
1880 1.000000 0.400000 0.127887 -1.573956 0.222304 -2.494035 1.500819 
1890 1.000000 0.400000 0.127363 -1.551102 0.194040 -2.598539 1.349372 
1900 1.000000 0.400000 0.126697 -1.525592 0.168966 -2.700801 1.199630 
1910 1.000000 0.400000 0.125854 -1.496757 0.146733 -2.760041 1.020816 
1920 1.000000 0.400000 0.124961 -1.464805 0.127478 -2.820155 0.842108 
1930 1.000000 0.400000 0.124208 -1.430177 0.111950 -2.841490 0.660815 
1940 1.000000 0.400000 0.123772 -1.392538 0.100012 -2.852215 0.466879 
1950 1.000000 0.400000 0.123925 -1.354458 0.092860 -2.863583 0.293593 
1960 1.000000 0.400000 0.124691 -1.316569 0.090047 -2.827152 0.124012 
1970 1.000000 0.400000 0.125938 -1.277824 0.091733 -2.782674 -0.064120 
1980 1.000000 0.400000 0.127516 -1.240702 0.097908 -2.765664 -0.247265 
1990 1.000000 0.400000 0.129191 -1.205209 0.108274 -2.652821 -0.406270 
2000 1.000000 0.400000 0.130797 -1.169936 0.123032 -2.540133 -0.542308 
2010 1.000000 0.400000 0.132185 -1.135053 0.142463 -2.389679 -0.659026 
2020 1.000000 0.400000 0.133199 -1.100576 0.167356 -2.212823 -0.729647 
2030 1.000000 0.400000 0.133729 -1.067138 0.198037 -2.048124 -0.816040 
2040 1.000000 0.400000 0.133735 -1.036758 0.233593 -1.865003 -0.850669 
2050 1.000000 0.400000 0.133444 -1.007942 0.275782 -1.688023 -0.846393 
2060 1.000000 0.400000 0.133141 -0.981232 0.325909 -1.497120 -0.810033 
2070 1.000000 0.400000 0.133259 -0.959812 0.382592 -1.314228 -0.800573 
2080 1.000000 0.400000 0.134326 -0.945815 0.443463 -1.136307 -0.729454 
2090 1.000000 0.400000 0.137009 -0.939156 0.510142 -0.969860 -0.659934 
2100 1.000000 0.400000 0.141120 -0.941863 0.579229 -0.816542 -0.545029 
2110 1.000000 0.400000 0.146109 -0.954668 0.649732 -0.654902 -0.456969 
2120 1.000000 0.400000 0.150356 -0.977748 0.716007 -0.524672 -0.317069 
2130 1.000000 0.400000 0.154302 -1.011648 0.784043 -0.467345 -0.133929 
2140 1.000000 0.400000 0.156580 -1.056437 0.848193 -0.372641 0.028733 
2150 1.000000 0.400000 0.156897 -1.112738 0.907618 -0.350250 0.220576 
2160 1.000000 0.400000 0.155556 -1.180078 0.960878 -0.345580 0.404259 
2170 1.000000 0.400000 0.153999 -1.258075 1.008002 -0.379145 0.584769 
2180 1.000000 0.400000 0.153472 -1.345584 1.045140 -0.435622 0.759639 
2190 1.000000 0.400000 0.155370 -1.437744 1.068279 -0.489967 0.929491 
2200 1.000000 0.400000 0.160890 -1.526462 1.077078 -0.493187 1.078285 
2210 1.000000 0.400000 0.167053 -1.604338 1.070890 -0.528742 1.267374 
2220 1.000000 0.400000 0.171544 -1.673662 1.053431 -0.592257 1.435570 
2230 1.000000 0.400000 0.173820 -1.735398 1.026824 -0.700717 1.590344 
2240 1.000000 0.400000 0.173562 -1.791048 0.991572 -0.847980 1.713092 
2250 1.000000 0.400000 0.170762 -1.841110 0.948188 -1.016771 1.797215 
2260 1.000000 0.400000 0.165584 -1.886584 0.895802 -1.212629 1.795002 
2270 1.000000 0.400000 0.158347 -1.926480 0.834271 -1.402566 1.819486 
2280 1.000000 0.400000 0.149606 -1.957749 0.765015 -1.586889 1.775550 
2290 1.000000 0.400000 0.140850 -1.979253 0.689531 -1.776677 1.757789 
2300 1.000000 0.400000 0.133935 -1.986863 0.616578 -1.972686 1.775771 
2310 1.000000 0.400000 0.130169 -1.984013 0.556747 -2.123986 1.882664 
2320 1.000000 0.400000 0.128661 -1.976553 0.511196 -2.304724 1.935630 
2330 1.000000 0.400000 0.127949 -1.965186 0.472552 -2.481623 1.910718 
2340 1.000000 0.400000 0.127492 -1.949971 0.437112 -2.629164 1.795972 
2350 1.000000 0.400000 0.127026 -1.931070 0.404689 -2.795070 1.698561 
2360 1.000000 0.400000 0.126461 -1.908777 0.375453 -2.931206 1.561186 
2370 1.000000 0.400000 0.125754 -1.883199 0.349021 -3.012989 1.393572 
2380 1.000000 0.400000 0.124891 -1.854243 0.325502 -3.110680 1.233610 
2390 1.000000 0.400000 0.124107 -1.823175 0.305478 -3.171147 1.081761 
2400 1.000000 0.400000 0.123504 -1.790053 0.289030 -3.212841 0.897007 
2410 1.000000 0.400000 0.123198 -1.755110 0.276598 -3.231541 0.709316 
2420 1.000000 0.400000 0.123308 -1.717639 0.268194 -3.209181 0.518870 
2430 1.000000 0.400000 0.123965 -1.678358 0.264192 -3.180222 0.331637 
2440 1.000000 0.400000 0.125167 -1.639505 0.265031 -3.162307 0.145068 
2450 1.000000 0.400000 0.126756 -1.601998 0.270454 -3.105148 -0.040313 
2460 1.000000 0.400000 0.128455 -1.566096 0.280350 -3.016747 -0.209089 
2470 1.000000 0.400000 0.130101 -1.530108 0.294945 -2.907742 -0.360745 
2480 1.000000 0.400000 0.131524 -1.495793 0.313956 -2.770354 -0.494104 
2490 1.000000 0.400000 0.132613 -1.461965 0.337959 -2.592988 -0.555450 
2500 1.000000 0.400000 0.133274 -1.427829 0.368371 -2.410594 -0.615006 
2510 1.000000 0.400000 0.133413 -1.395736 0.404819 -2.226367 -0.661883 
2520 1.000000 0.400000 0.133151 -1.367354 0.446526 -2.053890 -0.703752 
2530 1.000000 0.400000 0.132757 -1.343051 0.493558 -1.872614 -0.674630 
2540 1.000000 0.400000 0.133021 -1.320322 0.549882 -1.714836 -0.573883 
2550 1.000000 0.400000 0.134620 -1.302303 0.614574 -1.531447 -0.512216 
2560 1.000000 0.400000 0.138148 -1.291816 0.684770 -1.380457 -0.426041 
2570 1.000000 0.400000 0.143531 -1.290965 0.758678 -1.216281 -0.352776 
2580 1.000000 0.400000 0.149281 -1.301220 0.830057 -1.035707 -0.288190 
2590 1.000000 0.400000 0.153886 -1.321223 0.894909 -0.894078 -0.178471 
2600 1.000000 0.400000 0.157345 -1.351484 0.958210 -0.781725 -0.022351 
2610 1.000000 0.400000 0.159210 -1.391911 1.018774 -0.720576 0.156025 
2620 1.000000 0.400000 0.159723 -1.443813 1.078274 -0.704400 0.344178 
2630 1.000000 0.400000 0.158492 -1.504417 1.131226 -0.664086 0.494489 
2640 1.000000 0.400000 0.156177 -1.573360 1.177258 -0.697103 0.671474 
2650 1.000000 0.400000 0.153794 -1.652810 1.216225 -0.734817 0.864140 
2660 1.000000 0.400000 0.153721 -1.742514 1.246515 -0.812384 1.031992 
2670 1.000000 0.400000 0.156452 -1.834166 1.262066 -0.855159 1.211803 
2680 1.000000 0.400000 0.162402 -1.921650 1.261229 -0.906958 1.378833 
2690 1.000000 0.400000 0.167782 -1.998117 1.246299 -0.926883 1.571185 
2700 1.000000 0.400000 0.170525 -2.062588 1.221789 -1.010955 1.735866 
2710 1.000000 0.400000 0.170990 -2.119075 1.189793 -1.117082 1.875934 
2720 1.000000 0.400000 0.169484 -2.170997 1.150412 -1.296118 1.928515 
2730 1.000000 0.400000 0.165588 -2.218533 1.102110 -1.468685 2.010149 
2740 1.000000 0.400000 0.159666 -2.259076 1.047281 -1.650610 2.019385 
2750 1.000000 0.400000 0.152025 -2.292468 0.984988 -1.832767 2.032423 
2760 1.000000 0.400000 0.143736 -2.317339 0.916917 -2.019406 1.997323 
2770 1.000000 0.400000 0.136211 -2.332558 0.844620 -2.194271 1.979526 
2780 1.000000 0.400000 0.131347 -2.335737 0.781559 -2.367687 2.063394 
2790 1.000000 0.400000 0.128881 -2.331266 0.730688 -2.547736 2.113759 
2800 1.000000 0.400000 0.127837 -2.322633 0.689865 -2.723562 2.138325 
2810 1.000000 0.400000 0.127270 -2.309989 0.653221 -2.889483 2.066105 
2820 1.000000 0.400000 0.126942 -2.294403 0.620754 -3.059074 1.998211 
2830 1.000000 0.400000 0.126593 -2.275670 0.591174 -3.198038 1.877920 
2840 1.000000 0.400000 0.126100 -2.253390 0.563767 -3.316614 1.728368 
2850 1.000000 0.400000 0.125460 -2.227857 0.538940 -3.386433 1.559922 
2860 1.000000 0.400000 0.124672 -2.198232 0.515979 -3.464718 1.388921 
2870 1.000000 0.400000 0.123922 -2.165670 0.496524 -3.522569 1.205575 
2880 1.000000 0.400000 0.123343 -2.129650 0.480192 -3.520546 1.026685 
2890 1.000000 0.400000 0.123216 -2.092171 0.468256 -3.552970 0.842290 
2900 1.000000 0.400000 0.123660 -2.053886 0.460789 -3.551352 0.676114 
2910 1.000000 0.400000 0.124685 -2.015200 0.457877 -3.540936 0.480075 
2920 1.000000 0.400000 0.126182 -1.977635 0.459585 -3.513729 0.305227 
2930 1.000000 0.400000 0.127944 -1.940692 0.465758 -3.432746 0.124088 
2940 1.000000 0.400000 0.129760 -1.904386 0.476559 -3.344484 -0.048161 
2950 1.000000 0.400000 0.131464 -1.868711 0.491936 -3.219163 -0.183441 
2960 1.000000 0.400000 0.132903 -1.833114 0.512410 -3.057293 -0.288933 
2970 1.000000 0.400000 0.133863 -1.798904 0.538092 -2.895975 -0.393184 
2980 1.000000 0.400000 0.134223 -1.766517 0.569250 -2.716366 -0.456216 
2990 1.000000 0.400000 0.134107 -1.734920 0.607320 -2.529696 -0.466961 
3000 1.000000 0.400000 0.133695 -1.705217 0.652401 -2.349058 -0.470519 
3010 1.000000 0.400000 0.133277 -1.679128 0.704629 -2.156897 -0.438856 
3020 1.000000 0.400000 0.133512 -1.657868 0.764591 -1.985871 -0.361584 
3030 1.000000 0.400000 0.135119 -1.643690 0.829410 -1.809926 -0.327009 
3040 1.000000 0.400000 0.138272 -1.638690 0.898036 -1.628753 -0.254711 
3050 1.000000 0.400000 0.143068 -1.643198 0.970224 -1.502056 -0.119212 
3060 1.000000 0.400000 0.148726 -1.657542 1.042805 -1.341292 -0.035451 
3070 1.000000 0.400000 0.153612 -1.682206 1.111366 -1.219987 0.080287 
3080 1.000000 0.400000 0.157146 -1.716621 1.175998 -1.129047 0.248336 
3090 1.000000 0.400000 0.159158 -1.762064 1.238388 -1.068666 0.430236 
3100 1.000000 0.400000 0.159622 -1.819359 1.298129 -1.059903 0.620844 
3110 1.000000 0.400000 0.158638 -1.888851 1.352915 -1.075799 0.809245 
3120 1.000000 0.400000 0.156626 -1.968520 1.398396 -1.089294 0.998792 
3130 1.000000 0.400000 0.155446 -2.057026 1.432525 -1.134550 1.176656 
3140 1.000000 0.400000 0.156843 -2.149574 1.452487 -1.206580 1.348226 
3150 1.000000 0.400000 0.161907 -2.239912 1.455750 -1.221146 1.532869 
3160 1.000000 0.400000 0.167065 -2.316611 1.444333 -1.228412 1.717810 
3170 1.000000 0.400000 0.169931 -2.382134 1.422887 -1.294338 1.900628 
3180 1.000000 0.400000 0.170627 -2.439285 1.393689 -1.403400 2.044830 
3190 1.000000 0.400000 0.169077 -2.491170 1.356704 -1.567950 2.137410 
3200 1.000000 0.400000 0.165492 -2.540082 1.310852 -1.759906 2.166048 
3210 1.000000 0.400000 0.159828 -2.583062 1.257304 -1.932958 2.206463 
3220 1.000000 0.400000 0.152770 -2.619774 1.196957 -2.107865 2.209571 
3230 1.000000 0.400000 0.144615 -2.648787 1.128804 -2.300160 2.179997 
3240 1.000000 0.400000 0.136741 -2.666816 1.056494 -2.490173 2.154948 
3250 1.000000 0.400000 0.131202 -2.672870 0.989240 -2.645191 2.233643 
3260 1.000000 0.400000 0.128664 -2.670970 0.937174 -2.812763 2.322226 
3270 1.000000 0.400000 0.127712 -2.664917 0.895985 -2.973257 2.368115 
3280 1.000000 0.400000 0.127281 -2.654828 0.858544 -3.140913 2.315320 
3290 1.000000 0.400000 0.127073 -2.641068 0.823996 -3.276029 2.209698 
3300 1.000000 0.400000 0.126938 -2.624147 0.792004 -3.440634 2.133380 
3310 1.000000 0.400000 0.126670 -2.603590 0.762592 -3.565652 1.983768 
3320 1.000000 0.400000 0.126176 -2.578992 0.735004 -3.672673 1.825914 
3330 1.000000 0.400000 0.125494 -2.550459 0.709694 -3.732689 1.648720 
3340 1.000000 0.400000 0.124674 -2.517523 0.686562 -3.780087 1.466527 
3350 1.000000 0.400000 0.123905 -2.480924 0.667229 -3.823328 1.274281 
3360 1.000000 0.400000 0.123463 -2.441429 0.652384 -3.848623 1.083466 
3370 1.000000 0.400000 0.123617 -2.401088 0.642800 -3.857081 0.894639 
3380 1.000000 0.400000 0.124406 -2.360143 0.638520 -3.836513 0.701354 
3390 1.000000 0.400000 0.125738 -2.320254 0.639437 -3.828992 0.511615 
3400 1.000000 0.400000 0.127376 -2.283394 0.644885 -3.786327 0.330985 
3410 1.000000 0.400000 0.129105 -2.247556 0.654541 -3.718742 0.170287 
3420 1.000000 0.400000 0.130732 -2.212905 0.668203 -3.594867 0.039176 
3430 1.000000 0.400000 0.132113 -2.179291 0.686058 -3.478332 -0.094227 
3440 1.000000 0.400000 0.133148 -2.145985 0.708681 -3.323163 -0.187030 
3450 1.000000 0.400000 0.133672 -2.114176 0.736217 -3.149057 -0.270993 
3460 1.000000 0.400000 0.133655 -2.083487 0.769774 -2.961345 -0.294655 
3470 1.000000 0.400000 0.133222 -2.054473 0.809695 -2.775039 -0.320099 
3480 1.000000 0.400000 0.132621 -2.027274 0.857635 -2.585367 -0.270132 
3490 1.000000 0.400000 0.132404 -2.003660 0.913424 -2.414023 -0.216478 
3500 1.000000 0.400000 0.133425 -1.984678 0.977832 -2.229291 -0.148579 
3510 1.000000 0.400000 0.136081 -1.974616 1.046723 -2.049816 -0.096506 
3520 1.000000 0.400000 0.139846 -1.974865 1.113737 -1.877822 -0.061643 
3530 1.000000 0.400000 0.144256 -1.984964 1.181095 -1.731519 0.064145 
3540 1.000000 0.400000 0.148672 -2.005152 1.248450 -1.595291 0.185867 
3550 1.000000 0.400000 0.152363 -2.034932 1.313873 -1.489384 0.337911 
3560 1.000000 0.400000 0.154540 -2.075743 1.376580 -1.405911 0.512510 
3570 1.000000 0.400000 0.154880 -2.127454 1.435035 -1.376176 0.693096 
3580 1.000000 0.400000 0.153741 -2.189605 1.488560 -1.337779 0.878365 
3590 1.000000 0.400000 0.151232 -2.260164 1.533206 -1.359886 1.059954 
3600 1.000000 0.400000 0.149363 -2.340884 1.571245 -1.419552 1.231804 
3610 1.000000 0.400000 0.149677 -2.429736 1.598615 -1.480379 1.409973 
3620 1.000000 0.400000 0.153251 -2.521997 1.611848 -1.557164 1.579261 
3630 1.000000 0.400000 0.159053 -2.606846 1.607628 -1.565125 1.774071 
3640 1.000000 0.400000 0.163188 -2.677933 1.590933 -1.579314 1.960630 
3650 1.000000 0.400000 0.165476 -2.741207 1.564883 -1.707661 2.103293 
3660 1.000000 0.400000 0.165498 -2.796143 1.531579 -1.805590 2.246213 
3670 1.000000 0.400000 0.163506 -2.845483 1.491266 -1.982703 2.307266 
3680 1.000000 0.400000 0.159603 -2.890458 1.443187 -2.145472 2.364010 
3690 1.000000 0.400000 0.154001 -2.929489 1.388116 -2.333147 2.379217 
3700 1.000000 0.400000 0.146997 -2.962065 1.325101 -2.523978 2.380173 
3710 1.000000 0.400000 0.139687 -2.984593 1.258426 -2.705858 2.378200 
3720 1.000000 0.400000 0.133408 -2.996442 1.191079 -2.883516 2.391879 
3730 1.000000 0.400000 0.129572 -2.997790 1.133744 -3.063124 2.462034 
3740 1.000000 0.400000 0.127720 -2.992895 1.087174 -3.237404 2.498419 
3750 1.000000 0.400000 0.126838 -2.983510 1.047360 -3.421866 2.501825 
3760 1.000000 0.400000 0.126373 -2.970320 1.011708 -3.591987 2.420534 
3770 1.000000 0.400000 0.126006 -2.953241 0.978955 -3.754170 2.307062 
3780 1.000000 0.400000 0.125554 -2.932252 0.948664 -3.888916 2.169535 
3790 1.000000 0.400000 0.124988 -2.907622 0.921048 -4.011476 2.020286 
3800 1.000000 0.400000 0.124357 -2.880178 0.897055 -4.104005 1.847593 
3810 1.000000 0.400000 0.123690 -2.849426 0.875992 -4.161902 1.673873 
3820 1.000000 0.400000 0.123133 -2.815310 0.858000 -4.172754 1.491915 
3830 1.000000 0.400000 0.122922 -2.778446 0.843460 -4.202856 1.321469 
3840 1.000000 0.400000 0.123239 -2.740968 0.833618 -4.245326 1.140963 
3850 1.000000 0.400000 0.124121 -2.702775 0.828246 -4.217516 0.950077 
3860 1.000000 0.400000 0.125497 -2.665047 0.827520 -4.199744 0.778341 
3870 1.000000 0.400000 0.127250 -2.627210 0.830922 -4.161302 0.604431 
3880 1.000000 0.400000 0.129120 -2.591729 0.838509 -4.091065 0.425735 
3890 1.000000 0.400000 0.130960 -2.555985 0.850644 -3.972673 0.279267 
3900 1.000000 0.400000 0.132615 -2.520610 0.867440 -3.826675 0.155884 
3910 1.000000 0.400000 0.133872 -2.486060 0.889248 -3.691002 0.019301 
3920 1.000000 0.400000 0.134711 -2.452145 0.916262 -3.513276 -0.021822 
3930 1.000000 0.400000 0.135014 -2.419203 0.949334 -3.337926 -0.104500 
3940 1.000000 0.400000 0.134761 -2.388632 0.988426 -3.146182 -0.110548 
3950 1.000000 0.400000 0.134132 -2.360984 1.034318 -2.955911 -0.097620 
3960 1.000000 0.400000 0.133755 -2.335699 1.088564 -2.801493 -0.024424 
3970 1.000000 0.400000 0.134259 -2.315586 1.148605 -2.620976 -0.029171 
3980 1.000000 0.400000 0.135893 -2.303694 1.210977 -2.443776 0.034873 
3990 1.000000 0.400000 0.138829 -2.300609 1.276824 -2.262663 0.101698 
4000 1.000000 0.400000 0.142627 -2.307594 1.343580 -2.086603 0.185090 
4010 1.000000 0.400000 0.146698 -2.324519 1.410350 -1.962926 0.333366 
4020 1.000000 0.400000 0.150257 -2.352136 1.476697 -1.837155 0.480153 
4030 1.000000 0.400000 0.152577 -2.389199 1.539404 -1.765979 0.635381 
4040 1.000000 0.400000 0.153543 -2.437108 1.599919 -1.710113 0.818705 
4050 1.000000 0.400000 0.152914 -2.496239 1.656136 -1.703399 1.003344 
4060 1.000000 0.400000 0.151177 -2.566800 1.706972 -1.733878 1.190867 
4070 1.000000 0.400000 0.149602 -2.649560 1.751053 -1.781826 1.379282 
4080 1.000000 0.400000 0.149831 -2.740988 1.783157 -1.848115 1.550435 
4090 1.000000 0.400000 0.153427 -2.836313 1.800575 -1.888403 1.733132 
4100 1.000000 0.400000 0.159156 -2.921832 1.799500 -1.878237 1.930474 
4110 1.000000 0.400000 0.163627 -2.993667 1.784976 -1.895682 2.122811 
4120 1.000000 0.400000 0.165746 -3.054386 1.761597 -1.967227 2.294444 
4130 1.000000 0.400000 0.165727 -3.108770 1.730227 -2.109584 2.432899 
4140 1.000000 0.400000 0.163536 -3.157685 1.691331 -2.268467 2.516817 
4150 1.000000 0.400000 0.159308 -3.202010 1.644581 -2.454887 2.575941 
4160 1.000000 0.400000 0.153103 -3.241057 1.589390 -2.646079 2.579247 
4170 1.000000 0.400000 0.145615 -3.273505 1.526466 -2.830342 2.570219 
4180 1.000000 0.400000 0.137951 -3.296813 1.458636 -3.004564 2.558415 
4190 1.000000 0.400000 0.131597 -3.309521 1.390226 -3.191732 2.577576 
4200 1.000000 0.400000 0.128038 -3.311815 1.333979 -3.344223 2.690308 
4210 1.000000 0.400000 0.126418 -3.308049 1.289072 -3.526513 2.728709 
4220 1.000000 0.400000 0.125649 -3.299420 1.249694 -3.720695 2.708286 
4230 1.000000 0.400000 0.125301 -3.286757 1.213843 -3.886491 2.644016 
4240 1.000000 0.400000 0.125198 -3.270944 1.181871 -4.043000 2.543976 
4250 1.000000 0.400000 0.125076 -3.251545 1.152244 -4.195896 2.423500 
4260 1.000000 0.400000 0.124857 -3.228859 1.125390 -4.312751 2.270635 
4270 1.000000 0.400000 0.124486 -3.202731 1.101128 -4.412157 2.099280 
4280 1.000000 0.400000 0.124048 -3.173623 1.079981 -4.470910 1.923574 
4290 1.000000 0.400000 0.123658 -3.141282 1.061435 -4.511915 1.755216 
4300 1.000000 0.400000 0.123463 -3.106024 1.046329 -4.529492 1.560818 
4310 1.000000 0.400000 0.123683 -3.068762 1.035375 -4.555708 1.374730 
4320 1.000000 0.400000 0.124397 -3.030420 1.029167 -4.531409 1.191996 
4330 1.000000 0.400000 0.125670 -2.992125 1.027219 -4.529862 1.010571 
4340 1.000000 0.400000 0.127311 -2.954645 1.030070 -4.483034 0.819509 
4350 1.000000 0.400000 0.129092 -2.918133 1.037502 -4.404150 0.644011 
4360 1.000000 0.400000 0.130924 -2.881332 1.049349 -4.290434 0.507643 
4370 1.000000 0.400000 0.132630 -2.844066 1.066157 -4.140305 0.398598 
4380 1.000000 0.400000 0.133987 -2.806815 1.088473 -3.986730 0.280220 
4390 1.000000 0.400000 0.134880 -2.769679 1.117223 -3.798467 0.228700 
4400 1.000000 0.400000 0.135164 -2.733605 1.152905 -3.614362 0.167148 
4410 1.000000 0.400000 0.134859 -2.699914 1.195937 -3.422780 0.153283 
4420 1.000000 0.400000 0.134350 -2.668518 1.247569 -3.231329 0.161461 
4430 1.000000 0.400000 0.134063 -2.642908 1.305752 -3.049089 0.202218 
4440 1.000000 0.400000 0.134960 -2.623117 1.370730 -2.883087 0.258746 
4450 1.000000 0.400000 0.137644 -2.611483 1.441807 -2.709962 0.334584 
4460 1.000000 0.400000 0.142090 -2.609840 1.514953 -2.547738 0.405998 
4470 1.000000 0.400000 0.148071 -2.618507 1.591165 -2.413329 0.537760 
4480 1.000000 0.400000 0.154022 -2.639093 1.666023 -2.256277 0.648946 
4490 1.000000 0.400000 0.158457 -2.671268 1.736054 -2.148236 0.801102 
4500 1.000000 0.400000 0.161669 -2.714440 1.804004 -2.103956 0.961841 
4510 1.000000 0.400000 0.163884 -2.767714 1.869408 -2.048757 1.136714 
4520 1.000000 0.400000 0.163504 -2.831667 1.926610 -2.025511 1.323459 
4530 1.000000 0.400000 0.161589 -2.906823 1.976262 -2.046946 1.517966 
4540 1.000000 0.400000 0.158969 -2.990649 2.014050 -2.075600 1.701158 
4550 1.000000 0.400000 0.158134 -3.081194 2.039086 -2.141125 1.875842 
4560 1.000000 0.400000 0.160574 -3.172461 2.048504 -2.180880 2.062924 
4570 1.000000 0.400000 0.164980 -3.253722 2.041459 -2.199186 2.247922 
4580 1.000000 0.400000 0.168017 -3.322494 2.023496 -2.207406 2.419654 
4590 1.000000 0.400000 0.169208 -3.380428 1.998728 -2.306493 2.570608 
4600 1.000000 0.400000 0.168491 -3.433934 1.965875 -2.453215 2.691006 
4610 1.000000 0.400000 0.165461 -3.481131 1.925973 -2.612349 2.789930 
4620 1.000000 0.400000 0.160257 -3.522492 1.878987 -2.798922 2.833143 
4630 1.000000 0.400000 0.153454 -3.561287 1.822469 -2.978931 2.804661 
4640 1.000000 0.400000 0.145512 -3.592758 1.759314 -3.170125 2.826102 
4650 1.000000 0.400000 0.137298 -3.614379 1.691158 -3.359843 2.801625 
4660 1.000000 0.400000 0.130482 -3.624315 1.623269 -3.552170 2.800104 
4670 1.000000 0.400000 0.126489 -3.624024 1.564793 -3.712849 2.902218 
4680 1.000000 0.400000 0.124883 -3.618383 1.519490 -3.888378 2.964998 
4690 1.000000 0.400000 0.124324 -3.608748 1.481327 -4.077448 2.944894 
4700 1.000000 0.400000 0.124145 -3.595192 1.446794 -4.244640 2.847922 
4710 1.000000 0.400000 0.124073 -3.577719 1.414702 -4.410068 2.750507 
4720 1.000000 0.400000 0.124006 -3.556792 1.385223 -4.526957 2.602185 
4730 1.000000 0.400000 0.123873 -3.532435 1.358254 -4.651059 2.460591 
4740 1.000000 0.400000 0.123696 -3.505452 1.334895 -4.760364 2.298866 
4750 1.000000 0.400000 0.123488 -3.475180 1.314214 -4.770672 2.113752 
4760 1.000000 0.400000 0.123346 -3.440966 1.296030 -4.821388 1.927887 
4770 1.000000 0.400000 0.123500 -3.404179 1.281923 -4.809743 1.742508 
4780 1.000000 0.400000 0.124098 -3.364516 1.271865 -4.824530 1.553961 
4790 1.000000 0.400000 0.125261 -3.324071 1.266745 -4.819816 1.360478 
4800 1.000000 0.400000 0.126858 -3.285357 1.266878 -4.785669 1.177693 
4810 1.000000 0.400000 0.128711 -3.247335 1.271492 -4.739642 0.998437 
4820 1.000000 0.400000 0.130633 -3.209153 1.280955 -4.632327 0.840155 
4830 1.000000 0.400000 0.132471 -3.170440 1.295578 -4.507617 0.702396 
4840 1.000000 0.400000 0.134004 -3.132928 1.315181 -4.391943 0.557885 
4850 1.000000 0.400000 0.134958 -3.098540 1.339115 -4.241252 0.431513 
4860 1.000000 0.400000 0.135343 -3.064582 1.369145 -4.056624 0.392863 
4870 1.000000 0.400000 0.135217 -3.030763 1.406078 -3.867090 0.380124 
4880 1.000000 0.400000 0.134536 -2.999290 1.450289 -3.672830 0.352718 
4890 1.000000 0.400000 0.133677 -2.971056 1.502160 -3.490346 0.402292 
4900 1.000000 0.400000 0.133234 -2.947559 1.562081 -3.299502 0.439119 
4910 1.000000 0.400000 0.133912 -2.931878 1.628022 -3.117662 0.497706 
4920 1.000000 0.400000 0.136351 -2.925399 1.698870 -2.941037 0.576007 
4930 1.000000 0.400000 0.140633 -2.929196 1.772903 -2.789448 0.677775 
4940 1.000000 0.400000 0.145930 -2.943648 1.847203 -2.655564 0.793865 
4950 1.000000 0.400000 0.150885 -2.968879 1.918670 -2.512732 0.915710 
4960 1.000000 0.400000 0.154733 -3.005315 1.987502 -2.438692 1.092107 
4970 1.000000 0.400000 0.157017 -3.053703 2.053446 -2.375345 1.274644 
4980 1.000000 0.400000 0.157429 -3.113746 2.114273 -2.359109 1.458767 
4990 1.000000 0.400000 0.157083 -3.186466 2.171204 -2.404246 1.643876 
5000 1.000000 0.400000 0.156514 -3.270055 2.219488 -2.417367 1.829775 
5010 1.000000 0.400000 0.156889 -3.361607 2.253862 -2.449137 2.019256 
5020 1.000000 0.400000 0.158958 -3.451874 2.270609 -2.461537 2.204072 
5030 1.000000 0.400000 0.163495 -3.535787 2.270343 -2.462564 2.379001 
5040 1.000000 0.400000 0.167560 -3.604130 2.259276 -2.450294 2.557506 
5050 1.000000 0.400000 0.169938 -3.664150 2.240012 -2.538660 2.711064 
5060 1.000000 0.400000 0.170462 -3.718346 2.213131 -2.655356 2.862152 
5070 1.000000 0.400000 0.168843 -3.766659 2.179497 -2.800564 2.976432 
5080 1.000000 0.400000 0.165132 -3.809025 2.139857 -2.955585 3.082639 
5090 1.000000 0.400000 0.159649 -3.846760 2.093794 -3.131354 3.109620 
5100 1.000000 0.400000 0.152707 -3.879072 2.041514 -3.309788 3.116695 
5110 1.000000 0.400000 0.144809 -3.906202 1.982065 -3.495078 3.085607 
5120 1.000000 0.400000 0.136681 -3.926580 1.915182 -3.679994 3.033946 
5130 1.000000 0.400000 0.130073 -3.935492 1.849423 -3.864892 3.067283 
5140 1.000000 0.400000 0.126355 -3.935091 1.794865 -4.039165 3.159013 
5150 1.000000 0.400000 0.124606 -3.928889 1.750261 -4.218320 3.182629 
5160 1.000000 0.400000 0.123841 -3.918261 1.711008 -4.389464 3.136054 
5170 1.000000 0.400000 0.123623 -3.904059 1.675778 -4.573753 3.078269 
5180 1.000000 0.400000 0.123686 -3.886909 1.644871 -4.722832 2.973986 
5190 1.000000 0.400000 0.123743 -3.865537 1.614919 -4.837632 2.826448 
5200 1.000000 0.400000 0.123802 -3.841371 1.588534 -4.963455 2.683903 
5210 1.000000 0.400000 0.123792 -3.814056 1.565038 -5.045303 2.512356 
5220 1.000000 0.400000 0.123783 -3.783408 1.544060 -5.106279 2.347035 
5230 1.000000 0.400000 0.123906 -3.750553 1.526814 -5.139396 2.165620 
5240 1.000000 0.400000 0.124242 -3.714684 1.513010 -5.150050 1.974232 
5250 1.000000 0.400000 0.124958 -3.676652 1.503413 -5.150407 1.792201 
5260 1.000000 0.400000 0.126149 -3.638675 1.498523 -5.161376 1.603907 
5270 1.000000 0.400000 0.127715 -3.600751 1.498196 -5.134146 1.424438 
5280 1.000000 0.400000 0.129534 -3.563471 1.502347 -5.071382 1.240955 
5290 1.000000 0.400000 0.131477 -3.525338 1.510893 -4.968586 1.108834 
5300 1.000000 0.400000 0.133340 -3.487624 1.523916 -4.864384 0.953808 
5310 1.000000 0.400000 0.134899 -3.450183 1.542211 -4.711216 0.835411 
5320 1.000000 0.400000 0.136017 -3.412592 1.566307 -4.547466 0.742939 
5330 1.000000 0.400000 0.136473 -3.376738 1.596171 -4.379936 0.649872 
5340 1.000000 0.400000 0.136223 -3.342469 1.632564 -4.198667 0.619651 
5350 1.000000 0.400000 0.135616 -3.308490 1.676844 -4.014760 0.648913 
5360 1.000000 0.400000 0.134735 -3.277671 1.728836 -3.829804 0.632200 
5370 1.000000 0.400000 0.134088 -3.252309 1.787697 -3.643512 0.674656 
5380 1.000000 0.400000 0.134691 -3.232652 1.854464 -3.476181 0.757776 
5390 1.000000 0.400000 0.137082 -3.222161 1.925140 -3.301966 0.799962 
5400 1.000000 0.400000 0.141897 -3.220336 2.001253 -3.177659 0.935948 
5410 1.000000 0.400000 0.148061 -3.229836 2.078346 -2.998675 1.020462 
5420 1.000000 0.400000 0.154627 -3.250752 2.155294 -2.882391 1.160396 
5430 1.000000 0.400000 0.159381 -3.283310 2.226020 -2.740787 1.280405 
5440 1.000000 0.400000 0.161801 -3.326392 2.290345 -2.668245 1.460243 
5450 1.000000 0.400000 0.163125 -3.381952 2.354311 -2.661725 1.650368 
5460 1.000000 0.400000 0.162184 -3.448497 2.410834 -2.643905 1.835378 
5470 1.000000 0.400000 0.159463 -3.524191 2.457251 -2.649000 2.018132 
5480 1.000000 0.400000 0.156817 -3.609381 2.493427 -2.699304 2.194710 
5490 1.000000 0.400000 0.156300 -3.700756 2.516684 -2.754017 2.376358 
5500 1.000000 0.400000 0.159178 -3.790435 2.524068 -2.779087 2.553528 
5510 1.000000 0.400000 0.163068 -3.864830 2.516807 -2.747771 2.740197 
5520 1.000000 0.400000 0.165335 -3.927747 2.499904 -2.785022 2.924590 
5530 1.000000 0.400000 0.166046 -3.982376 2.476016 -2.876986 3.076749 
5540 1.000000 0.400000 0.164936 -4.032120 2.444844 -3.019578 3.204040 
5550 1.000000 0.400000 0.161910 -4.077855 2.406232 -3.190926 3.251577 
5560 1.000000 0.400000 0.157373 -4.118895 2.361670 -3.354483 3.332782 
5570 1.000000 0.400000 0.151115 -4.154693 2.309789 -3.548271 3.345300 
5580 1.000000 0.400000 0.143812 -4.183327 2.252303 -3.730200 3.359585 
5590 1.000000 0.400000 0.136328 -4.204109 2.190065 -3.905728 3.326503 
5600 1.000000 0.400000 0.129947 -4.215461 2.126492 -4.101482 3.343002 
5610 1.000000 0.400000 0.125938 -4.216750 2.070206 -4.281923 3.404254 
5620 1.000000 0.400000 0.124230 -4.212388 2.025480 -4.438934 3.492021 
5630 1.000000 0.400000 0.123641 -4.204032 1.987411 -4.619344 3.468567 
5640 1.000000 0.400000 0.123502 -4.191560 1.951823 -4.787242 3.377535 
5650 1.000000 0.400000 0.123588 -4.175204 1.918707 -4.939284 3.271278 
5660 1.000000 0.400000 0.123782 -4.156031 1.889314 -5.104153 3.170661 
5670 1.000000 0.400000 0.123918 -4.133249 1.861963 -5.197955 3.007111 
5680 1.000000 0.400000 0.124009 -4.107924 1.837790 -5.306449 2.869612 
5690 1.000000 0.400000 0.124058 -4.079884 1.816490 -5.381306 2.699292 
5700 1.000000 0.400000 0.124098 -4.048196 1.797385 -5.391839 2.519067 
5710 1.000000 0.400000 0.124295 -4.013086 1.781240 -5.427743 2.334413 
5720 1.000000 0.400000 0.124822 -3.976445 1.769609 -5.437251 2.141085 
5730 1.000000 0.400000 0.125745 -3.938320 1.762531 -5.427313 1.963827 
5740 1.000000 0.400000 0.127141 -3.899644 1.759374 -5.411992 1.792011 
5750 1.000000 0.400000 0.128889 -3.860057 1.760944 -5.357722 1.614806 
5760 1.000000 0.400000 0.130779 -3.822372 1.766899 -5.310995 1.443256 
5770 1.000000 0.400000 0.132696 -3.783797 1.777661 -5.183774 1.295487 
5780 1.000000 0.400000 0.134358 -3.746684 1.792879 -5.094538 1.146982 
5790 1.000000 0.400000 0.135695 -3.709781 1.813010 -4.940426 1.054640 
5800 1.000000 0.400000 0.136540 -3.673272 1.838693 -4.773957 0.959623 
5810 1.000000 0.400000 0.136714 -3.638010 1.870575 -4.600287 0.878733 
5820 1.000000 0.400000 0.136120 -3.605782 1.908187 -4.414744 0.853041 
5830 1.000000 0.400000 0.134999 -3.575594 1.953095 -4.224558 0.840228 
5840 1.000000 0.400000 0.133720 -3.548624 2.005901 -4.034978 0.888070 
5850 1.000000 0.400000 0.133100 -3.525532 2.067555 -3.867214 0.964240 
5860 1.000000 0.400000 0.134131 -3.508915 2.136082 -3.714651 1.036158 
5870 1.000000 0.400000 0.137700 -3.499488 2.210440 -3.549107 1.116791 
5880 1.000000 0.400000 0.142935 -3.501501 2.285897 -3.375270 1.177517 
5890 1.000000 0.400000 0.148935 -3.514413 2.360066 -3.238713 1.294229 
5900 1.000000 0.400000 0.154190 -3.538221 2.430495 -3.101147 1.423370 
5910 1.000000 0.400000 0.158137 -3.573368 2.498500 -3.007538 1.589529 
5920 1.000000 0.400000 0.160351 -3.619710 2.563107 -2.937880 1.754950 
5930 1.000000 0.400000 0.160554 -3.676758 2.622569 -2.908671 1.943407 
5940 1.000000 0.400000 0.158954 -3.745859 2.676295 -2.923408 2.135509 
5950 1.000000 0.400000 0.157385 -3.826418 2.724560 -2.964414 2.313239 
5960 1.000000 0.400000 0.155904 -3.913949 2.759072 -2.998360 2.494988 
5970 1.000000 0.400000 0.157046 -4.007014 2.780096 -3.046519 2.675231 
5980 1.000000 0.400000 0.160711 -4.093212 2.782976 -3.067987 2.861822 
5990 1.000000 0.400000 0.164711 -4.167207 2.771867 -3.049858 3.053753 
6000 1.000000 0.400000 0.166726 -4.225615 2.753785 -3.050346 3.236211 
6010 1.000000 0.400000 0.166813 -4.275471 2.729545 -3.159590 3.394290 
6020 1.000000 0.400000 0.165282 -4.320448 2.699633 -3.276015 3.504676 
6030 1.000000 0.400000 0.162315 -4.361481 2.664299 -3.446554 3.572784 
6040 1.000000 0.400000 0.157599 -4.399220 2.621907 -3.622845 3.634927 
6050 1.000000 0.400000 0.151427 -4.431623 2.573714 -3.810769 3.650969 
6060 1.000000 0.400000 0.143986 -4.459541 2.517342 -4.005211 3.634851 
6070 1.000000 0.400000 0.136377 -4.479511 2.456388 -4.190334 3.626920 
6080 1.000000 0.400000 0.129750 -4.490008 2.393727 -4.381320 3.610445 
6090 1.000000 0.400000 0.125575 -4.491377 2.337788 -4.538755 3.686434 
6100 1.000000 0.400000 0.123683 -4.487096 2.292224 -4.708266 3.724632 
6110 1.000000 0.400000 0.122964 -4.478400 2.252910 -4.898209 3.729982 
6120 1.000000 0.400000 0.122922 -4.466504 2.218258 -5.063293 3.686840 
6130 1.000000 0.400000 0.123174 -4.451383 2.186561 -5.192970 3.565178 
6140 1.000000 0.400000 0.123544 -4.433102 2.156953 -5.340915 3.473344 
6150 1.000000 0.400000 0.123919 -4.411640 2.129603 -5.439465 3.308091 
6160 1.000000 0.400000 0.124187 -4.386143 2.103894 -5.551304 3.147525 
6170 1.000000 0.400000 0.124413 -4.357828 2.081524 -5.634317 2.986637 
6180 1.000000 0.400000 0.124689 -4.326648 2.062131 -5.661271 2.803767 
6190 1.000000 0.400000 0.125060 -4.291841 2.045622 -5.698233 2.617985 
6200 1.000000 0.400000 0.125716 -4.254645 2.033202 -5.706118 2.424838 
6210 1.000000 0.400000 0.126780 -4.214933 2.025077 -5.674805 2.234822 
6220 1.000000 0.400000 0.128294 -4.173715 2.021853 -5.672060 2.047244 
6230 1.000000 0.400000 0.130097 -4.133650 2.023819 -5.607357 1.861326 
6240 1.000000 0.400000 0.132025 -4.093931 2.030813 -5.527014 1.690416 
6250 1.000000 0.400000 0.133865 -4.055019 2.042465 -5.455303 1.536820 
6260 1.000000 0.400000 0.135423 -4.017086 2.058878 -5.317861 1.401313 
6270 1.000000 0.400000 0.136563 -3.979381 2.080638 -5.172638 1.297564 
6280 1.000000 0.400000 0.137149 -3.941713 2.108573 -4.992939 1.243842 
6290 1.000000 0.400000 0.137274 -3.903839 2.143206 -4.818349 1.203627 
6300 1.000000 0.400000 0.136744 -3.866924 2.185986 -4.625752 1.197110 
6310 1.000000 0.400000 0.135822 -3.832759 2.236664 -4.450919 1.215239 
6320 1.000000 0.400000 0.135021 -3.802633 2.294981 -4.268374 1.212791 
6330 1.000000 0.400000 0.135267 -3.777624 2.360493 -4.111653 1.298772 
6340 1.000000 0.400000 0.137875 -3.757706 2.434710 -3.961203 1.388945 
6350 1.000000 0.400000 0.142812 -3.748279 2.513135 -3.783369 1.445867 
6360 1.000000 0.400000 0.149358 -3.751114 2.592525 -3.619627 1.532133 
6370 1.000000 0.400000 0.155704 -3.766532 2.668123 -3.444306 1.616288 
6380 1.000000 0.400000 0.160423 -3.793333 2.737718 -3.316293 1.754339 
6390 1.000000 0.400000 0.163400 -3.831717 2.804567 -3.231673 1.927656 
6400 1.000000 0.400000 0.164948 -3.881831 2.870090 -3.193010 2.099643 
6410 1.000000 0.400000 0.164281 -3.942795 2.929520 -3.161999 2.292317 
6420 1.000000 0.400000 0.162100 -4.015276 2.983053 -3.194680 2.471079 
6430 1.000000 0.400000 0.159579 -4.098985 3.028668 -3.247411 2.654664 
6440 1.000000 0.400000 0.158240 -4.191283 3.061502 -3.277094 2.839711 
6450 1.000000 0.400000 0.158481 -4.280599 3.075928 -3.273097 3.036160 
6460 1.000000 0.400000 0.161367 -4.362933 3.073480 -3.303107 3.215360 
6470 1.000000 0.400000 0.164073 -4.432650 3.059165 -3.295081 3.403971 
6480 1.000000 0.400000 0.165048 -4.489163 3.038093 -3.339415 3.584394 
6490 1.000000 0.400000 0.164284 -4.538312 3.010931 -3.454090 3.733562 
6500 1.000000 0.400000 0.161765 -4.580717 2.978735 -3.597891 3.844625 
6510 1.000000 0.400000 0.157560 -4.619904 2.939604 -3.780297 3.918640 
6520 1.000000 0.400000 0.151738 -4.654233 2.894093 -3.965167 3.956376 
6530 1.000000 0.400000 0.144685 -4.683715 2.841619 -4.156908 3.964681 
6540 1.000000 0.400000 0.137050 -4.707035 2.782637 -4.347126 3.919268 
6550 1.000000 0.400000 0.130020 -4.721804 2.720220 -4.532902 3.915835 
6560 1.000000 0.400000 0.125179 -4.726771 2.662356 -4.703893 3.980912 
6570 1.000000 0.400000 0.122791 -4.724632 2.614211 -4.877760 4.022961 
6580 1.000000 0.400000 0.121955 -4.717997 2.574143 -5.049199 4.046431 
6590 1.000000 0.400000 0.121845 -4.707102 2.537508 -5.235199 3.982793 
6600 1.000000 0.400000 0.122155 -4.692319 2.503930 -5.409914 3.919379 
6610 1.000000 0.400000 0.122735 -4.675450 2.475022 -5.567001 3.824785 
6620 1.000000 0.400000 0.123327 -4.655552 2.448585 -5.688244 3.680554 
6630 1.000000 0.400000 0.123824 -4.631850 2.423451 -5.766209 3.515285 
6640 1.000000 0.400000 0.124260 -4.604736 2.400371 -5.861293 3.353196 
6650 1.000000 0.400000 0.124697 -4.573797 2.379179 -5.883955 3.173547 
6660 1.000000 0.400000 0.125224 -4.539292 2.360884 -5.914786 2.990835 
6670 1.000000 0.400000 0.125974 -4.502938 2.347069 -5.942360 2.796856 
6680 1.000000 0.400000 0.127040 -4.463702 2.337315 -5.926383 2.611067 
6690 1.000000 0.400000 0.128543 -4.423586 2.332449 -5.924327 2.423302 
6700 1.000000 0.400000 0.130361 -4.383216 2.332452 -5.865605 2.241852 
6710 1.000000 0.400000 0.132327 -4.343096 2.337464 -5.802596 2.061093 
6720 1.000000 0.400000 0.134281 -4.303099 2.347542 -5.689256 1.913064 
6730 1.000000 0.400000 0.136068 -4.263584 2.362410 -5.600799 1.779158 
6740 1.000000 0.400000 0.137503 -4.225264 2.381715 -5.475315 1.659821 
6750 1.000000 0.400000 0.138326 -4.188416 2.406196 -5.320038 1.545558 
6760 1.000000 0.400000 0.138465 -4.152404 2.436746 -5.139589 1.501918 
6770 1.000000 0.400000 0.137986 -4.117532 2.473384 -4.979473 1.464924 
6780 1.000000 0.400000 0.136991 -4.084274 2.516849 -4.809086 1.483818 
6790 1.000000 0.400000 0.135960 -4.051479 2.568950 -4.636424 1.515127 
6800 1.000000 0.400000 0.135187 -4.022912 2.628949 -4.448730 1.561673 
6810 1.000000 0.400000 0.135723 -3.999151 2.698622 -4.279017 1.639009 
6820 1.000000 0.400000 0.138625 -3.983711 2.775988 -4.114480 1.735228 
6830 1.000000 0.400000 0.143909 -3.980044 2.856561 -3.937791 1.807645 
6840 1.000000 0.400000 0.149807 -3.989219 2.932738 -3.759576 1.857659 
6850 1.000000 0.400000 0.155478 -4.009924 3.006509 -3.635392 1.997792 
6860 1.000000 0.400000 0.159716 -4.042210 3.076443 -3.495578 2.133473 
6870 1.000000 0.400000 0.161515 -4.085007 3.139872 -3.396518 2.295889 
6880 1.000000 0.400000 0.161267 -4.138426 3.198709 -3.373942 2.480628 
6890 1.000000 0.400000 0.159754 -4.202180 3.253610 -3.398154 2.649611 
6900 1.000000 0.400000 0.157059 -4.276146 3.301497 -3.393916 2.839206 
6910 1.000000 0.400000 0.155017 -4.360836 3.342155 -3.477269 3.008341 
6920 1.000000 0.400000 0.154839 -4.452836 3.369794 -3.516574 3.180635 
6930 1.000000 0.400000 0.157056 -4.540098 3.380866 -3.486621 3.366958 
6940 1.000000 0.400000 0.160594 -4.612921 3.377413 -3.461837 3.530017 
6950 1.000000 0.400000 0.163251 -4.670703 3.366523 -3.398947 3.711721 
6960 1.000000 0.400000 0.164431 -4.720247 3.349669 -3.503433 3.875981 
6970 1.000000 0.400000 0.164277 -4.767011 3.326139 -3.628324 4.014751 
6980 1.000000 0.400000 0.162481 -4.809155 3.296924 -3.758773 4.145259 
6990 1.000000 0.400000 0.159165 -4.846598 3.262695 -3.909697 4.231510 
7000 1.000000 0.400000 0.154632 -4.880934 3.223088 -4.079300 4.297528 
7010 1.000000 0.400000 0.148902 -4.910001 3.178661 -4.271335 4.314475 
7020 1.000000 0.400000 0.142141 -4.935668 3.126728 -4.461099 4.291116 
7030 1.000000 0.400000 0.135034 -4.954849 3.068982 -4.650392 4.262434 
7040 1.000000 0.400000 0.129100 -4.965266 3.011272 -4.830305 4.275094 
7050 1.000000 0.400000 0.125050 -4.967257 2.956624 -5.007454 4.303817 
7060 1.000000 0.400000 0.123026 -4.962449 2.909141 -5.199969 4.307997 
7070 1.000000 0.400000 0.122374 -4.952970 2.868849 -5.383469 4.301154 
7080 1.000000 0.400000 0.122424 -4.939998 2.833769 -5.565800 4.256688 
7090 1.000000 0.400000 0.122751 -4.923198 2.801435 -5.717793 4.141688 
7100 1.000000 0.400000 0.123179 -4.902921 2.771862 -5.866649 4.013620 
7110 1.000000 0.400000 0.123597 -4.879408 2.745364 -5.993501 3.861204 
7120 1.000000 0.400000 0.123955 -4.851957 2.720988 -6.053160 3.676928 
7130 1.000000 0.400000 0.124360 -4.821537 2.699600 -6.116894 3.506575 
7140 1.000000 0.400000 0.124849 -4.786638 2.680711 -6.137893 3.312955 
7150 1.000000 0.400000 0.125598 -4.748510 2.665760 -6.158083 3.120495 
7160 1.000000 0.400000 0.126784 -4.708104 2.655518 -6.138480 2.928284 
7170 1.000000 0.400000 0.128451 -4.665378 2.650310 -6.100506 2.734077 
7180 1.000000 0.400000 0.130550 -4.621751 2.650727 -6.056402 2.544102 
7190 1.000000 0.400000 0.132828 -4.578599 2.656758 -5.988759 2.367184 
7200 1.000000 0.400000 0.135056 -4.535814 2.668411 -5.872054 2.218258 
7210 1.000000 0.400000 0.137048 -4.492102 2.686215 -5.737295 2.081465 
7220 1.000000 0.400000 0.138496 -4.449689 2.710030 -5.592929 1.964803 
7230 1.000000 0.400000 0.139194 -4.409202 2.739966 -5.424038 1.897398 
7240 1.000000 0.400000 0.139139 -4.369652 2.776990 -5.253569 1.832164 
7250 1.000000 0.400000 0.138205 -4.332953 2.821476 -5.059671 1.806038 
7260 1.000000 0.400000 0.136726 -4.299088 2.874506 -4.872792 1.845582 
7270 1.000000 0.400000 0.135242 -4.270251 2.935840 -4.684796 1.875140 
7280 1.000000 0.400000 0.134926 -4.247194 3.006317 -4.512224 1.952568 
7290 1.000000 0.400000 0.136832 -4.233419 3.083349 -4.347801 2.039071 
7300 1.000000 0.400000 0.141328 -4.230641 3.163525 -4.175226 2.107884 
7310 1.000000 0.400000 0.147265 -4.240495 3.243096 -4.035393 2.219878 
7320 1.000000 0.400000 0.153498 -4.262677 3.321470 -3.878592 2.337265 
7330 1.000000 0.400000 0.158345 -4.297333 3.395524 -3.780027 2.496859 
7340 1.000000 0.400000 0.161732 -4.342713 3.465440 -3.720688 2.647188 
7350 1.000000 0.400000 0.163393 -4.398044 3.529946 -3.684317 2.816040 
7360 1.000000 0.400000 0.163606 -4.465287 3.589935 -3.692365 3.008026 
7370 1.000000 0.400000 0.162567 -4.544130 3.641920 -3.687598 3.200633 
7380 1.000000 0.400000 0.160296 -4.628232 3.678096 -3.707401 3.376787 
7390 1.000000 0.400000 0.159010 -4.714151 3.699330 -3.714518 3.557514 
7400 1.000000 0.400000 0.159811 -4.795239 3.704885 -3.715732 3.752199 
7410 1.000000 0.400000 0.161677 -4.863031 3.697264 -3.664314 3.938021 
7420 1.000000 0.400000 0.162376 -4.917580 3.682650 -3.673522 4.133509 
7430 1.000000 0.400000 0.161815 -4.964370 3.662280 -3.763838 4.305707 
7440 1.000000 0.400000 0.159937 -5.006763 3.636251 -3.907826 4.422544 
7450 1.000000 0.400000 0.156696 -5.045683 3.604556 -4.059174 4.535652 
7460 1.000000 0.400000 0.152034 -5.081194 3.566724 -4.240793 4.586514 
7470 1.000000 0.400000 0.146215 -5.113068 3.522672 -4.425293 4.628948 
7480 1.000000 0.400000 0.139640 -5.139986 3.472894 -4.604961 4.629842 
7490 1.000000 0.400000 0.132971 -5.160614 3.418269 -4.800122 4.627488 
7500 1.000000 0.400000 0.127383 -5.172750 3.363068 -4.981290 4.636968 
7510 1.000000 0.400000 0.123593 -5.176783 3.310107 -5.162184 4.672762 
7520 1.000000 0.400000 0.121902 -5.174244 3.264977 -5.336275 4.745163 
7530 1.000000 0.400000 0.121561 -5.167476 3.226833 -5.526955 4.735772 
7540 1.000000 0.400000 0.121940 -5.157289 3.193066 -5.686888 4.683969 
7550 1.000000 0.400000 0.122645 -5.143401 3.160645 -5.843639 4.570560 
7560 1.000000 0.400000 0.123503 -5.125677 3.130135 -5.993387 4.444457 
7570 1.000000 0.400000 0.124379 -5.105097 3.102730 -6.131636 4.328953 
7580 1.000000 0.400000 0.125183 -5.081051 3.077375 -6.211661 4.153565 
7590 1.000000 0.400000 0.125864 -5.052608 3.053312 -6.272008 3.976857 
7600 1.000000 0.400000 0.126540 -5.020641 3.031944 -6.324281 3.799655 
7610 1.000000 0.400000 0.127302 -4.986837 3.014690 -6.389676 3.629979 
7620 1.000000 0.400000 0.128240 -4.949682 3.000546 -6.378136 3.454811 
7630 1.000000 0.400000 0.129462 -4.911574 2.991078 -6.390388 3.269457 
7640 1.000000 0.400000 0.130969 -4.872810 2.986274 -6.385607 3.081552 
7650 1.000000 0.400000 0.132742 -4.832320 2.986102 -6.290948 2.912312 
7660 1.000000 0.400000 0.134810 -4.788761 2.990832 -6.198307 2.746726 
7670 1.000000 0.400000 0.136834 -4.745202 3.001379 -6.095574 2.578165 
7680 1.000000 0.400000 0.138547 -4.701803 3.018074 -5.960755 2.437809 
7690 1.000000 0.400000 0.139692 -4.658871 3.041258 -5.802014 2.332041 
7700 1.000000 0.400000 0.140158 -4.616244 3.071543 -5.629732 2.251780 
7710 1.000000 0.400000 0.139855 -4.574911 3.108993 -5.460294 2.224239 
7720 1.000000 0.400000 0.138805 -4.536181 3.153478 -5.284610 2.177229 
7730 1.000000 0.400000 0.137127 -4.500327 3.206738 -5.089575 2.189669 
7740 1.000000 0.400000 0.135296 -4.469309 3.269207 -4.897440 2.229442 
7750 1.000000 0.400000 0.134680 -4.443907 3.341127 -4.739496 2.326364 
7760 1.000000 0.400000 0.136821 -4.426296 3.421863 -4.562309 2.396633 
7770 1.000000 0.400000 0.141649 -4.421793 3.505116 -4.379481 2.453436 
7780 1.000000 0.400000 0.147948 -4.430662 3.586567 -4.222903 2.552682 
7790 1.000000 0.400000 0.153865 -4.452395 3.663385 -4.083019 2.674404 
7800 1.000000 0.400000 0.158573 -4.485807 3.736198 -3.955995 2.817651 
7810 1.000000 0.400000 0.160952 -4.530780 3.803017 -3.863852 2.980074 
7820 1.000000 0.400000 0.161007 -4.586992 3.864062 -3.834967 3.172000 
7830 1.000000 0.400000 0.159250 -4.654049 3.919102 -3.833466 3.352556 
