7830 0 -4.632496 3.866821 2.601925 -3.833466 3.352556
7830 1 -4.491916 3.940919 2.397188 -3.833466 3.352556
7830 2 -4.705737 3.994074 2.482841 -3.833466 3.352556
7830 3 -4.483177 4.022210 2.314752 -3.833466 3.352556
7830 4 -4.635803 3.960977 2.501578 -3.833466 3.352556
7830 5 -4.835426 3.904307 2.642241 -3.833466 3.352556
7830 6 -4.698696 3.960874 2.513772 -3.833466 3.352556
7830 7 -4.433744 3.911222 2.382654 -3.833466 3.352556
7830 8 -4.747276 3.951390 2.553785 -3.833466 3.352556
7830 9 -4.535331 3.970235 2.386024 -3.833466 3.352556
7830 10 -4.541053 4.038789 2.359456 -3.833466 3.352556
7830 11 -4.876184 3.853973 2.700630 -3.833466 3.352556
7830 12 -4.676898 3.986905 2.473959 -3.833466 3.352556
7830 13 -4.511787 3.903640 2.438258 -3.833466 3.352556
7830 14 -4.554685 3.934272 2.439347 -3.833466 3.352556
7830 15 -4.678804 3.859574 2.612410 -3.833466 3.352556
7830 16 -4.608276 3.978576 2.459253 -3.833466 3.352556
7830 17 -4.750906 3.977836 2.507752 -3.833466 3.352556
7830 18 -4.458210 3.982356 2.335957 -3.833466 3.352556
7830 19 -4.489874 3.973741 2.379994 -3.833466 3.352556
7830 20 -4.614908 3.897053 2.561673 -3.833466 3.352556
7830 21 -4.731858 3.856590 2.644382 -3.833466 3.352556
7830 22 -4.781542 3.848638 2.700001 -3.833466 3.352556
7830 23 -4.645414 3.980845 2.454710 -3.833466 3.352556
7830 24 -4.764717 3.898729 2.606462 -3.833466 3.352556
7830 25 -4.721833 3.967707 2.513168 -3.833466 3.352556
7830 26 -4.552063 3.912806 2.523036 -3.833466 3.352556
7830 27 -4.601339 4.003869 2.402886 -3.833466 3.352556
7830 28 -4.813610 3.839347 2.689535 -3.833466 3.352556
7830 29 -4.814759 3.958427 2.558441 -3.833466 3.352556
7830 30 -4.576165 3.886315 2.537574 -3.833466 3.352556
7830 31 -4.650536 3.875862 2.604416 -3.833466 3.352556
7830 32 -4.510425 4.029607 2.335323 -3.833466 3.352556
7830 33 -4.591742 3.949970 2.466158 -3.833466 3.352556
7830 34 -4.730398 3.879515 2.604619 -3.833466 3.352556
7830 35 -4.726683 3.937343 2.558927 -3.833466 3.352556
7830 36 -4.459811 3.916408 2.423044 -3.833466 3.352556
7830 37 -4.429891 3.958345 2.328494 -3.833466 3.352556
7830 38 -4.419373 4.007406 2.305438 -3.833466 3.352556
7830 39 -4.829819 3.867050 2.670986 -3.833466 3.352556
7830 40 -4.670378 3.842090 2.649480 -3.833466 3.352556
7830 41 -4.690095 3.807521 2.665955 -3.833466 3.352556
7830 42 -4.567702 3.950885 2.443245 -3.833466 3.352556
7830 43 -4.631815 3.824579 2.609268 -3.833466 3.352556
7830 44 -4.586855 4.034606 2.368797 -3.833466 3.352556
7830 45 -4.655835 4.009362 2.439522 -3.833466 3.352556
7830 46 -4.552719 4.001275 2.383258 -3.833466 3.352556
7830 47 -4.752767 3.925462 2.565803 -3.833466 3.352556
7830 48 -4.781390 3.986552 2.532044 -3.833466 3.352556
7830 49 -4.510752 3.944479 2.430616 -3.833466 3.352556
7830 50 -4.719773 3.904129 2.571071 -3.833466 3.352556
7830 51 -4.757494 3.848214 2.661407 -3.833466 3.352556
7830 52 -4.655194 3.828926 2.654613 -3.833466 3.352556
7830 53 -4.838633 3.837616 2.714379 -3.833466 3.352556
7830 54 -4.582535 3.978150 2.432944 -3.833466 3.352556
7830 55 -4.705475 3.870063 2.642384 -3.833466 3.352556
7830 56 -4.659105 3.938666 2.525710 -3.833466 3.352556
7830 57 -4.777024 3.929541 2.605067 -3.833466 3.352556
7830 58 -4.638507 3.901760 2.541552 -3.833466 3.352556
7830 59 -4.505870 3.991443 2.363265 -3.833466 3.352556
7830 60 -4.530967 3.911450 2.461045 -3.833466 3.352556
7830 61 -4.604122 3.924563 2.490201 -3.833466 3.352556
7830 62 -4.439549 4.029891 2.282765 -3.833466 3.352556
7830 63 -4.528738 3.999337 2.365800 -3.833466 3.352556
7830 64 -4.669756 3.964504 2.487484 -3.833466 3.352556
7830 65 -4.850493 3.935629 2.600871 -3.833466 3.352556
7830 66 -4.863006 3.822475 2.720569 -3.833466 3.352556
7830 67 -4.614488 3.953168 2.486811 -3.833466 3.352556
7830 68 -4.700511 3.895679 2.585454 -3.833466 3.352556
7830 69 -4.795549 3.823503 2.725298 -3.833466 3.352556
7830 70 -4.776351 3.794843 2.743017 -3.833466 3.352556
7830 71 -4.781462 3.873546 2.635746 -3.833466 3.352556
7830 72 -4.690423 3.920363 2.557424 -3.833466 3.352556
7830 73 -4.612200 3.863794 2.557579 -3.833466 3.352556
7830 74 -4.501469 3.881872 2.491674 -3.833466 3.352556
7830 75 -4.679890 3.942515 2.536069 -3.833466 3.352556
7830 76 -4.781784 3.954605 2.557230 -3.833466 3.352556
7830 77 -4.730521 4.008072 2.494877 -3.833466 3.352556
7830 78 -4.659725 3.898710 2.566304 -3.833466 3.352556
7830 79 -4.387994 3.977856 2.315660 -3.833466 3.352556
7830 80 -4.811827 3.929715 2.585712 -3.833466 3.352556
7830 81 -4.554190 3.880857 2.491177 -3.833466 3.352556
7830 82 -4.580821 3.922840 2.484965 -3.833466 3.352556
7830 83 -4.455449 3.959398 2.394284 -3.833466 3.352556
7830 84 -4.476604 3.929066 2.416859 -3.833466 3.352556
7830 85 -4.680982 4.021039 2.454754 -3.833466 3.352556
7830 86 -4.674155 3.910156 2.538023 -3.833466 3.352556
7830 87 -4.528661 3.950802 2.456683 -3.833466 3.352556
7830 88 -4.628095 4.003876 2.443836 -3.833466 3.352556
7830 89 -4.406413 3.942682 2.336762 -3.833466 3.352556
7830 90 -4.593046 3.896835 2.529227 -3.833466 3.352556
7830 91 -4.572194 4.012247 2.397159 -3.833466 3.352556
7830 92 -4.730171 3.833169 2.699753 -3.833466 3.352556
7830 93 -4.740423 3.906225 2.597535 -3.833466 3.352556
7830 94 -4.804455 3.787163 2.764311 -3.833466 3.352556
7830 95 -4.761870 3.822226 2.703639 -3.833466 3.352556
7830 96 -4.594081 3.850003 2.581247 -3.833466 3.352556
7830 97 -4.852223 3.874927 2.682815 -3.833466 3.352556
7830 98 -4.809041 3.902951 2.650557 -3.833466 3.352556
7830 99 -4.868453 3.900170 2.655851 -3.833466 3.352556
7830 100 -4.707496 3.930951 2.540310 -3.833466 3.352556
7830 101 -4.681329 3.880460 2.568754 -3.833466 3.352556
7830 102 -4.558262 3.974416 2.424677 -3.833466 3.352556
7830 103 -4.464666 4.004448 2.315350 -3.833466 3.352556
7830 104 -4.855971 3.792006 2.793025 -3.833466 3.352556
7830 105 -4.641923 3.932399 2.522010 -3.833466 3.352556
7830 106 -4.394543 4.001054 2.251040 -3.833466 3.352556
7830 107 -4.556771 3.852825 2.559953 -3.833466 3.352556
7830 108 -4.754535 3.876393 2.646108 -3.833466 3.352556
7830 109 -4.893355 3.819018 2.760001 -3.833466 3.352556
7830 110 -4.827387 3.801225 2.734364 -3.833466 3.352556
7830 111 -4.717968 3.807923 2.711217 -3.833466 3.352556
7830 112 -4.624841 3.924404 2.512129 -3.833466 3.352556
7830 113 -4.787039 3.900923 2.616205 -3.833466 3.352556
7830 114 -4.805876 3.870978 2.657042 -3.833466 3.352556
7830 115 -4.703988 3.839890 2.646881 -3.833466 3.352556
7830 116 -4.899820 3.872118 2.685269 -3.833466 3.352556
7830 117 -4.624570 4.034958 2.401706 -3.833466 3.352556
7830 118 -4.363230 3.968591 2.265084 -3.833466 3.352556
7830 119 -4.747060 3.794748 2.722988 -3.833466 3.352556
