10 1.000000 0.400000 0.771119 0.002303 0.130725 0.077358 -1.819203 
20 1.000000 0.400000 0.766396 0.002518 0.155814 0.140356 -1.658130 
30 1.000000 0.400000 0.764722 0.001473 0.184582 0.260941 -1.505359 
40 1.000000 0.400000 0.766093 -0.001615 0.213615 0.440880 -1.475161 
50 1.000000 0.400000 0.768621 -0.006246 0.239152 0.612981 -1.500427 
60 1.000000 0.400000 0.771172 -0.012330 0.262008 0.792681 -1.458413 
70 1.000000 0.400000 0.773268 -0.019823 0.283097 0.970479 -1.416233 
80 1.000000 0.400000 0.774373 -0.028770 0.302800 1.126515 -1.299161 
90 1.000000 0.400000 0.774120 -0.039453 0.321654 1.264441 -1.169367 
100 1.000000 0.400000 0.772295 -0.052223 0.340159 1.363428 -1.009825 
110 1.000000 0.400000 0.768686 -0.067312 0.358379 1.432999 -0.842116 
120 1.000000 0.400000 0.762928 -0.084600 0.375757 1.513054 -0.670095 
130 1.000000 0.400000 0.754705 -0.104633 0.392338 1.529148 -0.482331 
140 1.000000 0.400000 0.744437 -0.127513 0.408013 1.547892 -0.304303 
150 1.000000 0.400000 0.732277 -0.153422 0.422537 1.529439 -0.117208 
160 1.000000 0.400000 0.719242 -0.182950 0.435925 1.468262 0.055765 
170 1.000000 0.400000 0.705886 -0.216413 0.447531 1.400773 0.240741 
180 1.000000 0.400000 0.692617 -0.252532 0.456025 1.352976 0.425500 
190 1.000000 0.400000 0.680775 -0.291992 0.461429 1.246782 0.575744 
200 1.000000 0.400000 0.671642 -0.333175 0.463458 1.186523 0.719849 
210 1.000000 0.400000 0.664642 -0.374621 0.461115 1.095426 0.896151 
220 1.000000 0.400000 0.658736 -0.415177 0.453629 1.009167 1.074615 
230 1.000000 0.400000 0.653058 -0.454699 0.441150 0.880025 1.209721 
240 1.000000 0.400000 0.647391 -0.493980 0.424019 0.756142 1.317641 
250 1.000000 0.400000 0.640233 -0.531132 0.402320 0.595314 1.428225 
260 1.000000 0.400000 0.630705 -0.566403 0.375451 0.423524 1.507363 
270 1.000000 0.400000 0.618680 -0.599284 0.343402 0.239436 1.540536 
280 1.000000 0.400000 0.604874 -0.630974 0.305214 0.049849 1.531823 
290 1.000000 0.400000 0.589560 -0.659371 0.261253 -0.134381 1.513892 
300 1.000000 0.400000 0.574439 -0.683827 0.212068 -0.324336 1.495567 
310 1.000000 0.400000 0.560680 -0.701820 0.159778 -0.510578 1.495709 
320 1.000000 0.400000 0.549864 -0.712139 0.107620 -0.692260 1.465904 
330 1.000000 0.400000 0.542734 -0.715091 0.057695 -0.876636 1.480561 
340 1.000000 0.400000 0.538486 -0.711887 0.015159 -1.066059 1.528336 
350 1.000000 0.400000 0.535566 -0.705080 -0.019549 -1.252699 1.568329 
360 1.000000 0.400000 0.532813 -0.695406 -0.049739 -1.433814 1.527150 
370 1.000000 0.400000 0.529485 -0.683502 -0.076230 -1.603420 1.436205 
380 1.000000 0.400000 0.525146 -0.668858 -0.101200 -1.734218 1.326285 
390 1.000000 0.400000 0.519520 -0.651566 -0.124742 -1.844072 1.166379 
400 1.000000 0.400000 0.512064 -0.631141 -0.146914 -1.920765 0.996631 
410 1.000000 0.400000 0.503013 -0.607950 -0.167393 -1.997137 0.834889 
420 1.000000 0.400000 0.492280 -0.581718 -0.185796 -2.034002 0.644707 
430 1.000000 0.400000 0.480947 -0.553065 -0.201760 -2.069627 0.477473 
440 1.000000 0.400000 0.469507 -0.520098 -0.216225 -2.000865 0.302574 
450 1.000000 0.400000 0.459360 -0.481822 -0.229036 -1.938642 0.139005 
460 1.000000 0.400000 0.452472 -0.440100 -0.238299 -1.905010 -0.047829 
470 1.000000 0.400000 0.449782 -0.400490 -0.242152 -1.956902 -0.236032 
480 1.000000 0.400000 0.449739 -0.367101 -0.241688 -2.057977 -0.404877 
490 1.000000 0.400000 0.450731 -0.339165 -0.238962 -2.092196 -0.553848 
500 1.000000 0.400000 0.451870 -0.314628 -0.234306 -2.096984 -0.737170 
510 1.000000 0.400000 0.452519 -0.292613 -0.227885 -2.069005 -0.927190 
520 1.000000 0.400000 0.452260 -0.272694 -0.219979 -2.007899 -1.101171 
530 1.000000 0.400000 0.451019 -0.253621 -0.210393 -1.911672 -1.236640 
540 1.000000 0.400000 0.448489 -0.234897 -0.198837 -1.760731 -1.351811 
550 1.000000 0.400000 0.444061 -0.216510 -0.184817 -1.598704 -1.462215 
560 1.000000 0.400000 0.437235 -0.198558 -0.168050 -1.414611 -1.529155 
570 1.000000 0.400000 0.427946 -0.180909 -0.148058 -1.237585 -1.558791 
580 1.000000 0.400000 0.416545 -0.162590 -0.123651 -1.045597 -1.542811 
590 1.000000 0.400000 0.403325 -0.143919 -0.094037 -0.864191 -1.489998 
600 1.000000 0.400000 0.388675 -0.126002 -0.058572 -0.675859 -1.445657 
610 1.000000 0.400000 0.373973 -0.110638 -0.017576 -0.487733 -1.393453 
620 1.000000 0.400000 0.361655 -0.098500 0.029081 -0.327523 -1.311110 
630 1.000000 0.400000 0.354172 -0.090368 0.081596 -0.169757 -1.209722 
640 1.000000 0.400000 0.352606 -0.088538 0.136098 -0.003506 -1.172673 
650 1.000000 0.400000 0.355168 -0.093462 0.187921 0.168953 -1.103802 
660 1.000000 0.400000 0.359543 -0.104564 0.237222 0.333245 -1.055280 
670 1.000000 0.400000 0.363153 -0.120821 0.281575 0.503269 -0.988777 
680 1.000000 0.400000 0.364922 -0.140650 0.320724 0.645824 -0.888898 
690 1.000000 0.400000 0.364793 -0.165356 0.358267 0.754388 -0.744699 
700 1.000000 0.400000 0.361730 -0.194452 0.392414 0.852200 -0.586556 
710 1.000000 0.400000 0.355615 -0.228747 0.424074 0.890871 -0.398986 
720 1.000000 0.400000 0.346350 -0.267829 0.452199 0.920712 -0.223633 
730 1.000000 0.400000 0.334474 -0.313800 0.478187 0.887448 -0.032252 
740 1.000000 0.400000 0.320326 -0.366642 0.500175 0.834650 0.149521 
750 1.000000 0.400000 0.305960 -0.427170 0.518089 0.742371 0.317799 
760 1.000000 0.400000 0.293712 -0.492862 0.529521 0.673805 0.474398 
770 1.000000 0.400000 0.285746 -0.561805 0.532033 0.587311 0.642645 
780 1.000000 0.400000 0.281413 -0.629858 0.523355 0.487368 0.812557 
790 1.000000 0.400000 0.278444 -0.693953 0.504348 0.391343 0.972721 
800 1.000000 0.400000 0.274822 -0.754678 0.475555 0.242165 1.093334 
810 1.000000 0.400000 0.269075 -0.809579 0.438278 0.104795 1.221399 
820 1.000000 0.400000 0.260685 -0.857883 0.393543 -0.072726 1.282766 
830 1.000000 0.400000 0.250300 -0.903099 0.339805 -0.255464 1.275465 
840 1.000000 0.400000 0.238564 -0.945104 0.275919 -0.435486 1.229438 
850 1.000000 0.400000 0.226516 -0.979610 0.203950 -0.614839 1.198031 
860 1.000000 0.400000 0.215842 -1.001883 0.128592 -0.805699 1.188172 
870 1.000000 0.400000 0.208310 -1.010356 0.057736 -0.984873 1.261155 
880 1.000000 0.400000 0.204219 -1.009803 0.002671 -1.102325 1.387991 
890 1.000000 0.400000 0.201780 -1.004943 -0.040030 -1.282584 1.422453 
900 1.000000 0.400000 0.199723 -0.996272 -0.076696 -1.461578 1.411115 
910 1.000000 0.400000 0.197602 -0.983981 -0.110800 -1.616503 1.323331 
920 1.000000 0.400000 0.195146 -0.968254 -0.142267 -1.763728 1.216287 
930 1.000000 0.400000 0.192079 -0.948320 -0.172587 -1.881507 1.066538 
940 1.000000 0.400000 0.188314 -0.924222 -0.201360 -1.984373 0.914797 
950 1.000000 0.400000 0.183744 -0.895227 -0.229014 -2.024986 0.725784 
960 1.000000 0.400000 0.178305 -0.860811 -0.254939 -2.076819 0.538663 
970 1.000000 0.400000 0.172260 -0.821507 -0.277704 -2.075501 0.350143 
980 1.000000 0.400000 0.166045 -0.778432 -0.295782 -2.108509 0.158906 
990 1.000000 0.400000 0.160154 -0.731959 -0.308440 -2.064310 -0.027184 
1000 1.000000 0.400000 0.155207 -0.682752 -0.315179 -2.049653 -0.221429 
1010 1.000000 0.400000 0.151820 -0.633183 -0.315530 -2.016060 -0.382474 
1020 1.000000 0.400000 0.150094 -0.587036 -0.309986 -1.974023 -0.565778 
1030 1.000000 0.400000 0.149490 -0.544022 -0.298969 -1.916458 -0.748596 
1040 1.000000 0.400000 0.149511 -0.503605 -0.282745 -1.827176 -0.910237 
1050 1.000000 0.400000 0.149791 -0.466608 -0.262281 -1.696260 -1.043726 
1060 1.000000 0.400000 0.149999 -0.431295 -0.236726 -1.541413 -1.141274 
1070 1.000000 0.400000 0.149998 -0.397902 -0.206092 -1.370639 -1.203780 
1080 1.000000 0.400000 0.149613 -0.367417 -0.170469 -1.193806 -1.261023 
1090 1.000000 0.400000 0.148869 -0.339249 -0.128115 -1.000345 -1.259940 
1100 1.000000 0.400000 0.148113 -0.313838 -0.078361 -0.815731 -1.239230 
1110 1.000000 0.400000 0.147855 -0.292731 -0.021640 -0.638847 -1.199310 
1120 1.000000 0.400000 0.148486 -0.278789 0.039403 -0.460106 -1.167772 
1130 1.000000 0.400000 0.150044 -0.273848 0.101184 -0.269260 -1.129484 
1140 1.000000 0.400000 0.152468 -0.277939 0.164071 -0.107528 -1.021997 
1150 1.000000 0.400000 0.155152 -0.291143 0.226434 0.053877 -0.920853 
1160 1.000000 0.400000 0.157383 -0.314171 0.288424 0.180961 -0.768975 
1170 1.000000 0.400000 0.158747 -0.347468 0.350480 0.253221 -0.595670 
1180 1.000000 0.400000 0.158767 -0.390712 0.410458 0.305998 -0.421904 
1190 1.000000 0.400000 0.157727 -0.444735 0.469346 0.327994 -0.247678 
1200 1.000000 0.400000 0.154835 -0.509371 0.522076 0.338020 -0.053623 
1210 1.000000 0.400000 0.150927 -0.584247 0.567513 0.273573 0.115929 
1220 1.000000 0.400000 0.148465 -0.670445 0.607038 0.241172 0.292903 
1230 1.000000 0.400000 0.148190 -0.762981 0.632574 0.165877 0.472943 
1240 1.000000 0.400000 0.151389 -0.856960 0.641541 0.107811 0.660427 
1250 1.000000 0.400000 0.156719 -0.943462 0.632562 0.070738 0.848821 
1260 1.000000 0.400000 0.160511 -1.020563 0.609925 -0.012098 1.023525 
1270 1.000000 0.400000 0.161882 -1.087801 0.576487 -0.129168 1.172990 
1280 1.000000 0.400000 0.160884 -1.146782 0.535004 -0.277204 1.242360 
1290 1.000000 0.400000 0.157615 -1.199573 0.485121 -0.456689 1.325556 
1300 1.000000 0.400000 0.151859 -1.244585 0.426743 -0.642744 1.372413 
1310 1.000000 0.400000 0.144124 -1.281109 0.360160 -0.836613 1.339361 
1320 1.000000 0.400000 0.135439 -1.308703 0.285233 -1.027850 1.300870 
1330 1.000000 0.400000 0.127539 -1.324091 0.206359 -1.216399 1.289889 
1340 1.000000 0.400000 0.122955 -1.327157 0.141481 -1.317204 1.442891 
1350 1.000000 0.400000 0.121514 -1.327139 0.094376 -1.285246 1.543933 
1360 1.000000 0.400000 0.122168 -1.331168 0.054840 -1.095786 1.582690 
1370 1.000000 0.400000 0.123928 -1.338730 0.021231 -0.901379 1.583601 
1380 1.000000 0.400000 0.126255 -1.349425 -0.009507 -0.730987 1.507602 
1390 1.000000 0.400000 0.128804 -1.363133 -0.037765 -0.557104 1.420001 
1400 1.000000 0.400000 0.131342 -1.379888 -0.064217 -0.423500 1.295701 
1410 1.000000 0.400000 0.133708 -1.399008 -0.088584 -0.312969 1.158098 
1420 1.000000 0.400000 0.135833 -1.421015 -0.111121 -0.222721 0.993634 
1430 1.000000 0.400000 0.137613 -1.445805 -0.131496 -0.135991 0.829689 
1440 1.000000 0.400000 0.139137 -1.474570 -0.150507 -0.127548 0.639512 
1450 1.000000 0.400000 0.140402 -1.507677 -0.167637 -0.131484 0.450885 
1460 1.000000 0.400000 0.141462 -1.544341 -0.181517 -0.112124 0.259410 
1470 1.000000 0.400000 0.142482 -1.585482 -0.191981 -0.193405 0.080964 
1480 1.000000 0.400000 0.143240 -1.631870 -0.198810 -0.271633 -0.095007 
1490 1.000000 0.400000 0.144777 -1.681477 -0.200106 -0.365826 -0.256892 
1500 1.000000 0.400000 0.146823 -1.733266 -0.194547 -0.462675 -0.401152 
1510 1.000000 0.400000 0.148785 -1.790352 -0.182113 -0.605153 -0.519803 
1520 1.000000 0.400000 0.150542 -1.849506 -0.161113 -0.755093 -0.647008 
1530 1.000000 0.400000 0.151246 -1.908357 -0.130347 -0.921145 -0.752634 
1540 1.000000 0.400000 0.151065 -1.968296 -0.089220 -1.098182 -0.777745 
1550 1.000000 0.400000 0.149357 -2.024404 -0.038545 -1.278474 -0.824728 
1560 1.000000 0.400000 0.146252 -2.077536 0.023686 -1.471797 -0.797448 
1570 1.000000 0.400000 0.142196 -2.125433 0.097788 -1.646234 -0.759068 
1580 1.000000 0.400000 0.138482 -2.164634 0.180844 -1.825854 -0.726255 
1590 1.000000 0.400000 0.137062 -2.193205 0.273669 -1.997869 -0.629568 
1600 1.000000 0.400000 0.139910 -2.206517 0.371879 -2.171655 -0.555577 
1610 1.000000 0.400000 0.146086 -2.202374 0.466625 -2.349135 -0.514499 
1620 1.000000 0.400000 0.151861 -2.182794 0.550173 -2.518276 -0.426350 
1630 1.000000 0.400000 0.155459 -2.150563 0.624340 -2.660596 -0.302903 
1640 1.000000 0.400000 0.156203 -2.108152 0.689375 -2.782283 -0.160095 
1650 1.000000 0.400000 0.154355 -2.054657 0.748642 -2.825191 0.029659 
1660 1.000000 0.400000 0.150063 -1.990828 0.800855 -2.849784 0.216975 
1670 1.000000 0.400000 0.143813 -1.918497 0.843367 -2.843137 0.399455 
1680 1.000000 0.400000 0.136878 -1.837969 0.875467 -2.806523 0.588373 
1690 1.000000 0.400000 0.130844 -1.756381 0.892321 -2.833288 0.770884 
1700 1.000000 0.400000 0.127642 -1.690286 0.895691 -2.949548 0.925678 
1710 1.000000 0.400000 0.126825 -1.641577 0.894310 -3.097259 0.898487 
1720 1.000000 0.400000 0.128088 -1.601764 0.896950 -3.136282 0.723956 
1730 1.000000 0.400000 0.130431 -1.567225 0.903370 -3.126073 0.529162 
1740 1.000000 0.400000 0.133308 -1.535558 0.913215 -3.047951 0.363694 
1750 1.000000 0.400000 0.136383 -1.505683 0.926327 -2.965783 0.189074 
1760 1.000000 0.400000 0.139369 -1.478150 0.942495 -2.836140 0.043124 
1770 1.000000 0.400000 0.142223 -1.451159 0.962658 -2.670002 -0.050742 
1780 1.000000 0.400000 0.144780 -1.425136 0.987074 -2.487694 -0.125156 
1790 1.000000 0.400000 0.146886 -1.401135 1.015277 -2.325365 -0.214641 
1800 1.000000 0.400000 0.148514 -1.379542 1.047453 -2.135873 -0.230311 
1810 1.000000 0.400000 0.149869 -1.359574 1.085318 -1.944213 -0.226815 
1820 1.000000 0.400000 0.150919 -1.343333 1.127863 -1.752869 -0.194674 
1830 1.000000 0.400000 0.152065 -1.331038 1.175867 -1.570519 -0.140635 
1840 1.000000 0.400000 0.153552 -1.324112 1.228712 -1.401504 -0.059659 
1850 1.000000 0.400000 0.155730 -1.323046 1.286592 -1.258122 0.044129 
1860 1.000000 0.400000 0.158313 -1.329702 1.347809 -1.093716 0.141598 
1870 1.000000 0.400000 0.160672 -1.345181 1.409746 -0.967515 0.286183 
1880 1.000000 0.400000 0.162141 -1.370378 1.471800 -0.851567 0.434477 
1890 1.000000 0.400000 0.162224 -1.403020 1.529200 -0.756459 0.555417 
1900 1.000000 0.400000 0.161611 -1.444708 1.587809 -0.750889 0.737204 
1910 1.000000 0.400000 0.159432 -1.498012 1.645581 -0.726911 0.931928 
1920 1.000000 0.400000 0.155227 -1.563075 1.698623 -0.710135 1.120857 
1930 1.000000 0.400000 0.149910 -1.639136 1.745532 -0.761669 1.299141 
1940 1.000000 0.400000 0.145007 -1.726727 1.785182 -0.849480 1.474509 
1950 1.000000 0.400000 0.142752 -1.824148 1.813284 -0.940538 1.634134 
1960 1.000000 0.400000 0.145233 -1.923261 1.826617 -0.989326 1.805365 
1970 1.000000 0.400000 0.150868 -2.014191 1.820640 -1.030578 1.994816 
1980 1.000000 0.400000 0.155405 -2.092723 1.800329 -1.070456 2.177585 
1990 1.000000 0.400000 0.157475 -2.158186 1.770937 -1.143038 2.343749 
2000 1.000000 0.400000 0.156979 -2.215182 1.733377 -1.304478 2.457212 
2010 1.000000 0.400000 0.154021 -2.266285 1.686961 -1.482951 2.521190 
2020 1.000000 0.400000 0.148874 -2.313086 1.630392 -1.680106 2.521539 
2030 1.000000 0.400000 0.142106 -2.353133 1.565612 -1.854484 2.529515 
2040 1.000000 0.400000 0.134551 -2.384782 1.493599 -2.028344 2.527731 
2050 1.000000 0.400000 0.127548 -2.404012 1.419869 -2.217510 2.528045 
2060 1.000000 0.400000 0.122931 -2.411248 1.353665 -2.349802 2.606629 
2070 1.000000 0.400000 0.121471 -2.414031 1.304515 -2.278873 2.741417 
2080 1.000000 0.400000 0.122227 -2.420203 1.265318 -2.112448 2.775371 
2090 1.000000 0.400000 0.124082 -2.429372 1.231166 -1.943725 2.753339 
2100 1.000000 0.400000 0.126485 -2.441476 1.200515 -1.768984 2.682371 
2110 1.000000 0.400000 0.129136 -2.456583 1.172274 -1.599719 2.591372 
2120 1.000000 0.400000 0.131771 -2.474379 1.146435 -1.480975 2.446305 
2130 1.000000 0.400000 0.134237 -2.495023 1.122650 -1.332172 2.320809 
2140 1.000000 0.400000 0.136378 -2.517995 1.101541 -1.260278 2.141659 
2150 1.000000 0.400000 0.138267 -2.544286 1.082014 -1.213871 1.964148 
2160 1.000000 0.400000 0.139908 -2.574705 1.064180 -1.194719 1.771064 
2170 1.000000 0.400000 0.141402 -2.609675 1.048370 -1.216422 1.584549 
2180 1.000000 0.400000 0.142759 -2.648140 1.036041 -1.199603 1.397522 
2190 1.000000 0.400000 0.143870 -2.688498 1.028029 -1.238412 1.220632 
2200 1.000000 0.400000 0.144863 -2.731872 1.024062 -1.333644 1.052946 
2210 1.000000 0.400000 0.146791 -2.780523 1.025360 -1.454682 0.906103 
2220 1.000000 0.400000 0.148618 -2.831877 1.033545 -1.552895 0.738012 
2230 1.000000 0.400000 0.149959 -2.883805 1.048806 -1.667649 0.602496 
2240 1.000000 0.400000 0.150746 -2.936251 1.071171 -1.822512 0.526115 
2250 1.000000 0.400000 0.151181 -2.991551 1.101467 -1.986778 0.466625 
2260 1.000000 0.400000 0.150585 -3.046674 1.140911 -2.156142 0.419377 
2270 1.000000 0.400000 0.149226 -3.102665 1.190462 -2.337361 0.407384 
2280 1.000000 0.400000 0.146438 -3.155158 1.250788 -2.529936 0.425871 
2290 1.000000 0.400000 0.142501 -3.202333 1.322687 -2.719158 0.451856 
2300 1.000000 0.400000 0.138375 -3.241044 1.405434 -2.905823 0.486619 
2310 1.000000 0.400000 0.136960 -3.271068 1.497630 -3.046841 0.607069 
2320 1.000000 0.400000 0.139934 -3.288250 1.593850 -3.209824 0.658412 
2330 1.000000 0.400000 0.146740 -3.289710 1.689326 -3.375041 0.716178 
2340 1.000000 0.400000 0.153409 -3.275599 1.773559 -3.554332 0.757787 
2350 1.000000 0.400000 0.158268 -3.250015 1.847688 -3.697771 0.846714 
2360 1.000000 0.400000 0.161004 -3.214369 1.915251 -3.802831 1.002834 
2370 1.000000 0.400000 0.161471 -3.167823 1.978781 -3.867545 1.178953 
2380 1.000000 0.400000 0.158973 -3.110715 2.035286 -3.930955 1.364449 
2390 1.000000 0.400000 0.153571 -3.044069 2.082542 -3.940006 1.557386 
2400 1.000000 0.400000 0.146513 -2.968368 2.120656 -3.911019 1.737667 
2410 1.000000 0.400000 0.139242 -2.886953 2.146532 -3.890710 1.929010 
2420 1.000000 0.400000 0.133470 -2.808383 2.156746 -3.911157 2.120982 
2430 1.000000 0.400000 0.130308 -2.743135 2.154991 -4.000225 2.282111 
2440 1.000000 0.400000 0.129072 -2.694066 2.148180 -4.094871 2.434688 
2450 1.000000 0.400000 0.128290 -2.653498 2.137166 -4.046712 2.616742 
2460 1.000000 0.400000 0.127428 -2.615482 2.121833 -3.954981 2.758254 
2470 1.000000 0.400000 0.126320 -2.581034 2.102693 -3.864674 2.930722 
2480 1.000000 0.400000 0.124781 -2.549457 2.079478 -3.709113 3.043743 
2490 1.000000 0.400000 0.122794 -2.520293 2.051909 -3.539526 3.139314 
2500 1.000000 0.400000 0.120398 -2.493953 2.019873 -3.358390 3.211305 
2510 1.000000 0.400000 0.117834 -2.471512 1.984224 -3.176025 3.269145 
2520 1.000000 0.400000 0.115463 -2.453765 1.946135 -2.994632 3.318978 
2530 1.000000 0.400000 0.113522 -2.440876 1.905888 -2.804386 3.332894 
2540 1.000000 0.400000 0.112387 -2.433350 1.865443 -2.626507 3.341839 
2550 1.000000 0.400000 0.112129 -2.430863 1.825650 -2.434179 3.339928 
2560 1.000000 0.400000 0.112646 -2.433259 1.787325 -2.255280 3.300487 
2570 1.000000 0.400000 0.113691 -2.439879 1.751321 -2.065224 3.295696 
2580 1.000000 0.400000 0.115035 -2.449953 1.718518 -1.895002 3.220136 
2590 1.000000 0.400000 0.116431 -2.464097 1.686381 -1.758918 3.096260 
2600 1.000000 0.400000 0.117770 -2.482414 1.654708 -1.639603 2.942681 
2610 1.000000 0.400000 0.118925 -2.505037 1.624443 -1.534542 2.788306 
2620 1.000000 0.400000 0.119817 -2.532529 1.595380 -1.478849 2.604985 
2630 1.000000 0.400000 0.120441 -2.564686 1.568472 -1.386589 2.434996 
2640 1.000000 0.400000 0.120805 -2.601390 1.544674 -1.368401 2.250719 
2650 1.000000 0.400000 0.121189 -2.643963 1.523318 -1.412469 2.068250 
2660 1.000000 0.400000 0.121989 -2.693046 1.504756 -1.436454 1.893525 
2670 1.000000 0.400000 0.123246 -2.744917 1.492605 -1.464188 1.704874 
2680 1.000000 0.400000 0.124983 -2.801499 1.485878 -1.542233 1.544444 
2690 1.000000 0.400000 0.128060 -2.858996 1.487151 -1.621349 1.378749 
2700 1.000000 0.400000 0.131435 -2.918113 1.496409 -1.715125 1.221246 
2710 1.000000 0.400000 0.134544 -2.977568 1.514300 -1.854991 1.089587 
2720 1.000000 0.400000 0.137359 -3.038734 1.541719 -2.011730 0.982090 
2730 1.000000 0.400000 0.138978 -3.097029 1.578458 -2.180874 0.912418 
2740 1.000000 0.400000 0.139686 -3.155049 1.625803 -2.368581 0.898775 
2750 1.000000 0.400000 0.139201 -3.210358 1.684573 -2.557517 0.876446 
2760 1.000000 0.400000 0.138216 -3.260936 1.753003 -2.718510 0.892041 
2770 1.000000 0.400000 0.137689 -3.305119 1.830373 -2.890146 0.946338 
2780 1.000000 0.400000 0.138192 -3.338025 1.915645 -3.060970 0.994982 
2790 1.000000 0.400000 0.141776 -3.358574 2.006999 -3.234875 1.055852 
2800 1.000000 0.400000 0.148404 -3.364274 2.098582 -3.403286 1.110384 
2810 1.000000 0.400000 0.156532 -3.356025 2.186629 -3.559737 1.169195 
2820 1.000000 0.400000 0.162358 -3.336036 2.261106 -3.727490 1.221150 
2830 1.000000 0.400000 0.165816 -3.306590 2.327546 -3.853421 1.348799 
2840 1.000000 0.400000 0.166701 -3.266909 2.389017 -3.958864 1.505734 
2850 1.000000 0.400000 0.164745 -3.217509 2.444473 -4.011915 1.690005 
2860 1.000000 0.400000 0.160082 -3.159058 2.492945 -4.075740 1.864935 
2870 1.000000 0.400000 0.153108 -3.093493 2.532169 -4.071012 2.057755 
2880 1.000000 0.400000 0.144862 -3.019662 2.563185 -4.010005 2.216191 
2890 1.000000 0.400000 0.137295 -2.939910 2.585524 -3.978547 2.395209 
2900 1.000000 0.400000 0.131407 -2.863741 2.593361 -4.009503 2.579795 
2910 1.000000 0.400000 0.128332 -2.804064 2.591007 -4.114821 2.737790 
2920 1.000000 0.400000 0.126670 -2.756797 2.582917 -4.153762 2.919975 
2930 1.000000 0.400000 0.125443 -2.716564 2.570364 -4.093844 3.103216 
2940 1.000000 0.400000 0.124199 -2.680080 2.553497 -3.995119 3.267610 
2950 1.000000 0.400000 0.122717 -2.645371 2.531873 -3.872553 3.404230 
2960 1.000000 0.400000 0.121055 -2.614295 2.506697 -3.720768 3.517797 
2970 1.000000 0.400000 0.119160 -2.586789 2.477956 -3.558149 3.622580 
2980 1.000000 0.400000 0.117113 -2.562944 2.445745 -3.377541 3.695696 
2990 1.000000 0.400000 0.114983 -2.542030 2.409020 -3.190717 3.715184 
3000 1.000000 0.400000 0.113221 -2.525710 2.369776 -3.007563 3.769628 
3010 1.000000 0.400000 0.112123 -2.514729 2.329480 -2.821135 3.752215 
3020 1.000000 0.400000 0.111814 -2.508599 2.288022 -2.637204 3.757084 
3030 1.000000 0.400000 0.112363 -2.507855 2.248161 -2.446650 3.764011 
3040 1.000000 0.400000 0.113548 -2.511741 2.209658 -2.270521 3.722457 
3050 1.000000 0.400000 0.115108 -2.519782 2.173444 -2.104474 3.659334 
3060 1.000000 0.400000 0.116785 -2.531697 2.139305 -1.935063 3.577063 
3070 1.000000 0.400000 0.118357 -2.547769 2.106592 -1.788382 3.456291 
3080 1.000000 0.400000 0.119698 -2.567349 2.076346 -1.641883 3.344083 
3090 1.000000 0.400000 0.120687 -2.590637 2.048269 -1.543437 3.176580 
3100 1.000000 0.400000 0.121311 -2.619052 2.020966 -1.503542 2.985032 
3110 1.000000 0.400000 0.121602 -2.653197 1.994732 -1.477273 2.796564 
3120 1.000000 0.400000 0.121747 -2.693133 1.970293 -1.506133 2.627747 
3130 1.000000 0.400000 0.122075 -2.740585 1.947240 -1.543144 2.443682 
3140 1.000000 0.400000 0.122800 -2.793132 1.929414 -1.546522 2.255888 
3150 1.000000 0.400000 0.124167 -2.849870 1.917941 -1.609973 2.080710 
3160 1.000000 0.400000 0.126075 -2.907091 1.913746 -1.634485 1.900382 
3170 1.000000 0.400000 0.129245 -2.964710 1.918267 -1.749311 1.754477 
3180 1.000000 0.400000 0.132618 -3.027960 1.930547 -1.894436 1.632946 
3190 1.000000 0.400000 0.136059 -3.092048 1.952459 -2.024801 1.492562 
3200 1.000000 0.400000 0.138323 -3.151301 1.983045 -2.157810 1.370946 
3210 1.000000 0.400000 0.139485 -3.208756 2.023212 -2.335081 1.333484 
3220 1.000000 0.400000 0.139553 -3.264728 2.073996 -2.518909 1.294379 
3230 1.000000 0.400000 0.138150 -3.315279 2.135059 -2.704095 1.275564 
3240 1.000000 0.400000 0.136080 -3.359562 2.205697 -2.885506 1.302490 
3250 1.000000 0.400000 0.134222 -3.395219 2.285824 -3.056066 1.375202 
3260 1.000000 0.400000 0.135178 -3.422586 2.376951 -3.232622 1.452483 
3270 1.000000 0.400000 0.140580 -3.437080 2.474638 -3.387369 1.545024 
3280 1.000000 0.400000 0.148146 -3.434815 2.566882 -3.562298 1.577765 
3290 1.000000 0.400000 0.154581 -3.417711 2.648188 -3.743590 1.623160 
3300 1.000000 0.400000 0.158682 -3.389276 2.719916 -3.877795 1.753541 
3310 1.000000 0.400000 0.160523 -3.349577 2.786895 -3.995962 1.904720 
3320 1.000000 0.400000 0.159299 -3.300015 2.845725 -4.070670 2.084462 
3330 1.000000 0.400000 0.155149 -3.241684 2.895722 -4.139637 2.259483 
3340 1.000000 0.400000 0.148755 -3.175115 2.937012 -4.113650 2.452558 
3350 1.000000 0.400000 0.141301 -3.097942 2.971307 -4.059838 2.636760 
3360 1.000000 0.400000 0.134028 -3.017338 2.991940 -4.067038 2.830953 
3370 1.000000 0.400000 0.128835 -2.945287 2.997459 -4.135031 3.004322 
3380 1.000000 0.400000 0.126048 -2.886969 2.993587 -4.202739 3.172180 
3390 1.000000 0.400000 0.124660 -2.841219 2.984791 -4.248333 3.350302 
3400 1.000000 0.400000 0.123737 -2.801858 2.972209 -4.186377 3.504755 
3410 1.000000 0.400000 0.122825 -2.766109 2.955783 -4.098409 3.664945 
3420 1.000000 0.400000 0.121810 -2.733317 2.935923 -4.004005 3.799448 
3430 1.000000 0.400000 0.120568 -2.703276 2.912647 -3.853559 3.920747 
3440 1.000000 0.400000 0.119045 -2.676424 2.885943 -3.698726 4.031166 
3450 1.000000 0.400000 0.117317 -2.652678 2.855785 -3.517674 4.089165 
3460 1.000000 0.400000 0.115462 -2.631960 2.821646 -3.332422 4.138760 
3470 1.000000 0.400000 0.113790 -2.615265 2.784550 -3.145251 4.157873 
3480 1.000000 0.400000 0.112546 -2.602825 2.744745 -2.966181 4.168439 
3490 1.000000 0.400000 0.112021 -2.595242 2.704093 -2.781214 4.184711 
3500 1.000000 0.400000 0.112284 -2.593057 2.665024 -2.585983 4.190073 
3510 1.000000 0.400000 0.113140 -2.595798 2.627044 -2.402588 4.136370 
3520 1.000000 0.400000 0.114395 -2.603072 2.590113 -2.218201 4.094380 
3530 1.000000 0.400000 0.115890 -2.614602 2.553975 -2.072611 3.977680 
3540 1.000000 0.400000 0.117388 -2.630182 2.519897 -1.913149 3.880450 
3550 1.000000 0.400000 0.118769 -2.649843 2.487343 -1.790038 3.745976 
3560 1.000000 0.400000 0.119868 -2.674019 2.456190 -1.679432 3.592156 
3570 1.000000 0.400000 0.120626 -2.701665 2.427898 -1.599203 3.441264 
3580 1.000000 0.400000 0.121170 -2.734546 2.400504 -1.591338 3.256134 
3590 1.000000 0.400000 0.121486 -2.772278 2.375562 -1.565979 3.078957 
3600 1.000000 0.400000 0.121742 -2.815676 2.353643 -1.562740 2.888055 
3610 1.000000 0.400000 0.122183 -2.864362 2.336408 -1.603444 2.695327 
3620 1.000000 0.400000 0.123164 -2.917836 2.324838 -1.656178 2.514272 
3630 1.000000 0.400000 0.124584 -2.974994 2.319622 -1.732538 2.336295 
3640 1.000000 0.400000 0.127620 -3.034799 2.322893 -1.815827 2.170819 
3650 1.000000 0.400000 0.130317 -3.094259 2.334901 -1.902822 2.000576 
3660 1.000000 0.400000 0.132987 -3.154186 2.355825 -2.064493 1.887002 
3670 1.000000 0.400000 0.135273 -3.214772 2.386240 -2.229889 1.797921 
3680 1.000000 0.400000 0.136712 -3.274764 2.426899 -2.403332 1.737381 
3690 1.000000 0.400000 0.137106 -3.331428 2.476866 -2.573758 1.705055 
3700 1.000000 0.400000 0.137070 -3.387477 2.538581 -2.758752 1.751094 
3710 1.000000 0.400000 0.136736 -3.438813 2.611836 -2.946874 1.752375 
3720 1.000000 0.400000 0.136601 -3.480216 2.694921 -3.126927 1.806643 
3730 1.000000 0.400000 0.138684 -3.509754 2.787550 -3.308050 1.886171 
3740 1.000000 0.400000 0.144092 -3.523803 2.882197 -3.478279 1.935208 
3750 1.000000 0.400000 0.151585 -3.520625 2.974452 -3.662278 1.985596 
3760 1.000000 0.400000 0.157901 -3.502228 3.056402 -3.841439 2.049667 
3770 1.000000 0.400000 0.161836 -3.472003 3.129360 -3.974777 2.180378 
3780 1.000000 0.400000 0.163160 -3.431449 3.195237 -4.083997 2.305092 
3790 1.000000 0.400000 0.161729 -3.383297 3.252276 -4.166424 2.475769 
3800 1.000000 0.400000 0.157488 -3.327433 3.300543 -4.243181 2.643138 
3810 1.000000 0.400000 0.151186 -3.265697 3.339642 -4.242385 2.825287 
3820 1.000000 0.400000 0.143351 -3.194939 3.371343 -4.207817 3.017576 
3830 1.000000 0.400000 0.135498 -3.117984 3.393382 -4.171407 3.191676 
3840 1.000000 0.400000 0.129274 -3.045890 3.401447 -4.214387 3.377137 
3850 1.000000 0.400000 0.125475 -2.986726 3.398834 -4.295157 3.555997 
3860 1.000000 0.400000 0.123219 -2.938381 3.389755 -4.299741 3.747360 
3870 1.000000 0.400000 0.121731 -2.897845 3.376518 -4.284619 3.931657 
3880 1.000000 0.400000 0.120438 -2.862152 3.359431 -4.174547 4.090430 
3890 1.000000 0.400000 0.119034 -2.829074 3.338140 -4.042111 4.217944 
3900 1.000000 0.400000 0.117453 -2.798078 3.312419 -3.883541 4.320019 
3910 1.000000 0.400000 0.115775 -2.770074 3.282868 -3.730466 4.420564 
3920 1.000000 0.400000 0.114040 -2.745152 3.249338 -3.550243 4.479964 
3930 1.000000 0.400000 0.112561 -2.725248 3.213826 -3.386674 4.571047 
3940 1.000000 0.400000 0.111506 -2.709559 3.176123 -3.197695 4.562403 
3950 1.000000 0.400000 0.111062 -2.698716 3.136921 -3.011874 4.590816 
3960 1.000000 0.400000 0.111391 -2.693126 3.099012 -2.830601 4.628460 
3970 1.000000 0.400000 0.112360 -2.692166 3.061641 -2.647384 4.619742 
3980 1.000000 0.400000 0.113785 -2.695496 3.025161 -2.460683 4.572190 
3990 1.000000 0.400000 0.115442 -2.703002 2.990955 -2.275589 4.521527 
4000 1.000000 0.400000 0.117153 -2.714231 2.958492 -2.113650 4.427853 
4010 1.000000 0.400000 0.118687 -2.729269 2.927363 -1.958140 4.321344 
4020 1.000000 0.400000 0.120005 -2.748202 2.897466 -1.842273 4.169683 
4030 1.000000 0.400000 0.120987 -2.771660 2.868117 -1.764902 3.999056 
4040 1.000000 0.400000 0.121609 -2.800385 2.839252 -1.719301 3.815050 
4050 1.000000 0.400000 0.121868 -2.835590 2.810842 -1.696600 3.621334 
4060 1.000000 0.400000 0.121838 -2.876958 2.784971 -1.702633 3.429406 
4070 1.000000 0.400000 0.121751 -2.922767 2.763769 -1.659379 3.244375 
4080 1.000000 0.400000 0.121929 -2.973166 2.747892 -1.724870 3.066172 
4090 1.000000 0.400000 0.122726 -3.028825 2.737392 -1.774696 2.887426 
4100 1.000000 0.400000 0.124283 -3.087645 2.733819 -1.860849 2.710085 
4110 1.000000 0.400000 0.127233 -3.148171 2.739473 -1.960173 2.556979 
4120 1.000000 0.400000 0.130395 -3.212174 2.753737 -2.085213 2.413050 
4130 1.000000 0.400000 0.133853 -3.278370 2.777638 -2.255136 2.334002 
4140 1.000000 0.400000 0.136942 -3.344545 2.811745 -2.406767 2.235443 
4150 1.000000 0.400000 0.139054 -3.408707 2.856764 -2.590294 2.182928 
4160 1.000000 0.400000 0.139555 -3.467641 2.912784 -2.768995 2.124387 
4170 1.000000 0.400000 0.138679 -3.519946 2.979597 -2.962147 2.149099 
4180 1.000000 0.400000 0.138006 -3.567602 3.059134 -3.143590 2.187027 
4190 1.000000 0.400000 0.138649 -3.604855 3.148202 -3.317887 2.267707 
4200 1.000000 0.400000 0.142881 -3.629675 3.244247 -3.490495 2.323045 
4210 1.000000 0.400000 0.150233 -3.637198 3.339821 -3.665391 2.371977 
4220 1.000000 0.400000 0.157610 -3.627998 3.425544 -3.847569 2.400404 
4230 1.000000 0.400000 0.162864 -3.606289 3.499995 -4.016704 2.471991 
4240 1.000000 0.400000 0.165263 -3.575775 3.563499 -4.183942 2.550451 
4250 1.000000 0.400000 0.164832 -3.538838 3.617307 -4.286431 2.702600 
4260 1.000000 0.400000 0.161951 -3.494911 3.664687 -4.368475 2.855948 
4270 1.000000 0.400000 0.156935 -3.443039 3.707254 -4.390618 3.041753 
4280 1.000000 0.400000 0.150115 -3.382501 3.744953 -4.383349 3.227047 
4290 1.000000 0.400000 0.141881 -3.312956 3.775834 -4.327025 3.415086 
4300 1.000000 0.400000 0.133467 -3.236816 3.797039 -4.301951 3.601144 
4310 1.000000 0.400000 0.126939 -3.166055 3.804671 -4.359500 3.778087 
4320 1.000000 0.400000 0.123081 -3.108891 3.802265 -4.443106 3.950330 
4330 1.000000 0.400000 0.120933 -3.062699 3.794255 -4.458687 4.131017 
4340 1.000000 0.400000 0.119545 -3.023049 3.781877 -4.425474 4.317568 
4350 1.000000 0.400000 0.118431 -2.986794 3.765537 -4.311126 4.450646 
4360 1.000000 0.400000 0.117353 -2.952334 3.744960 -4.197022 4.590812 
4370 1.000000 0.400000 0.116333 -2.922024 3.721332 -4.062078 4.721361 
4380 1.000000 0.400000 0.115182 -2.893902 3.693335 -3.895644 4.802853 
4390 1.000000 0.400000 0.114000 -2.868411 3.661533 -3.730255 4.873884 
4400 1.000000 0.400000 0.113049 -2.847926 3.628270 -3.570454 4.968472 
4410 1.000000 0.400000 0.112385 -2.831858 3.593314 -3.387769 5.021855 
4420 1.000000 0.400000 0.112161 -2.820620 3.557775 -3.202810 5.074642 
4430 1.000000 0.400000 0.112427 -2.813517 3.521377 -3.040418 5.038150 
4440 1.000000 0.400000 0.113204 -2.810384 3.483756 -2.847063 5.024132 
4450 1.000000 0.400000 0.114467 -2.811850 3.445833 -2.667632 4.967306 
4460 1.000000 0.400000 0.116080 -2.817448 3.408518 -2.501581 4.914129 
4470 1.000000 0.400000 0.117816 -2.827250 3.372833 -2.334423 4.841020 
4480 1.000000 0.400000 0.119480 -2.840923 3.338645 -2.181329 4.754241 
4490 1.000000 0.400000 0.120941 -2.858782 3.305281 -2.072584 4.595307 
4500 1.000000 0.400000 0.122110 -2.881692 3.271693 -1.985976 4.436228 
4510 1.000000 0.400000 0.122835 -2.909927 3.239195 -1.905405 4.264743 
4520 1.000000 0.400000 0.123055 -2.943403 3.208919 -1.841463 4.089471 
4530 1.000000 0.400000 0.122854 -2.982974 3.180840 -1.833765 3.893316 
4540 1.000000 0.400000 0.122412 -3.029359 3.155960 -1.860450 3.698845 
4550 1.000000 0.400000 0.122217 -3.082578 3.135068 -1.894490 3.523340 
4560 1.000000 0.400000 0.122969 -3.142908 3.118873 -1.983472 3.361135 
4570 1.000000 0.400000 0.124835 -3.209508 3.109377 -2.064939 3.183538 
4580 1.000000 0.400000 0.128879 -3.280475 3.109257 -2.167699 3.017812 
4590 1.000000 0.400000 0.133461 -3.350335 3.120316 -2.253693 2.862727 
4600 1.000000 0.400000 0.137681 -3.419587 3.142096 -2.387403 2.725604 
4610 1.000000 0.400000 0.141045 -3.486266 3.174080 -2.519361 2.618566 
4620 1.000000 0.400000 0.142795 -3.547512 3.215310 -2.689133 2.536284 
4630 1.000000 0.400000 0.143186 -3.606982 3.268350 -2.884436 2.523847 
4640 1.000000 0.400000 0.141967 -3.661137 3.332952 -3.072077 2.491227 
4650 1.000000 0.400000 0.139328 -3.705071 3.405921 -3.251083 2.503730 
4660 1.000000 0.400000 0.137665 -3.742516 3.490049 -3.421569 2.599112 
4670 1.000000 0.400000 0.139135 -3.770092 3.584292 -3.581277 2.686647 
4680 1.000000 0.400000 0.145974 -3.785307 3.685000 -3.744728 2.756488 
4690 1.000000 0.400000 0.153555 -3.781533 3.774732 -3.939041 2.743149 
4700 1.000000 0.400000 0.158847 -3.764302 3.849259 -4.117338 2.796986 
4710 1.000000 0.400000 0.162107 -3.737076 3.916084 -4.252380 2.913370 
4720 1.000000 0.400000 0.162885 -3.702139 3.974609 -4.399685 3.013014 
4730 1.000000 0.400000 0.161015 -3.660285 4.025406 -4.489318 3.181319 
4740 1.000000 0.400000 0.156703 -3.610536 4.070055 -4.546328 3.350784 
4750 1.000000 0.400000 0.150476 -3.553589 4.108464 -4.538522 3.542159 
4760 1.000000 0.400000 0.142767 -3.489059 4.140023 -4.557217 3.724437 
4770 1.000000 0.400000 0.134535 -3.419782 4.161958 -4.496453 3.906573 
4780 1.000000 0.400000 0.127309 -3.349426 4.173465 -4.516551 4.085529 
4790 1.000000 0.400000 0.122550 -3.289245 4.173963 -4.602684 4.252147 
4800 1.000000 0.400000 0.119900 -3.240710 4.167759 -4.627951 4.445574 
4810 1.000000 0.400000 0.118282 -3.199067 4.156533 -4.601019 4.635887 
4820 1.000000 0.400000 0.117196 -3.162613 4.141373 -4.524419 4.807201 
4830 1.000000 0.400000 0.116244 -3.128735 4.122002 -4.399166 4.952998 
4840 1.000000 0.400000 0.115325 -3.098056 4.098905 -4.271244 5.096469 
4850 1.000000 0.400000 0.114397 -3.070802 4.072525 -4.104899 5.170053 
4860 1.000000 0.400000 0.113449 -3.045660 4.042173 -3.935431 5.248348 
4870 1.000000 0.400000 0.112703 -3.024786 4.010161 -3.787559 5.346380 
4880 1.000000 0.400000 0.112201 -3.008002 3.975763 -3.594684 5.368201 
4890 1.000000 0.400000 0.112083 -2.994997 3.938781 -3.418990 5.369325 
4900 1.000000 0.400000 0.112513 -2.986166 3.899390 -3.230044 5.358922 
4910 1.000000 0.400000 0.113591 -2.982151 3.859933 -3.050231 5.378365 
4920 1.000000 0.400000 0.115156 -2.982984 3.821506 -2.861462 5.340160 
4930 1.000000 0.400000 0.116934 -2.988259 3.785374 -2.673455 5.312241 
4940 1.000000 0.400000 0.118762 -2.997864 3.750485 -2.491008 5.244503 
4950 1.000000 0.400000 0.120436 -3.011020 3.717708 -2.357166 5.142931 
4960 1.000000 0.400000 0.121906 -3.028621 3.684507 -2.250067 4.980071 
4970 1.000000 0.400000 0.123074 -3.051436 3.650809 -2.183864 4.811446 
4980 1.000000 0.400000 0.123834 -3.080014 3.617083 -2.105464 4.639544 
4990 1.000000 0.400000 0.124030 -3.114376 3.585433 -2.036711 4.460376 
5000 1.000000 0.400000 0.123713 -3.153826 3.557304 -1.984886 4.283848 
5010 1.000000 0.400000 0.123306 -3.199269 3.531472 -2.053636 4.114850 
5020 1.000000 0.400000 0.123199 -3.253413 3.507609 -2.110694 3.941588 
5030 1.000000 0.400000 0.124059 -3.315534 3.488183 -2.195427 3.774353 
5040 1.000000 0.400000 0.126181 -3.382997 3.475691 -2.231872 3.594566 
5050 1.000000 0.400000 0.129711 -3.451387 3.473374 -2.313290 3.415440 
5060 1.000000 0.400000 0.134495 -3.521570 3.481793 -2.423823 3.274535 
5070 1.000000 0.400000 0.138743 -3.589367 3.500049 -2.519795 3.119940 
5080 1.000000 0.400000 0.142532 -3.657137 3.529043 -2.680485 3.015752 
5090 1.000000 0.400000 0.144789 -3.720931 3.568427 -2.841437 2.930803 
5100 1.000000 0.400000 0.145732 -3.782855 3.619150 -3.016654 2.885889 
5110 1.000000 0.400000 0.145047 -3.839279 3.680048 -3.200971 2.872959 
5120 1.000000 0.400000 0.142656 -3.887074 3.750436 -3.392775 2.871498 
5130 1.000000 0.400000 0.139581 -3.925376 3.830851 -3.581969 2.907030 
5140 1.000000 0.400000 0.138243 -3.953633 3.920373 -3.720373 3.009206 
5150 1.000000 0.400000 0.141651 -3.971762 4.017390 -3.896847 3.080742 
5160 1.000000 0.400000 0.147284 -3.971580 4.109552 -4.081908 3.101711 
5170 1.000000 0.400000 0.152661 -3.956481 4.191230 -4.258742 3.148241 
5180 1.000000 0.400000 0.155741 -3.931113 4.259447 -4.426622 3.237358 
5190 1.000000 0.400000 0.156446 -3.897488 4.318727 -4.568192 3.342297 
5200 1.000000 0.400000 0.154641 -3.857897 4.368410 -4.705703 3.476766 
5210 1.000000 0.400000 0.150825 -3.813101 4.410262 -4.769809 3.637747 
5220 1.000000 0.400000 0.145397 -3.760466 4.448302 -4.755954 3.823757 
5230 1.000000 0.400000 0.138628 -3.700932 4.480046 -4.777676 4.015019 
5240 1.000000 0.400000 0.131257 -3.636979 4.502653 -4.771995 4.200793 
5250 1.000000 0.400000 0.124683 -3.572596 4.515756 -4.775103 4.367247 
5260 1.000000 0.400000 0.119980 -3.514784 4.518983 -4.805325 4.540427 
5270 1.000000 0.400000 0.117079 -3.465230 4.514948 -4.869665 4.723154 
5280 1.000000 0.400000 0.115442 -3.423553 4.505915 -4.853626 4.911581 
5290 1.000000 0.400000 0.114390 -3.385683 4.492491 -4.772109 5.078687 
5300 1.000000 0.400000 0.113723 -3.351714 4.475579 -4.696426 5.247214 
5310 1.000000 0.400000 0.113226 -3.320832 4.455180 -4.559510 5.379877 
5320 1.000000 0.400000 0.112788 -3.292974 4.431397 -4.422857 5.516397 
5330 1.000000 0.400000 0.112430 -3.268625 4.404871 -4.262714 5.623925 
5340 1.000000 0.400000 0.112095 -3.246937 4.374734 -4.070935 5.666207 
5350 1.000000 0.400000 0.111929 -3.228300 4.341284 -3.894648 5.679058 
5360 1.000000 0.400000 0.112068 -3.212526 4.303939 -3.720137 5.695905 
5370 1.000000 0.400000 0.112738 -3.201282 4.265362 -3.535933 5.721243 
5380 1.000000 0.400000 0.113914 -3.195129 4.226767 -3.349095 5.747505 
5390 1.000000 0.400000 0.115476 -3.193827 4.189345 -3.164074 5.716756 
5400 1.000000 0.400000 0.117341 -3.197109 4.151107 -2.976188 5.654909 
5410 1.000000 0.400000 0.119284 -3.205252 4.113106 -2.805859 5.562675 
5420 1.000000 0.400000 0.121124 -3.217692 4.076357 -2.657437 5.476631 
5430 1.000000 0.400000 0.122757 -3.234435 4.040500 -2.535700 5.349608 
5440 1.000000 0.400000 0.123993 -3.256377 4.005018 -2.434139 5.188548 
5450 1.000000 0.400000 0.124717 -3.283757 3.970583 -2.336534 5.029574 
5460 1.000000 0.400000 0.124861 -3.316421 3.938047 -2.290840 4.857246 
5470 1.000000 0.400000 0.124531 -3.355702 3.906707 -2.273268 4.676888 
5480 1.000000 0.400000 0.123889 -3.401651 3.877787 -2.283809 4.495038 
5490 1.000000 0.400000 0.123400 -3.455442 3.851480 -2.319846 4.317726 
5500 1.000000 0.400000 0.123420 -3.514553 3.831542 -2.362386 4.142219 
5510 1.000000 0.400000 0.124642 -3.580890 3.817709 -2.445059 3.976669 
5520 1.000000 0.400000 0.127052 -3.648764 3.812912 -2.504170 3.798660 
5530 1.000000 0.400000 0.131439 -3.719081 3.818738 -2.614654 3.646615 
5540 1.000000 0.400000 0.135619 -3.790442 3.835429 -2.728772 3.494424 
5550 1.000000 0.400000 0.139375 -3.860156 3.863252 -2.880675 3.378613 
5560 1.000000 0.400000 0.142016 -3.927264 3.902255 -3.055045 3.306291 
5570 1.000000 0.400000 0.143441 -3.993253 3.953858 -3.245170 3.269686 
5580 1.000000 0.400000 0.143293 -4.054057 4.017441 -3.424949 3.228268 
5590 1.000000 0.400000 0.141321 -4.104442 4.090356 -3.613952 3.243258 
5600 1.000000 0.400000 0.139444 -4.146752 4.174592 -3.787816 3.309504 
5610 1.000000 0.400000 0.140445 -4.179978 4.268802 -3.939377 3.393092 
5620 1.000000 0.400000 0.145431 -4.198318 4.367037 -4.130677 3.430123 
5630 1.000000 0.400000 0.151706 -4.197242 4.456849 -4.323904 3.435675 
