5630 0 -4.136014 4.456071 1.386794 -4.323904 3.435675
5630 1 -4.418933 4.332553 1.702015 -4.323904 3.435675
5630 2 -4.372423 4.414301 1.639284 -4.323904 3.435675
5630 3 -4.132458 4.427112 1.363667 -4.323904 3.435675
5630 4 -4.097572 4.545968 1.395479 -4.323904 3.435675
5630 5 -4.212567 4.383235 1.437032 -4.323904 3.435675
5630 6 -4.213689 4.449874 1.477263 -4.323904 3.435675
5630 7 -4.237136 4.399157 1.470295 -4.323904 3.435675
5630 8 -4.067450 4.438741 1.305318 -4.323904 3.435675
5630 9 -4.234656 4.487553 1.502701 -4.323904 3.435675
5630 10 -4.158155 4.439278 1.388732 -4.323904 3.435675
5630 11 -4.059950 4.495495 1.258959 -4.323904 3.435675
5630 12 -4.032010 4.601817 1.341615 -4.323904 3.435675
5630 13 -4.052407 4.462263 1.276926 -4.323904 3.435675
5630 14 -4.078634 4.481128 1.343097 -4.323904 3.435675
5630 15 -4.079263 4.584325 1.362948 -4.323904 3.435675
5630 16 -4.170136 4.535482 1.436408 -4.323904 3.435675
5630 17 -4.264012 4.477316 1.530696 -4.323904 3.435675
5630 18 -4.291938 4.373040 1.531401 -4.323904 3.435675
5630 19 -3.991692 4.589591 1.295221 -4.323904 3.435675
5630 20 -4.071093 4.561185 1.331909 -4.323904 3.435675
5630 21 -4.272982 4.450957 1.522515 -4.323904 3.435675
5630 22 -4.271007 4.394893 1.506983 -4.323904 3.435675
5630 23 -4.150954 4.510659 1.442358 -4.323904 3.435675
5630 24 -4.329518 4.367883 1.569036 -4.323904 3.435675
5630 25 -4.308057 4.345240 1.545551 -4.323904 3.435675
5630 26 -3.976573 4.520693 1.222515 -4.323904 3.435675
5630 27 -4.248391 4.376134 1.460899 -4.323904 3.435675
5630 28 -4.336243 4.316314 1.566547 -4.323904 3.435675
5630 29 -4.404012 4.354361 1.656440 -4.323904 3.435675
5630 30 -4.175866 4.421388 1.391038 -4.323904 3.435675
5630 31 -4.451270 4.288000 1.743331 -4.323904 3.435675
5630 32 -4.420330 4.273530 1.678273 -4.323904 3.435675
5630 33 -3.969643 4.564453 1.217449 -4.323904 3.435675
5630 34 -4.292471 4.410278 1.564473 -4.323904 3.435675
5630 35 -4.177127 4.456442 1.444451 -4.323904 3.435675
5630 36 -4.259177 4.524029 1.533840 -4.323904 3.435675
5630 37 -4.275737 4.332803 1.515519 -4.323904 3.435675
5630 38 -4.347559 4.395040 1.608265 -4.323904 3.435675
5630 39 -4.212304 4.470797 1.486834 -4.323904 3.435675
5630 40 -4.162670 4.559512 1.451908 -4.323904 3.435675
5630 41 -4.214094 4.530586 1.493312 -4.323904 3.435675
5630 42 -4.371060 4.290725 1.623485 -4.323904 3.435675
5630 43 -4.039038 4.532306 1.328066 -4.323904 3.435675
5630 44 -4.203201 4.556327 1.484864 -4.323904 3.435675
5630 45 -4.329476 4.417714 1.593708 -4.323904 3.435675
5630 46 -4.133147 4.402417 1.360497 -4.323904 3.435675
5630 47 -4.284495 4.497002 1.563309 -4.323904 3.435675
5630 48 -4.313013 4.392461 1.574086 -4.323904 3.435675
5630 49 -4.035453 4.575361 1.334271 -4.323904 3.435675
5630 50 -4.026657 4.511865 1.270549 -4.323904 3.435675
5630 51 -4.106874 4.439942 1.316911 -4.323904 3.435675
5630 52 -4.242943 4.461718 1.501439 -4.323904 3.435675
5630 53 -4.373051 4.326629 1.640346 -4.323904 3.435675
5630 54 -4.125701 4.476784 1.369507 -4.323904 3.435675
5630 55 -4.363712 4.371393 1.636570 -4.323904 3.435675
5630 56 -4.313177 4.440616 1.570985 -4.323904 3.435675
5630 57 -4.238933 4.438667 1.484838 -4.323904 3.435675
5630 58 -4.103180 4.516447 1.362402 -4.323904 3.435675
5630 59 -4.196909 4.435210 1.425239 -4.323904 3.435675
5630 60 -4.096384 4.464414 1.345737 -4.323904 3.435675
5630 61 -4.184432 4.400654 1.421375 -4.323904 3.435675
5630 62 -4.146122 4.584116 1.440000 -4.323904 3.435675
5630 63 -4.342226 4.453033 1.619388 -4.323904 3.435675
5630 64 -4.097303 4.605242 1.420934 -4.323904 3.435675
5630 65 -4.000789 4.496853 1.221658 -4.323904 3.435675
5630 66 -4.260774 4.355655 1.486303 -4.323904 3.435675
5630 67 -4.283300 4.430810 1.535364 -4.323904 3.435675
5630 68 -4.132379 4.544388 1.424062 -4.323904 3.435675
5630 69 -4.415236 4.307742 1.669281 -4.323904 3.435675
5630 70 -4.030844 4.552770 1.283986 -4.323904 3.435675
5630 71 -4.164141 4.474888 1.419469 -4.323904 3.435675
5630 72 -4.180409 4.373380 1.394595 -4.323904 3.435675
5630 73 -4.073116 4.535505 1.342993 -4.323904 3.435675
5630 74 -4.192343 4.480285 1.420448 -4.323904 3.435675
5630 75 -4.301284 4.469370 1.584636 -4.323904 3.435675
5630 76 -4.182805 4.516850 1.447643 -4.323904 3.435675
5630 77 -4.230778 4.510059 1.506827 -4.323904 3.435675
5630 78 -4.117647 4.566153 1.402012 -4.323904 3.435675
5630 79 -4.254119 4.420401 1.520077 -4.323904 3.435675
5630 80 -4.217910 4.417021 1.443156 -4.323904 3.435675
5630 81 -4.109627 4.494115 1.353377 -4.323904 3.435675
5630 82 -4.396251 4.381644 1.661398 -4.323904 3.435675
5630 83 -4.131506 4.522058 1.371289 -4.323904 3.435675
5630 84 -4.026312 4.478612 1.263530 -4.323904 3.435675
5630 85 -4.347355 4.345757 1.606522 -4.323904 3.435675
5630 86 -4.195063 4.500392 1.496630 -4.323904 3.435675
5630 87 -4.149574 4.490206 1.383287 -4.323904 3.435675
5630 88 -4.069254 4.514901 1.337818 -4.323904 3.435675
5630 89 -3.994346 4.546107 1.297338 -4.323904 3.435675
