10 1.000000 1.000000 0.794434 0.002470 0.103201 0.435071 -1.847530 
20 1.000000 1.000000 0.795637 -0.019887 0.170924 0.881765 -1.685396 
30 1.000000 1.000000 0.796954 -0.054096 0.229727 1.240264 -1.419511 
40 1.000000 1.000000 0.795730 -0.099915 0.279917 1.507245 -1.035910 
50 1.000000 1.000000 0.793329 -0.161096 0.324871 1.529944 -0.540784 
60 1.000000 1.000000 0.791191 -0.234942 0.357644 1.559217 -0.083687 
70 1.000000 1.000000 0.790628 -0.315634 0.373299 1.605829 0.401464 
80 1.000000 1.000000 0.789558 -0.391099 0.369988 1.582219 0.883448 
90 1.000000 1.000000 0.787614 -0.461738 0.351914 1.445065 1.284124 
100 1.000000 1.000000 0.780550 -0.524413 0.320529 1.209163 1.647265 
110 1.000000 1.000000 0.763927 -0.577927 0.276094 0.809496 1.921106 
120 1.000000 1.000000 0.736948 -0.625042 0.214490 0.336333 1.915855 
130 1.000000 1.000000 0.705412 -0.668615 0.129540 -0.049406 1.653968 
140 1.000000 1.000000 0.685380 -0.711206 0.030405 -0.063250 1.639917 
150 1.000000 1.000000 0.680664 -0.754501 -0.042476 0.392047 1.591687 
160 1.000000 1.000000 0.682195 -0.801173 -0.093954 0.746907 1.357323 
170 1.000000 1.000000 0.685076 -0.850338 -0.131066 1.068502 1.027832 
180 1.000000 1.000000 0.687578 -0.903465 -0.157293 1.233759 0.604000 
190 1.000000 1.000000 0.689010 -0.960393 -0.173353 1.265750 0.115583 
200 1.000000 1.000000 0.688986 -1.019798 -0.178484 1.235625 -0.314425 
210 1.000000 1.000000 0.687792 -1.082487 -0.172119 0.994127 -0.726390 
220 1.000000 1.000000 0.684643 -1.147967 -0.151952 0.726459 -1.101283 
230 1.000000 1.000000 0.678354 -1.214859 -0.115323 0.333838 -1.338821 
240 1.000000 1.000000 0.667203 -1.280289 -0.057924 -0.143529 -1.464990 
250 1.000000 1.000000 0.651992 -1.337200 0.022314 -0.604509 -1.508725 
260 1.000000 1.000000 0.634903 -1.371749 0.116515 -1.047096 -1.576119 
270 1.000000 1.000000 0.616723 -1.380127 0.211486 -1.525508 -1.535057 
280 1.000000 1.000000 0.598724 -1.363111 0.304720 -1.970446 -1.365844 
290 1.000000 1.000000 0.581886 -1.321908 0.389228 -2.311515 -1.043277 
300 1.000000 1.000000 0.568063 -1.255636 0.468023 -2.432312 -0.611432 
310 1.000000 1.000000 0.563842 -1.182273 0.539984 -2.366204 -0.809474 
320 1.000000 1.000000 0.568026 -1.138315 0.605774 -2.085601 -1.190006 
330 1.000000 1.000000 0.574012 -1.113813 0.666489 -1.720083 -1.469892 
340 1.000000 1.000000 0.579682 -1.102463 0.723888 -1.260540 -1.593886 
350 1.000000 1.000000 0.583877 -1.102378 0.779565 -0.784234 -1.526293 
360 1.000000 1.000000 0.586057 -1.113361 0.836986 -0.359240 -1.329866 
370 1.000000 1.000000 0.584246 -1.136423 0.894097 -0.030997 -1.034034 
380 1.000000 1.000000 0.577017 -1.173609 0.951887 0.174670 -0.616474 
390 1.000000 1.000000 0.561683 -1.229429 1.009042 0.282108 -0.148055 
400 1.000000 1.000000 0.538348 -1.308522 1.064849 0.171814 0.293055 
410 1.000000 1.000000 0.508527 -1.416086 1.110936 -0.080754 0.690736 
420 1.000000 1.000000 0.485343 -1.554171 1.138806 -0.308012 1.104089 
430 1.000000 1.000000 0.480840 -1.680196 1.146846 -0.138824 0.906407 
440 1.000000 1.000000 0.487263 -1.773485 1.175294 -0.116146 0.456153 
450 1.000000 1.000000 0.494810 -1.847461 1.218870 -0.406561 0.107012 
460 1.000000 1.000000 0.501864 -1.912115 1.279314 -0.794772 -0.103381 
470 1.000000 1.000000 0.506186 -1.961944 1.355730 -1.266902 -0.230375 
480 1.000000 1.000000 0.509320 -1.994023 1.446733 -1.705891 -0.228641 
490 1.000000 1.000000 0.511995 -2.003133 1.543387 -2.136519 -0.213340 
500 1.000000 1.000000 0.512598 -1.990753 1.632006 -2.531974 -0.180126 
510 1.000000 1.000000 0.508456 -1.961294 1.709219 -2.936520 0.032334 
520 1.000000 1.000000 0.496658 -1.911812 1.781121 -3.173703 0.441650 
530 1.000000 1.000000 0.473676 -1.838672 1.844766 -3.253061 0.920640 
540 1.000000 1.000000 0.442329 -1.736051 1.899335 -3.055623 1.348295 
550 1.000000 1.000000 0.417959 -1.607283 1.948328 -2.920875 1.487175 
560 1.000000 1.000000 0.411850 -1.511532 1.998230 -3.004513 1.028432 
570 1.000000 1.000000 0.412016 -1.449801 2.050448 -2.811118 0.612608 
580 1.000000 1.000000 0.413932 -1.404969 2.110258 -2.426677 0.384571 
590 1.000000 1.000000 0.416141 -1.373851 2.177706 -1.993292 0.284849 
600 1.000000 1.000000 0.417831 -1.358352 2.250747 -1.524329 0.223149 
610 1.000000 1.000000 0.419343 -1.358945 2.329220 -1.103902 0.440617 
620 1.000000 1.000000 0.420265 -1.379336 2.413762 -0.731561 0.751686 
630 1.000000 1.000000 0.419313 -1.423557 2.501312 -0.517721 1.145184 
640 1.000000 1.000000 0.415164 -1.493824 2.586444 -0.359476 1.572600 
650 1.000000 1.000000 0.404132 -1.592333 2.654058 -0.299419 2.037290 
660 1.000000 1.000000 0.388458 -1.717443 2.694963 -0.397011 2.497832 
670 1.000000 1.000000 0.373109 -1.852084 2.693771 -0.516562 2.967171 
680 1.000000 1.000000 0.364591 -1.982420 2.648223 -0.828305 3.319459 
690 1.000000 1.000000 0.357071 -2.083840 2.563972 -1.195492 3.597622 
700 1.000000 1.000000 0.356200 -2.168085 2.491682 -0.780602 3.436688 
710 1.000000 1.000000 0.362323 -2.249267 2.452469 -0.507478 3.043815 
720 1.000000 1.000000 0.371096 -2.327591 2.436110 -0.392644 2.595063 
730 1.000000 1.000000 0.379241 -2.400188 2.437731 -0.355054 2.135639 
740 1.000000 1.000000 0.384703 -2.468466 2.455153 -0.563292 1.711031 
750 1.000000 1.000000 0.386441 -2.536738 2.489213 -0.923677 1.421225 
760 1.000000 1.000000 0.382301 -2.603868 2.543003 -1.359650 1.245886 
770 1.000000 1.000000 0.370725 -2.665103 2.618135 -1.791638 1.170133 
780 1.000000 1.000000 0.353381 -2.719817 2.717335 -2.158700 1.392859 
790 1.000000 1.000000 0.332886 -2.761014 2.846565 -2.522347 1.602853 
800 1.000000 1.000000 0.320737 -2.774987 3.008377 -2.867819 1.894989 
810 1.000000 1.000000 0.324681 -2.774687 3.142734 -2.594577 1.646222 
820 1.000000 1.000000 0.335863 -2.804651 3.242752 -2.118624 1.704897 
830 1.000000 1.000000 0.346498 -2.856990 3.323912 -1.767357 2.030026 
840 1.000000 1.000000 0.353687 -2.928634 3.389151 -1.546609 2.446689 
850 1.000000 1.000000 0.357756 -3.021939 3.438926 -1.532529 2.927867 
860 1.000000 1.000000 0.357455 -3.125964 3.462690 -1.575615 3.371798 
870 1.000000 1.000000 0.355531 -3.237213 3.457930 -1.718966 3.800658 
880 1.000000 1.000000 0.349186 -3.341544 3.421303 -1.946077 4.187684 
890 1.000000 1.000000 0.334827 -3.432975 3.353618 -2.364598 4.437279 
900 1.000000 1.000000 0.311855 -3.512264 3.252339 -2.807695 4.404141 
910 1.000000 1.000000 0.286369 -3.578725 3.116752 -3.131770 4.171679 
920 1.000000 1.000000 0.275565 -3.651366 3.003300 -2.681010 4.128305 
930 1.000000 1.000000 0.275670 -3.731928 2.935506 -2.303794 3.846914 
940 1.000000 1.000000 0.280441 -3.815526 2.896364 -2.109698 3.470485 
950 1.000000 1.000000 0.287508 -3.901766 2.880170 -2.055255 2.992055 
960 1.000000 1.000000 0.294132 -3.984245 2.885687 -2.140652 2.550518 
970 1.000000 1.000000 0.299272 -4.068274 2.911650 -2.440363 2.190342 
980 1.000000 1.000000 0.301613 -4.154579 2.962091 -2.876583 1.979526 
990 1.000000 1.000000 0.299207 -4.239323 3.043364 -3.338449 1.930192 
1000 1.000000 1.000000 0.290615 -4.309744 3.157629 -3.804999 1.964921 
1010 1.000000 1.000000 0.277845 -4.348626 3.301786 -4.224807 2.122134 
1020 1.000000 1.000000 0.271145 -4.341778 3.465112 -4.628907 2.351249 
1030 1.000000 1.000000 0.265995 -4.278303 3.598578 -5.052429 2.545677 
1040 1.000000 1.000000 0.255428 -4.174091 3.698011 -5.173329 2.983873 
1050 1.000000 1.000000 0.250560 -4.073099 3.787238 -5.043796 2.644293 
1060 1.000000 1.000000 0.254015 -4.017980 3.875238 -4.736464 2.316580 
1070 1.000000 1.000000 0.260664 -3.991999 3.961794 -4.310339 2.191593 
1080 1.000000 1.000000 0.268559 -3.987593 4.048845 -3.859819 2.221277 
1090 1.000000 1.000000 0.275516 -4.003092 4.134170 -3.476487 2.415399 
1100 1.000000 1.000000 0.279516 -4.041781 4.219816 -3.171966 2.778873 
1110 1.000000 1.000000 0.279364 -4.104315 4.304071 -2.988053 3.161289 
1120 1.000000 1.000000 0.271331 -4.194684 4.375205 -2.955803 3.627052 
1130 1.000000 1.000000 0.257744 -4.317931 4.434669 -3.154595 4.022768 
1140 1.000000 1.000000 0.242794 -4.477561 4.468998 -3.443266 4.367083 
1150 1.000000 1.000000 0.240949 -4.652772 4.464239 -3.444391 4.583912 
1160 1.000000 1.000000 0.251359 -4.784651 4.477722 -3.379714 4.123422 
1170 1.000000 1.000000 0.263895 -4.889120 4.524805 -3.609451 3.717233 
1180 1.000000 1.000000 0.273267 -4.973447 4.597063 -3.948573 3.441748 
1190 1.000000 1.000000 0.278762 -5.038862 4.692546 -4.393643 3.379934 
1200 1.000000 1.000000 0.280549 -5.076554 4.808444 -4.844270 3.439225 
1210 1.000000 1.000000 0.282113 -5.080301 4.939037 -5.302625 3.558498 
1220 1.000000 1.000000 0.279657 -5.040666 5.060384 -5.731704 3.788603 
1230 1.000000 1.000000 0.268503 -4.965664 5.159256 -6.008905 4.152934 
1240 1.000000 1.000000 0.248971 -4.860277 5.237955 -5.984153 4.566557 
1250 1.000000 1.000000 0.226218 -4.720085 5.304287 -5.749785 4.839539 
1260 1.000000 1.000000 0.217189 -4.605979 5.383866 -5.666730 4.367932 
1270 1.000000 1.000000 0.218017 -4.540570 5.469985 -5.366150 4.021832 
1280 1.000000 1.000000 0.223373 -4.507045 5.559024 -4.916515 3.817627 
1290 1.000000 1.000000 0.229948 -4.499334 5.645594 -4.441744 3.794326 
1300 1.000000 1.000000 0.236559 -4.513553 5.734713 -4.087108 4.079348 
1310 1.000000 1.000000 0.241784 -4.551003 5.826791 -3.746384 4.369371 
1320 1.000000 1.000000 0.242879 -4.614801 5.913289 -3.549668 4.792283 
1330 1.000000 1.000000 0.239597 -4.711271 5.995390 -3.604862 5.259823 
1340 1.000000 1.000000 0.231871 -4.847578 6.061170 -3.742884 5.730316 
1350 1.000000 1.000000 0.223866 -5.015373 6.083655 -3.968803 6.128727 
1360 1.000000 1.000000 0.221267 -5.177090 6.043259 -4.142145 6.553764 
1370 1.000000 1.000000 0.214339 -5.303952 5.945824 -4.523145 6.803758 
1380 1.000000 1.000000 0.206175 -5.404112 5.826255 -4.459181 6.710544 
1390 1.000000 1.000000 0.209218 -5.503425 5.759672 -4.064756 6.466588 
1400 1.000000 1.000000 0.216904 -5.599944 5.729845 -3.897191 6.021698 
1410 1.000000 1.000000 0.225408 -5.690470 5.726615 -3.907707 5.568592 
1420 1.000000 1.000000 0.232244 -5.776545 5.746032 -4.051044 5.134304 
1430 1.000000 1.000000 0.236794 -5.864054 5.788071 -4.467952 4.928277 
1440 1.000000 1.000000 0.236917 -5.950427 5.858556 -4.918896 4.737867 
1450 1.000000 1.000000 0.231035 -6.029236 5.962077 -5.348991 4.877445 
1460 1.000000 1.000000 0.219397 -6.090598 6.104178 -5.804719 5.000157 
1470 1.000000 1.000000 0.207864 -6.112482 6.284609 -6.136779 5.356898 
1480 1.000000 1.000000 0.211318 -6.107641 6.455374 -5.982937 5.210856 
1490 1.000000 1.000000 0.223980 -6.145577 6.579640 -5.520601 5.286440 
1500 1.000000 1.000000 0.235952 -6.214806 6.678879 -5.223145 5.609873 
1510 1.000000 1.000000 0.243595 -6.308196 6.752283 -5.031746 6.027295 
1520 1.000000 1.000000 0.247468 -6.422198 6.797130 -5.036810 6.482828 
1530 1.000000 1.000000 0.249892 -6.551691 6.807499 -5.183217 6.942477 
1540 1.000000 1.000000 0.249183 -6.675131 6.775964 -5.341815 7.380609 
1550 1.000000 1.000000 0.241394 -6.779330 6.710018 -5.698073 7.637060 
1560 1.000000 1.000000 0.226397 -6.872084 6.608821 -6.118866 7.682584 
1570 1.000000 1.000000 0.205303 -6.949304 6.468516 -6.533536 7.455068 
1580 1.000000 1.000000 0.190466 -7.020729 6.326701 -6.239955 7.412426 
1590 1.000000 1.000000 0.188497 -7.100671 6.244051 -5.805558 7.283889 
1600 1.000000 1.000000 0.191849 -7.182759 6.196549 -5.519660 6.907064 
1610 1.000000 1.000000 0.197624 -7.265928 6.173193 -5.468003 6.493274 
1620 1.000000 1.000000 0.205225 -7.357416 6.169291 -5.613640 6.035973 
1630 1.000000 1.000000 0.211999 -7.451333 6.189730 -5.810969 5.636116 
1640 1.000000 1.000000 0.215498 -7.539488 6.233660 -6.126285 5.294029 
1650 1.000000 1.000000 0.214751 -7.621740 6.303563 -6.580746 5.215836 
1660 1.000000 1.000000 0.209517 -7.697967 6.405680 -7.015293 5.236206 
1670 1.000000 1.000000 0.200151 -7.756235 6.543160 -7.418447 5.471150 
1680 1.000000 1.000000 0.193088 -7.782925 6.716387 -7.791689 5.721924 
1690 1.000000 1.000000 0.193234 -7.746374 6.888189 -8.206310 5.793051 
1700 1.000000 1.000000 0.190576 -7.660307 7.017145 -8.439411 6.140706 
1710 1.000000 1.000000 0.184845 -7.545068 7.119647 -8.476201 6.264464 
1720 1.000000 1.000000 0.186820 -7.468253 7.216646 -8.244957 5.882056 
1730 1.000000 1.000000 0.194048 -7.431428 7.312111 -7.836998 5.662178 
1740 1.000000 1.000000 0.202637 -7.422848 7.405358 -7.357709 5.610145 
1750 1.000000 1.000000 0.210976 -7.438118 7.500644 -6.971951 5.875519 
1760 1.000000 1.000000 0.216447 -7.479621 7.594428 -6.663925 6.223321 
1770 1.000000 1.000000 0.217274 -7.550251 7.684877 -6.495891 6.648184 
1780 1.000000 1.000000 0.211741 -7.655049 7.765902 -6.550158 7.093809 
1790 1.000000 1.000000 0.201492 -7.801325 7.834971 -6.788714 7.523226 
1800 1.000000 1.000000 0.189448 -7.988422 7.858601 -7.100572 7.888624 
1810 1.000000 1.000000 0.193987 -8.165478 7.859595 -6.946899 7.692615 
1820 1.000000 1.000000 0.206950 -8.291423 7.904810 -7.052296 7.222393 
1830 1.000000 1.000000 0.219030 -8.390554 7.981709 -7.418555 6.962349 
1840 1.000000 1.000000 0.228752 -8.467782 8.091737 -7.890585 6.928199 
1850 1.000000 1.000000 0.235439 -8.509240 8.223792 -8.343137 6.946629 
1860 1.000000 1.000000 0.239649 -8.505806 8.360660 -8.793384 7.013886 
1870 1.000000 1.000000 0.238466 -8.460223 8.482534 -9.177134 7.254222 
1880 1.000000 1.000000 0.228541 -8.374880 8.587760 -9.341468 7.713081 
1890 1.000000 1.000000 0.208281 -8.247492 8.669936 -9.268565 8.163648 
1900 1.000000 1.000000 0.187164 -8.090153 8.740250 -9.149167 8.177941 
1910 1.000000 1.000000 0.180233 -7.985620 8.817278 -9.110423 7.746023 
1920 1.000000 1.000000 0.181426 -7.923892 8.898636 -8.798022 7.372853 
1930 1.000000 1.000000 0.186444 -7.891672 8.980743 -8.371695 7.156640 
1940 1.000000 1.000000 0.192947 -7.881118 9.064031 -7.947966 7.252424 
1950 1.000000 1.000000 0.200046 -7.890095 9.153251 -7.518321 7.434838 
1960 1.000000 1.000000 0.205117 -7.919895 9.238508 -7.143680 7.628500 
1970 1.000000 1.000000 0.206757 -7.971960 9.318069 -6.902803 8.030066 
1980 1.000000 1.000000 0.204327 -8.053027 9.394788 -6.876368 8.507377 
1990 1.000000 1.000000 0.196711 -8.167481 9.458369 -6.939955 8.986491 
2000 1.000000 1.000000 0.186671 -8.321197 9.501094 -7.255534 9.344584 
2010 1.000000 1.000000 0.182635 -8.505932 9.496668 -7.552613 9.719532 
2020 1.000000 1.000000 0.181753 -8.665145 9.418827 -7.816244 10.076028 
2030 1.000000 1.000000 0.176915 -8.785693 9.292826 -7.975386 10.121939 
2040 1.000000 1.000000 0.181176 -8.899862 9.212816 -7.658190 9.838680 
2050 1.000000 1.000000 0.191147 -9.012260 9.178917 -7.394777 9.439878 
2060 1.000000 1.000000 0.200909 -9.112689 9.178292 -7.467804 8.982534 
2070 1.000000 1.000000 0.209609 -9.214926 9.205196 -7.760758 8.626975 
2080 1.000000 1.000000 0.214004 -9.313084 9.263153 -8.151241 8.350956 
